availability,date,listing_id,rate
False,2016-05-29,1686784,145.0
False,2016-05-30,1686784,350.0
False,2016-05-31,1686784,375.0
False,2016-06-01,1686784,340.0
False,2016-06-02,1686784,350.0
False,2016-06-03,1686784,290.0
False,2016-06-04,1686784,450.0
False,2016-06-05,1686784,431.0
False,2016-06-06,1686784,449.0
False,2016-06-07,1686784,449.0
False,2016-06-08,1686784,449.0
False,2016-06-09,1686784,449.0
False,2016-06-10,1686784,619.0
False,2016-06-11,1686784,619.0
False,2016-06-12,1686784,433.0
False,2016-06-13,1686784,355.0
False,2016-06-14,1686784,390.0
False,2016-06-15,1686784,356.0
False,2016-06-16,1686784,549.0
False,2016-06-17,1686784,619.0
False,2016-06-18,1686784,649.0
True,2016-06-19,1686784,500.0
False,2016-06-20,1686784,550.0
False,2016-06-21,1686784,550.0
False,2016-06-22,1686784,550.0
False,2016-06-23,1686784,550.0
False,2016-06-24,1686784,575.0
False,2016-06-25,1686784,575.0
False,2016-06-26,1686784,475.0
False,2016-06-27,1686784,475.0
False,2016-06-28,1686784,519.0
False,2016-06-29,1686784,519.0
False,2016-06-30,1686784,519.0
True,2016-07-01,1686784,290.0
False,2016-07-02,1686784,375.0
False,2016-07-03,1686784,290.0
False,2016-07-04,1686784,550.0
False,2016-07-05,1686784,550.0
False,2016-07-06,1686784,300.0
False,2016-07-07,1686784,275.0
True,2016-07-08,1686784,275.0
False,2016-07-09,1686784,649.0
False,2016-07-10,1686784,500.0
False,2016-07-11,1686784,500.0
False,2016-07-12,1686784,549.0
False,2016-07-13,1686784,549.0
False,2016-07-14,1686784,549.0
False,2016-07-15,1686784,649.0
False,2016-07-16,1686784,649.0
True,2016-07-17,1686784,325.0
True,2016-07-18,1686784,325.0
False,2016-07-19,1686784,549.0
False,2016-07-20,1686784,549.0
False,2016-07-21,1686784,549.0
False,2016-07-22,1686784,600.0
False,2016-07-23,1686784,600.0
True,2016-07-24,1686784,400.0
True,2016-07-25,1686784,500.0
True,2016-07-26,1686784,500.0
False,2016-07-27,1686784,450.0
False,2016-07-28,1686784,450.0
False,2016-07-29,1686784,450.0
False,2016-07-30,1686784,649.0
False,2016-07-31,1686784,550.0
False,2016-08-01,1686784,575.0
False,2016-08-02,1686784,619.0
False,2016-08-03,1686784,619.0
False,2016-08-04,1686784,619.0
False,2016-08-05,1686784,619.0
False,2016-08-06,1686784,500.0
False,2016-08-07,1686784,500.0
False,2016-08-08,1686784,500.0
False,2016-08-09,1686784,500.0
False,2016-08-10,1686784,549.0
False,2016-08-11,1686784,549.0
False,2016-08-12,1686784,649.0
False,2016-08-13,1686784,649.0
False,2016-08-14,1686784,549.0
False,2016-08-15,1686784,549.0
False,2016-08-16,1686784,549.0
True,2016-08-17,1686784,500.0
True,2016-08-18,1686784,500.0
True,2016-08-19,1686784,650.0
True,2016-08-20,1686784,650.0
True,2016-08-21,1686784,500.0
True,2016-08-22,1686784,500.0
False,2016-08-23,1686784,579.0
False,2016-08-24,1686784,619.0
False,2016-08-25,1686784,619.0
False,2016-08-26,1686784,619.0
False,2016-08-27,1686784,619.0
False,2016-08-28,1686784,579.0
False,2016-08-29,1686784,549.0
True,2016-08-30,1686784,500.0
False,2016-08-31,1686784,550.0
False,2016-09-01,1686784,550.0
False,2016-09-02,1686784,600.0
True,2016-09-03,1686784,550.0
True,2016-05-29,13187588,273.0
True,2016-05-30,13187588,273.0
True,2016-05-31,13187588,273.0
True,2016-06-01,13187588,273.0
True,2016-06-02,13187588,273.0
True,2016-06-03,13187588,325.0
True,2016-06-04,13187588,250.0
False,2016-06-05,13187588,250.0
False,2016-06-06,13187588,273.0
False,2016-06-07,13187588,273.0
False,2016-06-08,13187588,273.0
False,2016-06-09,13187588,273.0
False,2016-06-10,13187588,325.0
False,2016-06-11,13187588,325.0
False,2016-06-12,13187588,273.0
False,2016-06-13,13187588,273.0
False,2016-06-14,13187588,250.0
True,2016-06-15,13187588,250.0
True,2016-06-16,13187588,250.0
True,2016-06-17,13187588,250.0
True,2016-06-18,13187588,250.0
False,2016-06-19,13187588,250.0
False,2016-06-20,13187588,250.0
False,2016-06-21,13187588,250.0
False,2016-06-22,13187588,250.0
False,2016-06-23,13187588,250.0
False,2016-06-24,13187588,250.0
False,2016-06-25,13187588,262.0
False,2016-06-26,13187588,250.0
False,2016-06-27,13187588,250.0
False,2016-06-28,13187588,250.0
False,2016-06-29,13187588,250.0
False,2016-06-30,13187588,250.0
True,2016-07-01,13187588,250.0
True,2016-07-02,13187588,250.0
False,2016-07-03,13187588,250.0
False,2016-07-04,13187588,250.0
False,2016-07-05,13187588,250.0
False,2016-07-06,13187588,250.0
False,2016-07-07,13187588,250.0
True,2016-07-08,13187588,250.0
True,2016-07-09,13187588,250.0
True,2016-07-10,13187588,250.0
True,2016-07-11,13187588,250.0
True,2016-07-12,13187588,250.0
True,2016-07-13,13187588,250.0
False,2016-07-14,13187588,250.0
False,2016-07-15,13187588,250.0
False,2016-07-16,13187588,250.0
False,2016-07-17,13187588,250.0
False,2016-07-18,13187588,250.0
False,2016-07-19,13187588,250.0
False,2016-07-20,13187588,250.0
False,2016-07-21,13187588,250.0
False,2016-07-22,13187588,250.0
False,2016-07-23,13187588,250.0
False,2016-07-24,13187588,250.0
False,2016-07-25,13187588,250.0
False,2016-07-26,13187588,250.0
False,2016-07-27,13187588,250.0
True,2016-07-28,13187588,250.0
False,2016-07-29,13187588,250.0
False,2016-07-30,13187588,250.0
False,2016-07-31,13187588,250.0
False,2016-08-01,13187588,250.0
False,2016-08-02,13187588,250.0
False,2016-08-03,13187588,250.0
False,2016-08-04,13187588,250.0
False,2016-08-05,13187588,250.0
False,2016-08-06,13187588,250.0
False,2016-08-07,13187588,250.0
False,2016-08-08,13187588,250.0
False,2016-08-09,13187588,250.0
False,2016-08-10,13187588,250.0
False,2016-08-11,13187588,250.0
False,2016-08-12,13187588,250.0
False,2016-08-13,13187588,250.0
False,2016-08-14,13187588,250.0
False,2016-08-15,13187588,250.0
False,2016-08-16,13187588,250.0
False,2016-08-17,13187588,250.0
False,2016-08-18,13187588,250.0
False,2016-08-19,13187588,250.0
False,2016-08-20,13187588,250.0
False,2016-08-21,13187588,250.0
False,2016-08-22,13187588,250.0
False,2016-08-23,13187588,250.0
True,2016-08-24,13187588,250.0
False,2016-08-25,13187588,250.0
False,2016-08-26,13187588,250.0
False,2016-08-27,13187588,250.0
False,2016-08-28,13187588,250.0
False,2016-08-29,13187588,250.0
False,2016-08-30,13187588,250.0
False,2016-08-31,13187588,250.0
False,2016-09-01,13187588,250.0
False,2016-09-02,13187588,250.0
False,2016-09-03,13187588,250.0
False,2016-05-29,8084285,190.0
False,2016-05-30,8084285,190.0
False,2016-05-31,8084285,190.0
False,2016-06-01,8084285,190.0
False,2016-06-02,8084285,190.0
False,2016-06-03,8084285,190.0
False,2016-06-04,8084285,190.0
False,2016-06-05,8084285,190.0
False,2016-06-06,8084285,190.0
False,2016-06-07,8084285,190.0
False,2016-06-08,8084285,190.0
False,2016-06-09,8084285,190.0
False,2016-06-10,8084285,190.0
False,2016-06-11,8084285,190.0
False,2016-06-12,8084285,190.0
False,2016-06-13,8084285,190.0
False,2016-06-14,8084285,190.0
False,2016-06-15,8084285,190.0
False,2016-06-16,8084285,190.0
False,2016-06-17,8084285,190.0
False,2016-06-18,8084285,190.0
False,2016-06-19,8084285,190.0
False,2016-06-20,8084285,190.0
False,2016-06-21,8084285,190.0
False,2016-06-22,8084285,190.0
False,2016-06-23,8084285,190.0
False,2016-06-24,8084285,190.0
False,2016-06-25,8084285,190.0
False,2016-06-26,8084285,190.0
False,2016-06-27,8084285,190.0
False,2016-06-28,8084285,190.0
False,2016-06-29,8084285,190.0
False,2016-06-30,8084285,190.0
False,2016-07-01,8084285,190.0
False,2016-07-02,8084285,190.0
False,2016-07-03,8084285,190.0
False,2016-07-04,8084285,190.0
False,2016-07-05,8084285,190.0
False,2016-07-06,8084285,190.0
False,2016-07-07,8084285,190.0
False,2016-07-08,8084285,190.0
False,2016-07-09,8084285,190.0
False,2016-07-10,8084285,190.0
False,2016-07-11,8084285,190.0
False,2016-07-12,8084285,190.0
False,2016-07-13,8084285,190.0
False,2016-07-14,8084285,190.0
False,2016-07-15,8084285,190.0
False,2016-07-16,8084285,190.0
False,2016-07-17,8084285,190.0
False,2016-07-18,8084285,190.0
False,2016-07-19,8084285,190.0
False,2016-07-20,8084285,190.0
False,2016-07-21,8084285,190.0
False,2016-07-22,8084285,190.0
False,2016-07-23,8084285,190.0
False,2016-07-24,8084285,190.0
False,2016-07-25,8084285,190.0
False,2016-07-26,8084285,190.0
False,2016-07-27,8084285,190.0
False,2016-07-28,8084285,190.0
False,2016-07-29,8084285,190.0
False,2016-07-30,8084285,250.0
False,2016-07-31,8084285,208.0
False,2016-08-01,8084285,208.0
False,2016-08-02,8084285,208.0
False,2016-08-03,8084285,208.0
False,2016-08-04,8084285,208.0
False,2016-08-05,8084285,300.0
False,2016-08-06,8084285,300.0
False,2016-08-07,8084285,208.0
False,2016-08-08,8084285,208.0
True,2016-08-09,8084285,208.0
False,2016-08-10,8084285,208.0
False,2016-08-11,8084285,208.0
False,2016-08-12,8084285,300.0
False,2016-08-13,8084285,300.0
False,2016-08-14,8084285,181.0
False,2016-08-15,8084285,181.0
False,2016-08-16,8084285,181.0
False,2016-08-17,8084285,181.0
False,2016-08-18,8084285,181.0
False,2016-08-19,8084285,300.0
True,2016-08-20,8084285,265.0
True,2016-08-21,8084285,181.0
True,2016-08-22,8084285,181.0
False,2016-08-23,8084285,181.0
True,2016-08-24,8084285,181.0
False,2016-08-25,8084285,181.0
False,2016-08-26,8084285,190.0
False,2016-08-27,8084285,190.0
False,2016-08-28,8084285,190.0
False,2016-08-29,8084285,190.0
False,2016-08-30,8084285,190.0
False,2016-08-31,8084285,190.0
False,2016-09-01,8084285,190.0
False,2016-09-02,8084285,190.0
False,2016-09-03,8084285,190.0
False,2016-05-29,6262273,295.0
False,2016-05-30,6262273,295.0
False,2016-05-31,6262273,295.0
False,2016-06-01,6262273,295.0
False,2016-06-02,6262273,295.0
False,2016-06-03,6262273,295.0
False,2016-06-04,6262273,295.0
False,2016-06-05,6262273,295.0
False,2016-06-06,6262273,295.0
False,2016-06-07,6262273,295.0
False,2016-06-08,6262273,295.0
False,2016-06-09,6262273,295.0
False,2016-06-10,6262273,295.0
False,2016-06-11,6262273,295.0
False,2016-06-12,6262273,295.0
False,2016-06-13,6262273,295.0
False,2016-06-14,6262273,295.0
False,2016-06-15,6262273,295.0
False,2016-06-16,6262273,295.0
False,2016-06-17,6262273,295.0
False,2016-06-18,6262273,295.0
False,2016-06-19,6262273,295.0
False,2016-06-20,6262273,295.0
False,2016-06-21,6262273,295.0
False,2016-06-22,6262273,295.0
False,2016-06-23,6262273,295.0
False,2016-06-24,6262273,295.0
False,2016-06-25,6262273,295.0
False,2016-06-26,6262273,295.0
False,2016-06-27,6262273,295.0
False,2016-06-28,6262273,295.0
False,2016-06-29,6262273,295.0
False,2016-06-30,6262273,295.0
False,2016-07-01,6262273,295.0
False,2016-07-02,6262273,295.0
False,2016-07-03,6262273,295.0
False,2016-07-04,6262273,295.0
False,2016-07-05,6262273,295.0
False,2016-07-06,6262273,295.0
False,2016-07-07,6262273,295.0
False,2016-07-08,6262273,295.0
False,2016-07-09,6262273,295.0
False,2016-07-10,6262273,295.0
False,2016-07-11,6262273,295.0
False,2016-07-12,6262273,295.0
False,2016-07-13,6262273,295.0
False,2016-07-14,6262273,295.0
False,2016-07-15,6262273,295.0
False,2016-07-16,6262273,295.0
False,2016-07-17,6262273,295.0
False,2016-07-18,6262273,295.0
False,2016-07-19,6262273,295.0
False,2016-07-20,6262273,295.0
False,2016-07-21,6262273,295.0
False,2016-07-22,6262273,295.0
False,2016-07-23,6262273,295.0
False,2016-07-24,6262273,295.0
False,2016-07-25,6262273,295.0
False,2016-07-26,6262273,295.0
False,2016-07-27,6262273,295.0
False,2016-07-28,6262273,305.0
False,2016-07-29,6262273,311.0
False,2016-07-30,6262273,312.0
True,2016-07-31,6262273,295.0
False,2016-08-01,6262273,295.0
False,2016-08-02,6262273,295.0
False,2016-08-03,6262273,295.0
False,2016-08-04,6262273,295.0
False,2016-08-05,6262273,295.0
False,2016-08-06,6262273,295.0
False,2016-08-07,6262273,295.0
False,2016-08-08,6262273,295.0
False,2016-08-09,6262273,295.0
False,2016-08-10,6262273,295.0
False,2016-08-11,6262273,295.0
False,2016-08-12,6262273,295.0
False,2016-08-13,6262273,295.0
False,2016-08-14,6262273,295.0
False,2016-08-15,6262273,295.0
False,2016-08-16,6262273,295.0
False,2016-08-17,6262273,295.0
False,2016-08-18,6262273,295.0
False,2016-08-19,6262273,295.0
False,2016-08-20,6262273,295.0
False,2016-08-21,6262273,295.0
False,2016-08-22,6262273,295.0
False,2016-08-23,6262273,295.0
False,2016-08-24,6262273,295.0
False,2016-08-25,6262273,295.0
False,2016-08-26,6262273,295.0
False,2016-08-27,6262273,295.0
False,2016-08-28,6262273,295.0
False,2016-08-29,6262273,295.0
False,2016-08-30,6262273,295.0
False,2016-08-31,6262273,295.0
False,2016-09-01,6262273,295.0
False,2016-09-02,6262273,295.0
False,2016-09-03,6262273,295.0
False,2016-05-29,275464,175.0
False,2016-05-30,275464,175.0
False,2016-05-31,275464,175.0
True,2016-06-01,275464,135.0
False,2016-06-02,275464,135.0
False,2016-06-03,275464,200.0
False,2016-06-04,275464,200.0
False,2016-06-05,275464,135.0
False,2016-06-06,275464,135.0
False,2016-06-07,275464,135.0
False,2016-06-08,275464,135.0
False,2016-06-09,275464,135.0
False,2016-06-10,275464,200.0
False,2016-06-11,275464,200.0
False,2016-06-12,275464,135.0
True,2016-06-13,275464,135.0
False,2016-06-14,275464,175.0
False,2016-06-15,275464,175.0
False,2016-06-16,275464,175.0
False,2016-06-17,275464,175.0
False,2016-06-18,275464,175.0
True,2016-06-19,275464,175.0
True,2016-06-20,275464,135.0
False,2016-06-21,275464,135.0
False,2016-06-22,275464,135.0
False,2016-06-23,275464,135.0
False,2016-06-24,275464,175.0
False,2016-06-25,275464,175.0
False,2016-06-26,275464,135.0
True,2016-06-27,275464,135.0
False,2016-06-28,275464,135.0
False,2016-06-29,275464,135.0
False,2016-06-30,275464,135.0
False,2016-07-01,275464,175.0
False,2016-07-02,275464,175.0
False,2016-07-03,275464,135.0
False,2016-07-04,275464,135.0
False,2016-07-05,275464,135.0
False,2016-07-06,275464,135.0
False,2016-07-07,275464,135.0
True,2016-07-08,275464,175.0
False,2016-07-09,275464,175.0
False,2016-07-10,275464,200.0
False,2016-07-11,275464,200.0
False,2016-07-12,275464,200.0
False,2016-07-13,275464,200.0
True,2016-07-14,275464,135.0
True,2016-07-15,275464,175.0
False,2016-07-16,275464,175.0
False,2016-07-17,275464,135.0
False,2016-07-18,275464,135.0
False,2016-07-19,275464,135.0
True,2016-07-20,275464,135.0
False,2016-07-21,275464,175.0
False,2016-07-22,275464,175.0
False,2016-07-23,275464,175.0
False,2016-07-24,275464,175.0
False,2016-07-25,275464,175.0
False,2016-07-26,275464,175.0
False,2016-07-27,275464,175.0
False,2016-07-28,275464,135.0
False,2016-07-29,275464,175.0
False,2016-07-30,275464,175.0
False,2016-07-31,275464,135.0
False,2016-08-01,275464,135.0
False,2016-08-02,275464,135.0
False,2016-08-03,275464,135.0
False,2016-08-04,275464,135.0
False,2016-08-05,275464,175.0
False,2016-08-06,275464,175.0
False,2016-08-07,275464,135.0
False,2016-08-08,275464,135.0
False,2016-08-09,275464,135.0
False,2016-08-10,275464,135.0
False,2016-08-11,275464,135.0
False,2016-08-12,275464,175.0
False,2016-08-13,275464,175.0
False,2016-08-14,275464,135.0
False,2016-08-15,275464,135.0
False,2016-08-16,275464,135.0
False,2016-08-17,275464,135.0
False,2016-08-18,275464,135.0
False,2016-08-19,275464,175.0
False,2016-08-20,275464,175.0
False,2016-08-21,275464,135.0
False,2016-08-22,275464,135.0
False,2016-08-23,275464,135.0
False,2016-08-24,275464,135.0
False,2016-08-25,275464,135.0
False,2016-08-26,275464,175.0
False,2016-08-27,275464,175.0
False,2016-08-28,275464,135.0
False,2016-08-29,275464,135.0
False,2016-08-30,275464,135.0
False,2016-08-31,275464,135.0
False,2016-09-01,275464,135.0
False,2016-09-02,275464,175.0
False,2016-09-03,275464,175.0
False,2016-05-29,3663532,175.0
False,2016-05-30,3663532,175.0
False,2016-05-31,3663532,175.0
True,2016-06-01,3663532,105.0
False,2016-06-02,3663532,160.0
False,2016-06-03,3663532,160.0
False,2016-06-04,3663532,160.0
False,2016-06-05,3663532,230.0
False,2016-06-06,3663532,230.0
False,2016-06-07,3663532,230.0
False,2016-06-08,3663532,230.0
False,2016-06-09,3663532,230.0
False,2016-06-10,3663532,230.0
False,2016-06-11,3663532,120.0
False,2016-06-12,3663532,230.0
False,2016-06-13,3663532,230.0
False,2016-06-14,3663532,230.0
False,2016-06-15,3663532,230.0
False,2016-06-16,3663532,230.0
False,2016-06-17,3663532,165.0
False,2016-06-18,3663532,165.0
False,2016-06-19,3663532,165.0
False,2016-06-20,3663532,200.0
False,2016-06-21,3663532,200.0
False,2016-06-22,3663532,205.0
False,2016-06-23,3663532,215.0
False,2016-06-24,3663532,215.0
False,2016-06-25,3663532,215.0
False,2016-06-26,3663532,205.0
False,2016-06-27,3663532,205.0
False,2016-06-28,3663532,205.0
False,2016-06-29,3663532,205.0
False,2016-06-30,3663532,205.0
False,2016-07-01,3663532,134.0
False,2016-07-02,3663532,155.0
True,2016-07-03,3663532,121.0
False,2016-07-04,3663532,125.0
False,2016-07-05,3663532,125.0
False,2016-07-06,3663532,125.0
False,2016-07-07,3663532,125.0
False,2016-07-08,3663532,155.0
False,2016-07-09,3663532,155.0
False,2016-07-10,3663532,200.0
False,2016-07-11,3663532,200.0
False,2016-07-12,3663532,200.0
False,2016-07-13,3663532,200.0
True,2016-07-14,3663532,125.0
False,2016-07-15,3663532,175.0
False,2016-07-16,3663532,180.0
False,2016-07-17,3663532,130.0
False,2016-07-18,3663532,130.0
False,2016-07-19,3663532,180.0
False,2016-07-20,3663532,180.0
False,2016-07-21,3663532,170.0
True,2016-07-22,3663532,150.0
True,2016-07-23,3663532,150.0
False,2016-07-24,3663532,190.0
False,2016-07-25,3663532,190.0
False,2016-07-26,3663532,185.0
False,2016-07-27,3663532,185.0
False,2016-07-28,3663532,185.0
False,2016-07-29,3663532,175.0
False,2016-07-30,3663532,175.0
False,2016-07-31,3663532,175.0
True,2016-08-01,3663532,125.0
False,2016-08-02,3663532,215.0
False,2016-08-03,3663532,215.0
False,2016-08-04,3663532,215.0
False,2016-08-05,3663532,225.0
False,2016-08-06,3663532,170.0
False,2016-08-07,3663532,170.0
False,2016-08-08,3663532,170.0
False,2016-08-09,3663532,175.0
False,2016-08-10,3663532,175.0
False,2016-08-11,3663532,175.0
False,2016-08-12,3663532,175.0
False,2016-08-13,3663532,170.0
False,2016-08-14,3663532,170.0
False,2016-08-15,3663532,170.0
True,2016-08-16,3663532,145.0
False,2016-08-17,3663532,175.0
False,2016-08-18,3663532,175.0
False,2016-08-19,3663532,175.0
False,2016-08-20,3663532,175.0
False,2016-08-21,3663532,175.0
False,2016-08-22,3663532,175.0
False,2016-08-23,3663532,175.0
True,2016-08-24,3663532,175.0
True,2016-08-25,3663532,175.0
True,2016-08-26,3663532,175.0
True,2016-08-27,3663532,175.0
True,2016-08-28,3663532,175.0
True,2016-08-29,3663532,175.0
True,2016-08-30,3663532,175.0
True,2016-08-31,3663532,175.0
True,2016-09-01,3663532,175.0
True,2016-09-02,3663532,175.0
True,2016-09-03,3663532,175.0
True,2016-05-29,4191242,250.0
True,2016-05-30,4191242,250.0
False,2016-05-31,4191242,250.0
False,2016-06-01,4191242,150.0
False,2016-06-02,4191242,150.0
False,2016-06-03,4191242,275.0
False,2016-06-04,4191242,275.0
False,2016-06-05,4191242,250.0
False,2016-06-06,4191242,250.0
False,2016-06-07,4191242,250.0
False,2016-06-08,4191242,250.0
False,2016-06-09,4191242,250.0
False,2016-06-10,4191242,275.0
False,2016-06-11,4191242,275.0
False,2016-06-12,4191242,250.0
False,2016-06-13,4191242,250.0
False,2016-06-14,4191242,250.0
False,2016-06-15,4191242,250.0
False,2016-06-16,4191242,250.0
False,2016-06-17,4191242,275.0
False,2016-06-18,4191242,275.0
False,2016-06-19,4191242,250.0
False,2016-06-20,4191242,250.0
False,2016-06-21,4191242,250.0
False,2016-06-22,4191242,250.0
False,2016-06-23,4191242,250.0
False,2016-06-24,4191242,275.0
False,2016-06-25,4191242,275.0
False,2016-06-26,4191242,250.0
False,2016-06-27,4191242,250.0
False,2016-06-28,4191242,250.0
False,2016-06-29,4191242,250.0
False,2016-06-30,4191242,250.0
False,2016-07-01,4191242,275.0
False,2016-07-02,4191242,275.0
False,2016-07-03,4191242,250.0
True,2016-07-04,4191242,250.0
False,2016-07-05,4191242,250.0
False,2016-07-06,4191242,250.0
False,2016-07-07,4191242,250.0
False,2016-07-08,4191242,275.0
False,2016-07-09,4191242,275.0
False,2016-07-10,4191242,250.0
False,2016-07-11,4191242,250.0
False,2016-07-12,4191242,250.0
False,2016-07-13,4191242,250.0
False,2016-07-14,4191242,250.0
False,2016-07-15,4191242,275.0
False,2016-07-16,4191242,275.0
False,2016-07-17,4191242,250.0
False,2016-07-18,4191242,250.0
False,2016-07-19,4191242,250.0
True,2016-07-20,4191242,250.0
True,2016-07-21,4191242,250.0
True,2016-07-22,4191242,275.0
False,2016-07-23,4191242,275.0
False,2016-07-24,4191242,250.0
False,2016-07-25,4191242,250.0
False,2016-07-26,4191242,250.0
False,2016-07-27,4191242,250.0
False,2016-07-28,4191242,250.0
False,2016-07-29,4191242,275.0
False,2016-07-30,4191242,275.0
False,2016-07-31,4191242,250.0
False,2016-08-01,4191242,250.0
False,2016-08-02,4191242,250.0
False,2016-08-03,4191242,250.0
False,2016-08-04,4191242,250.0
False,2016-08-05,4191242,275.0
False,2016-08-06,4191242,275.0
False,2016-08-07,4191242,250.0
True,2016-08-08,4191242,250.0
False,2016-08-09,4191242,250.0
False,2016-08-10,4191242,250.0
False,2016-08-11,4191242,250.0
False,2016-08-12,4191242,275.0
False,2016-08-13,4191242,275.0
False,2016-08-14,4191242,250.0
False,2016-08-15,4191242,250.0
True,2016-08-16,4191242,250.0
True,2016-08-17,4191242,250.0
False,2016-08-18,4191242,250.0
False,2016-08-19,4191242,275.0
False,2016-08-20,4191242,275.0
True,2016-08-21,4191242,250.0
True,2016-08-22,4191242,250.0
True,2016-08-23,4191242,250.0
True,2016-08-24,4191242,250.0
True,2016-08-25,4191242,250.0
True,2016-08-26,4191242,275.0
True,2016-08-27,4191242,275.0
True,2016-08-28,4191242,250.0
True,2016-08-29,4191242,250.0
True,2016-08-30,4191242,250.0
True,2016-08-31,4191242,250.0
True,2016-09-01,4191242,250.0
True,2016-09-02,4191242,275.0
True,2016-09-03,4191242,275.0
False,2016-05-29,13800346,400.0
False,2016-05-30,13800346,400.0
False,2016-05-31,13800346,400.0
False,2016-06-01,13800346,400.0
False,2016-06-02,13800346,400.0
False,2016-06-03,13800346,400.0
False,2016-06-04,13800346,400.0
False,2016-06-05,13800346,400.0
False,2016-06-06,13800346,400.0
False,2016-06-07,13800346,400.0
False,2016-06-08,13800346,400.0
False,2016-06-09,13800346,400.0
False,2016-06-10,13800346,400.0
False,2016-06-11,13800346,400.0
False,2016-06-12,13800346,400.0
False,2016-06-13,13800346,400.0
False,2016-06-14,13800346,400.0
False,2016-06-15,13800346,400.0
False,2016-06-16,13800346,400.0
False,2016-06-17,13800346,400.0
False,2016-06-18,13800346,400.0
False,2016-06-19,13800346,400.0
False,2016-06-20,13800346,400.0
False,2016-06-21,13800346,400.0
False,2016-06-22,13800346,400.0
False,2016-06-23,13800346,400.0
False,2016-06-24,13800346,400.0
False,2016-06-25,13800346,400.0
False,2016-06-26,13800346,400.0
False,2016-06-27,13800346,400.0
False,2016-06-28,13800346,400.0
False,2016-06-29,13800346,400.0
False,2016-06-30,13800346,400.0
False,2016-07-01,13800346,400.0
False,2016-07-02,13800346,400.0
False,2016-07-03,13800346,400.0
False,2016-07-04,13800346,400.0
False,2016-07-05,13800346,400.0
False,2016-07-06,13800346,400.0
False,2016-07-07,13800346,400.0
False,2016-07-08,13800346,400.0
False,2016-07-09,13800346,400.0
False,2016-07-10,13800346,400.0
False,2016-07-11,13800346,400.0
False,2016-07-12,13800346,400.0
False,2016-07-13,13800346,400.0
False,2016-07-14,13800346,400.0
False,2016-07-15,13800346,400.0
False,2016-07-16,13800346,400.0
False,2016-07-17,13800346,400.0
False,2016-07-18,13800346,400.0
False,2016-07-19,13800346,400.0
False,2016-07-20,13800346,400.0
False,2016-07-21,13800346,400.0
False,2016-07-22,13800346,300.0
False,2016-07-23,13800346,300.0
False,2016-07-24,13800346,400.0
False,2016-07-25,13800346,400.0
False,2016-07-26,13800346,400.0
False,2016-07-27,13800346,400.0
False,2016-07-28,13800346,400.0
False,2016-07-29,13800346,320.0
False,2016-07-30,13800346,320.0
False,2016-07-31,13800346,400.0
False,2016-08-01,13800346,400.0
False,2016-08-02,13800346,400.0
False,2016-08-03,13800346,400.0
False,2016-08-04,13800346,400.0
False,2016-08-05,13800346,400.0
False,2016-08-06,13800346,400.0
False,2016-08-07,13800346,400.0
False,2016-08-08,13800346,400.0
False,2016-08-09,13800346,400.0
False,2016-08-10,13800346,400.0
False,2016-08-11,13800346,400.0
False,2016-08-12,13800346,400.0
False,2016-08-13,13800346,400.0
False,2016-08-14,13800346,400.0
False,2016-08-15,13800346,400.0
False,2016-08-16,13800346,400.0
False,2016-08-17,13800346,400.0
False,2016-08-18,13800346,400.0
False,2016-08-19,13800346,400.0
False,2016-08-20,13800346,400.0
False,2016-08-21,13800346,400.0
False,2016-08-22,13800346,400.0
False,2016-08-23,13800346,400.0
False,2016-08-24,13800346,400.0
False,2016-08-25,13800346,400.0
False,2016-08-26,13800346,400.0
False,2016-08-27,13800346,400.0
False,2016-08-28,13800346,400.0
False,2016-08-29,13800346,400.0
False,2016-08-30,13800346,400.0
False,2016-08-31,13800346,400.0
False,2016-09-01,13800346,400.0
False,2016-09-02,13800346,400.0
False,2016-09-03,13800346,400.0
False,2016-05-29,3384413,327.0
True,2016-05-30,3384413,327.0
False,2016-05-31,3384413,327.0
False,2016-06-01,3384413,327.0
False,2016-06-02,3384413,327.0
False,2016-06-03,3384413,327.0
False,2016-06-04,3384413,327.0
False,2016-06-05,3384413,327.0
False,2016-06-06,3384413,327.0
False,2016-06-07,3384413,327.0
False,2016-06-08,3384413,327.0
False,2016-06-09,3384413,327.0
False,2016-06-10,3384413,327.0
False,2016-06-11,3384413,327.0
False,2016-06-12,3384413,437.0
False,2016-06-13,3384413,457.0
False,2016-06-14,3384413,457.0
False,2016-06-15,3384413,457.0
False,2016-06-16,3384413,457.0
False,2016-06-17,3384413,427.0
False,2016-06-18,3384413,377.0
False,2016-06-19,3384413,377.0
False,2016-06-20,3384413,327.0
False,2016-06-21,3384413,327.0
False,2016-06-22,3384413,327.0
False,2016-06-23,3384413,327.0
True,2016-06-24,3384413,497.0
True,2016-06-25,3384413,497.0
False,2016-06-26,3384413,327.0
False,2016-06-27,3384413,327.0
False,2016-06-28,3384413,327.0
False,2016-06-29,3384413,327.0
False,2016-06-30,3384413,327.0
False,2016-07-01,3384413,257.0
False,2016-07-02,3384413,257.0
False,2016-07-03,3384413,257.0
False,2016-07-04,3384413,257.0
False,2016-07-05,3384413,257.0
False,2016-07-06,3384413,257.0
False,2016-07-07,3384413,257.0
False,2016-07-08,3384413,257.0
False,2016-07-09,3384413,257.0
False,2016-07-10,3384413,257.0
False,2016-07-11,3384413,257.0
False,2016-07-12,3384413,257.0
False,2016-07-13,3384413,257.0
False,2016-07-14,3384413,257.0
False,2016-07-15,3384413,257.0
False,2016-07-16,3384413,257.0
False,2016-07-17,3384413,257.0
False,2016-07-18,3384413,257.0
False,2016-07-19,3384413,257.0
False,2016-07-20,3384413,257.0
False,2016-07-21,3384413,257.0
True,2016-07-22,3384413,377.0
True,2016-07-23,3384413,377.0
True,2016-07-24,3384413,377.0
True,2016-07-25,3384413,377.0
False,2016-07-26,3384413,357.0
False,2016-07-27,3384413,257.0
False,2016-07-28,3384413,357.0
False,2016-07-29,3384413,397.0
False,2016-07-30,3384413,397.0
False,2016-07-31,3384413,357.0
False,2016-08-01,3384413,357.0
False,2016-08-02,3384413,257.0
False,2016-08-03,3384413,257.0
False,2016-08-04,3384413,257.0
False,2016-08-05,3384413,257.0
False,2016-08-06,3384413,257.0
False,2016-08-07,3384413,257.0
False,2016-08-08,3384413,257.0
False,2016-08-09,3384413,257.0
False,2016-08-10,3384413,257.0
False,2016-08-11,3384413,257.0
False,2016-08-12,3384413,257.0
False,2016-08-13,3384413,257.0
False,2016-08-14,3384413,257.0
False,2016-08-15,3384413,257.0
False,2016-08-16,3384413,257.0
False,2016-08-17,3384413,257.0
False,2016-08-18,3384413,257.0
False,2016-08-19,3384413,257.0
False,2016-08-20,3384413,257.0
False,2016-08-21,3384413,257.0
False,2016-08-22,3384413,257.0
False,2016-08-23,3384413,257.0
False,2016-08-24,3384413,257.0
False,2016-08-25,3384413,257.0
False,2016-08-26,3384413,257.0
False,2016-08-27,3384413,257.0
False,2016-08-28,3384413,257.0
False,2016-08-29,3384413,257.0
False,2016-08-30,3384413,257.0
False,2016-08-31,3384413,257.0
False,2016-09-01,3384413,257.0
False,2016-09-02,3384413,257.0
False,2016-09-03,3384413,257.0
False,2016-05-29,13031597,500.0
False,2016-05-30,13031597,500.0
True,2016-05-31,13031597,500.0
True,2016-06-01,13031597,500.0
True,2016-06-02,13031597,500.0
True,2016-06-03,13031597,500.0
True,2016-06-04,13031597,500.0
False,2016-06-05,13031597,500.0
False,2016-06-06,13031597,500.0
False,2016-06-07,13031597,500.0
False,2016-06-08,13031597,500.0
False,2016-06-09,13031597,500.0
False,2016-06-10,13031597,500.0
False,2016-06-11,13031597,500.0
False,2016-06-12,13031597,500.0
False,2016-06-13,13031597,500.0
False,2016-06-14,13031597,500.0
False,2016-06-15,13031597,500.0
False,2016-06-16,13031597,500.0
False,2016-06-17,13031597,500.0
False,2016-06-18,13031597,500.0
False,2016-06-19,13031597,500.0
False,2016-06-20,13031597,500.0
False,2016-06-21,13031597,500.0
False,2016-06-22,13031597,500.0
False,2016-06-23,13031597,500.0
False,2016-06-24,13031597,500.0
False,2016-06-25,13031597,500.0
False,2016-06-26,13031597,500.0
False,2016-06-27,13031597,500.0
False,2016-06-28,13031597,500.0
False,2016-06-29,13031597,500.0
False,2016-06-30,13031597,500.0
False,2016-07-01,13031597,500.0
False,2016-07-02,13031597,500.0
False,2016-07-03,13031597,500.0
False,2016-07-04,13031597,500.0
False,2016-07-05,13031597,500.0
False,2016-07-06,13031597,375.0
False,2016-07-07,13031597,375.0
False,2016-07-08,13031597,375.0
False,2016-07-09,13031597,375.0
False,2016-07-10,13031597,375.0
False,2016-07-11,13031597,500.0
False,2016-07-12,13031597,500.0
False,2016-07-13,13031597,500.0
False,2016-07-14,13031597,500.0
False,2016-07-15,13031597,500.0
False,2016-07-16,13031597,500.0
False,2016-07-17,13031597,500.0
False,2016-07-18,13031597,500.0
False,2016-07-19,13031597,500.0
False,2016-07-20,13031597,500.0
False,2016-07-21,13031597,500.0
False,2016-07-22,13031597,500.0
False,2016-07-23,13031597,500.0
False,2016-07-24,13031597,500.0
False,2016-07-25,13031597,500.0
False,2016-07-26,13031597,500.0
False,2016-07-27,13031597,500.0
False,2016-07-28,13031597,500.0
False,2016-07-29,13031597,500.0
False,2016-07-30,13031597,500.0
False,2016-07-31,13031597,500.0
False,2016-08-01,13031597,500.0
False,2016-08-02,13031597,500.0
False,2016-08-03,13031597,500.0
False,2016-08-04,13031597,500.0
False,2016-08-05,13031597,500.0
False,2016-08-06,13031597,500.0
False,2016-08-07,13031597,500.0
False,2016-08-08,13031597,500.0
False,2016-08-09,13031597,500.0
False,2016-08-10,13031597,500.0
False,2016-08-11,13031597,500.0
False,2016-08-12,13031597,500.0
False,2016-08-13,13031597,500.0
False,2016-08-14,13031597,500.0
False,2016-08-15,13031597,500.0
False,2016-08-16,13031597,500.0
False,2016-08-17,13031597,500.0
False,2016-08-18,13031597,500.0
False,2016-08-19,13031597,500.0
False,2016-08-20,13031597,500.0
False,2016-08-21,13031597,500.0
False,2016-08-22,13031597,500.0
False,2016-08-23,13031597,500.0
False,2016-08-24,13031597,500.0
False,2016-08-25,13031597,500.0
False,2016-08-26,13031597,500.0
False,2016-08-27,13031597,500.0
False,2016-08-28,13031597,500.0
False,2016-08-29,13031597,500.0
False,2016-08-30,13031597,500.0
False,2016-08-31,13031597,500.0
False,2016-09-01,13031597,500.0
False,2016-09-02,13031597,500.0
False,2016-09-03,13031597,500.0
True,2016-05-29,1104912,149.0
True,2016-05-30,1104912,149.0
True,2016-05-31,1104912,149.0
True,2016-06-01,1104912,149.0
False,2016-06-02,1104912,169.0
False,2016-06-03,1104912,169.0
False,2016-06-04,1104912,169.0
False,2016-06-05,1104912,169.0
False,2016-06-06,1104912,169.0
False,2016-06-07,1104912,169.0
False,2016-06-08,1104912,169.0
False,2016-06-09,1104912,169.0
False,2016-06-10,1104912,129.0
False,2016-06-11,1104912,129.0
False,2016-06-12,1104912,129.0
False,2016-06-13,1104912,129.0
False,2016-06-14,1104912,169.0
False,2016-06-15,1104912,169.0
False,2016-06-16,1104912,169.0
True,2016-06-17,1104912,149.0
False,2016-06-18,1104912,169.0
False,2016-06-19,1104912,169.0
False,2016-06-20,1104912,169.0
False,2016-06-21,1104912,169.0
False,2016-06-22,1104912,169.0
False,2016-06-23,1104912,169.0
False,2016-06-24,1104912,169.0
False,2016-06-25,1104912,149.0
False,2016-06-26,1104912,176.0
False,2016-06-27,1104912,149.0
False,2016-06-28,1104912,149.0
True,2016-06-29,1104912,149.0
False,2016-06-30,1104912,149.0
False,2016-07-01,1104912,178.0
False,2016-07-02,1104912,182.0
True,2016-07-03,1104912,99.0
True,2016-07-04,1104912,99.0
False,2016-07-05,1104912,149.0
False,2016-07-06,1104912,169.0
False,2016-07-07,1104912,169.0
False,2016-07-08,1104912,169.0
False,2016-07-09,1104912,169.0
False,2016-07-10,1104912,169.0
False,2016-07-11,1104912,149.0
True,2016-07-12,1104912,149.0
False,2016-07-13,1104912,169.0
False,2016-07-14,1104912,169.0
False,2016-07-15,1104912,169.0
False,2016-07-16,1104912,169.0
False,2016-07-17,1104912,149.0
False,2016-07-18,1104912,155.0
False,2016-07-19,1104912,156.0
True,2016-07-20,1104912,149.0
False,2016-07-21,1104912,168.0
False,2016-07-22,1104912,168.0
False,2016-07-23,1104912,168.0
False,2016-07-24,1104912,149.0
False,2016-07-25,1104912,149.0
False,2016-07-26,1104912,169.0
False,2016-07-27,1104912,169.0
False,2016-07-28,1104912,169.0
False,2016-07-29,1104912,169.0
True,2016-07-30,1104912,149.0
False,2016-07-31,1104912,149.0
False,2016-08-01,1104912,149.0
False,2016-08-02,1104912,149.0
True,2016-08-03,1104912,149.0
False,2016-08-04,1104912,299.0
False,2016-08-05,1104912,299.0
False,2016-08-06,1104912,299.0
False,2016-08-07,1104912,299.0
False,2016-08-08,1104912,169.0
False,2016-08-09,1104912,169.0
False,2016-08-10,1104912,169.0
False,2016-08-11,1104912,169.0
True,2016-08-12,1104912,149.0
True,2016-08-13,1104912,149.0
False,2016-08-14,1104912,169.0
False,2016-08-15,1104912,169.0
False,2016-08-16,1104912,169.0
False,2016-08-17,1104912,169.0
False,2016-08-18,1104912,169.0
False,2016-08-19,1104912,169.0
False,2016-08-20,1104912,169.0
False,2016-08-21,1104912,169.0
False,2016-08-22,1104912,169.0
False,2016-08-23,1104912,169.0
False,2016-08-24,1104912,149.0
False,2016-08-25,1104912,162.0
False,2016-08-26,1104912,154.0
False,2016-08-27,1104912,154.0
False,2016-08-28,1104912,149.0
False,2016-08-29,1104912,169.0
False,2016-08-30,1104912,169.0
False,2016-08-31,1104912,169.0
False,2016-09-01,1104912,169.0
False,2016-09-02,1104912,149.0
False,2016-09-03,1104912,149.0
False,2016-05-29,13224465,225.0
False,2016-05-30,13224465,225.0
False,2016-05-31,13224465,225.0
False,2016-06-01,13224465,225.0
False,2016-06-02,13224465,225.0
False,2016-06-03,13224465,225.0
False,2016-06-04,13224465,225.0
False,2016-06-05,13224465,225.0
False,2016-06-06,13224465,225.0
False,2016-06-07,13224465,225.0
False,2016-06-08,13224465,225.0
False,2016-06-09,13224465,225.0
False,2016-06-10,13224465,225.0
False,2016-06-11,13224465,225.0
False,2016-06-12,13224465,225.0
False,2016-06-13,13224465,225.0
False,2016-06-14,13224465,225.0
False,2016-06-15,13224465,225.0
False,2016-06-16,13224465,225.0
False,2016-06-17,13224465,225.0
False,2016-06-18,13224465,225.0
False,2016-06-19,13224465,225.0
False,2016-06-20,13224465,225.0
False,2016-06-21,13224465,225.0
False,2016-06-22,13224465,225.0
False,2016-06-23,13224465,225.0
False,2016-06-24,13224465,225.0
False,2016-06-25,13224465,225.0
False,2016-06-26,13224465,225.0
False,2016-06-27,13224465,225.0
False,2016-06-28,13224465,225.0
False,2016-06-29,13224465,225.0
False,2016-06-30,13224465,225.0
False,2016-07-01,13224465,225.0
False,2016-07-02,13224465,225.0
False,2016-07-03,13224465,225.0
False,2016-07-04,13224465,225.0
False,2016-07-05,13224465,225.0
False,2016-07-06,13224465,225.0
False,2016-07-07,13224465,225.0
False,2016-07-08,13224465,225.0
False,2016-07-09,13224465,225.0
False,2016-07-10,13224465,225.0
False,2016-07-11,13224465,225.0
False,2016-07-12,13224465,225.0
False,2016-07-13,13224465,225.0
False,2016-07-14,13224465,225.0
False,2016-07-15,13224465,225.0
False,2016-07-16,13224465,225.0
False,2016-07-17,13224465,225.0
False,2016-07-18,13224465,225.0
False,2016-07-19,13224465,225.0
False,2016-07-20,13224465,225.0
False,2016-07-21,13224465,225.0
False,2016-07-22,13224465,225.0
False,2016-07-23,13224465,225.0
False,2016-07-24,13224465,225.0
False,2016-07-25,13224465,225.0
False,2016-07-26,13224465,225.0
False,2016-07-27,13224465,225.0
False,2016-07-28,13224465,225.0
False,2016-07-29,13224465,225.0
False,2016-07-30,13224465,225.0
False,2016-07-31,13224465,225.0
False,2016-08-01,13224465,185.0
False,2016-08-02,13224465,185.0
False,2016-08-03,13224465,185.0
False,2016-08-04,13224465,185.0
False,2016-08-05,13224465,185.0
False,2016-08-06,13224465,185.0
False,2016-08-07,13224465,185.0
False,2016-08-08,13224465,185.0
False,2016-08-09,13224465,185.0
False,2016-08-10,13224465,185.0
False,2016-08-11,13224465,185.0
False,2016-08-12,13224465,225.0
False,2016-08-13,13224465,225.0
True,2016-08-14,13224465,225.0
False,2016-08-15,13224465,185.0
False,2016-08-16,13224465,185.0
False,2016-08-17,13224465,185.0
False,2016-08-18,13224465,185.0
False,2016-08-19,13224465,185.0
False,2016-08-20,13224465,185.0
False,2016-08-21,13224465,185.0
False,2016-08-22,13224465,185.0
False,2016-08-23,13224465,185.0
False,2016-08-24,13224465,185.0
False,2016-08-25,13224465,185.0
False,2016-08-26,13224465,185.0
False,2016-08-27,13224465,185.0
False,2016-08-28,13224465,185.0
False,2016-08-29,13224465,185.0
False,2016-08-30,13224465,185.0
False,2016-08-31,13224465,185.0
False,2016-09-01,13224465,185.0
False,2016-09-02,13224465,185.0
False,2016-09-03,13224465,185.0
True,2016-05-29,11610642,275.0
True,2016-05-30,11610642,275.0
True,2016-05-31,11610642,275.0
True,2016-06-01,11610642,275.0
True,2016-06-02,11610642,275.0
False,2016-06-03,11610642,275.0
False,2016-06-04,11610642,275.0
False,2016-06-05,11610642,275.0
False,2016-06-06,11610642,275.0
False,2016-06-07,11610642,275.0
False,2016-06-08,11610642,275.0
False,2016-06-09,11610642,275.0
False,2016-06-10,11610642,275.0
False,2016-06-11,11610642,275.0
False,2016-06-12,11610642,275.0
False,2016-06-13,11610642,275.0
False,2016-06-14,11610642,275.0
False,2016-06-15,11610642,275.0
False,2016-06-16,11610642,275.0
False,2016-06-17,11610642,275.0
True,2016-06-18,11610642,275.0
False,2016-06-19,11610642,275.0
False,2016-06-20,11610642,275.0
False,2016-06-21,11610642,275.0
False,2016-06-22,11610642,275.0
False,2016-06-23,11610642,275.0
False,2016-06-24,11610642,275.0
False,2016-06-25,11610642,275.0
False,2016-06-26,11610642,275.0
False,2016-06-27,11610642,275.0
False,2016-06-28,11610642,275.0
False,2016-06-29,11610642,275.0
False,2016-06-30,11610642,275.0
False,2016-07-01,11610642,275.0
True,2016-07-02,11610642,275.0
True,2016-07-03,11610642,275.0
False,2016-07-04,11610642,275.0
False,2016-07-05,11610642,275.0
False,2016-07-06,11610642,275.0
False,2016-07-07,11610642,275.0
False,2016-07-08,11610642,275.0
False,2016-07-09,11610642,275.0
True,2016-07-10,11610642,275.0
True,2016-07-11,11610642,275.0
True,2016-07-12,11610642,275.0
True,2016-07-13,11610642,275.0
True,2016-07-14,11610642,275.0
False,2016-07-15,11610642,275.0
False,2016-07-16,11610642,275.0
False,2016-07-17,11610642,275.0
False,2016-07-18,11610642,275.0
False,2016-07-19,11610642,275.0
False,2016-07-20,11610642,275.0
False,2016-07-21,11610642,275.0
False,2016-07-22,11610642,275.0
False,2016-07-23,11610642,275.0
False,2016-07-24,11610642,275.0
False,2016-07-25,11610642,275.0
False,2016-07-26,11610642,275.0
False,2016-07-27,11610642,275.0
False,2016-07-28,11610642,275.0
False,2016-07-29,11610642,275.0
False,2016-07-30,11610642,275.0
False,2016-07-31,11610642,275.0
False,2016-08-01,11610642,275.0
False,2016-08-02,11610642,275.0
False,2016-08-03,11610642,275.0
False,2016-08-04,11610642,275.0
False,2016-08-05,11610642,275.0
False,2016-08-06,11610642,275.0
False,2016-08-07,11610642,275.0
False,2016-08-08,11610642,275.0
False,2016-08-09,11610642,275.0
False,2016-08-10,11610642,275.0
False,2016-08-11,11610642,275.0
False,2016-08-12,11610642,275.0
False,2016-08-13,11610642,275.0
False,2016-08-14,11610642,275.0
False,2016-08-15,11610642,275.0
False,2016-08-16,11610642,275.0
False,2016-08-17,11610642,275.0
False,2016-08-18,11610642,275.0
False,2016-08-19,11610642,275.0
False,2016-08-20,11610642,275.0
False,2016-08-21,11610642,275.0
False,2016-08-22,11610642,275.0
False,2016-08-23,11610642,275.0
False,2016-08-24,11610642,275.0
False,2016-08-25,11610642,275.0
False,2016-08-26,11610642,275.0
False,2016-08-27,11610642,275.0
False,2016-08-28,11610642,275.0
False,2016-08-29,11610642,275.0
False,2016-08-30,11610642,275.0
False,2016-08-31,11610642,275.0
False,2016-09-01,11610642,275.0
False,2016-09-02,11610642,275.0
False,2016-09-03,11610642,275.0
False,2016-05-29,9367751,400.0
True,2016-05-30,9367751,400.0
True,2016-05-31,9367751,400.0
True,2016-06-01,9367751,400.0
True,2016-06-02,9367751,400.0
True,2016-06-03,9367751,400.0
True,2016-06-04,9367751,400.0
False,2016-06-05,9367751,500.0
False,2016-06-06,9367751,500.0
False,2016-06-07,9367751,500.0
False,2016-06-08,9367751,500.0
False,2016-06-09,9367751,500.0
True,2016-06-10,9367751,400.0
True,2016-06-11,9367751,400.0
False,2016-06-12,9367751,500.0
False,2016-06-13,9367751,500.0
False,2016-06-14,9367751,500.0
True,2016-06-15,9367751,450.0
False,2016-06-16,9367751,500.0
False,2016-06-17,9367751,500.0
False,2016-06-18,9367751,500.0
True,2016-06-19,9367751,500.0
True,2016-06-20,9367751,500.0
False,2016-06-21,9367751,500.0
False,2016-06-22,9367751,500.0
False,2016-06-23,9367751,500.0
False,2016-06-24,9367751,500.0
False,2016-06-25,9367751,500.0
False,2016-06-26,9367751,450.0
False,2016-06-27,9367751,450.0
False,2016-06-28,9367751,450.0
False,2016-06-29,9367751,450.0
True,2016-06-30,9367751,300.0
True,2016-07-01,9367751,400.0
True,2016-07-02,9367751,400.0
True,2016-07-03,9367751,350.0
True,2016-07-04,9367751,400.0
True,2016-07-05,9367751,300.0
True,2016-07-06,9367751,300.0
True,2016-07-07,9367751,300.0
True,2016-07-08,9367751,300.0
False,2016-07-09,9367751,450.0
False,2016-07-10,9367751,400.0
False,2016-07-11,9367751,500.0
False,2016-07-12,9367751,500.0
False,2016-07-13,9367751,500.0
False,2016-07-14,9367751,500.0
False,2016-07-15,9367751,500.0
False,2016-07-16,9367751,500.0
False,2016-07-17,9367751,500.0
False,2016-07-18,9367751,500.0
False,2016-07-19,9367751,500.0
False,2016-07-20,9367751,500.0
False,2016-07-21,9367751,500.0
False,2016-07-22,9367751,500.0
False,2016-07-23,9367751,500.0
True,2016-07-24,9367751,400.0
True,2016-07-25,9367751,500.0
True,2016-07-26,9367751,500.0
True,2016-07-27,9367751,500.0
True,2016-07-28,9367751,500.0
False,2016-07-29,9367751,400.0
False,2016-07-30,9367751,500.0
False,2016-07-31,9367751,450.0
False,2016-08-01,9367751,600.0
True,2016-08-02,9367751,400.0
False,2016-08-03,9367751,600.0
False,2016-08-04,9367751,600.0
False,2016-08-05,9367751,600.0
False,2016-08-06,9367751,600.0
False,2016-08-07,9367751,600.0
False,2016-08-08,9367751,600.0
False,2016-08-09,9367751,600.0
False,2016-08-10,9367751,600.0
False,2016-08-11,9367751,600.0
False,2016-08-12,9367751,600.0
False,2016-08-13,9367751,600.0
True,2016-08-14,9367751,450.0
True,2016-08-15,9367751,500.0
True,2016-08-16,9367751,500.0
True,2016-08-17,9367751,500.0
True,2016-08-18,9367751,500.0
True,2016-08-19,9367751,500.0
True,2016-08-20,9367751,500.0
True,2016-08-21,9367751,500.0
True,2016-08-22,9367751,500.0
True,2016-08-23,9367751,500.0
True,2016-08-24,9367751,500.0
True,2016-08-25,9367751,500.0
True,2016-08-26,9367751,500.0
True,2016-08-27,9367751,500.0
True,2016-08-28,9367751,500.0
True,2016-08-29,9367751,500.0
True,2016-08-30,9367751,500.0
True,2016-08-31,9367751,500.0
True,2016-09-01,9367751,500.0
True,2016-09-02,9367751,500.0
True,2016-09-03,9367751,500.0
False,2016-05-29,3116974,325.0
False,2016-05-30,3116974,325.0
False,2016-05-31,3116974,395.0
False,2016-06-01,3116974,395.0
False,2016-06-02,3116974,395.0
False,2016-06-03,3116974,395.0
False,2016-06-04,3116974,395.0
False,2016-06-05,3116974,425.0
False,2016-06-06,3116974,425.0
False,2016-06-07,3116974,425.0
False,2016-06-08,3116974,425.0
False,2016-06-09,3116974,425.0
False,2016-06-10,3116974,257.0
False,2016-06-11,3116974,257.0
False,2016-06-12,3116974,257.0
False,2016-06-13,3116974,257.0
False,2016-06-14,3116974,395.0
False,2016-06-15,3116974,395.0
False,2016-06-16,3116974,325.0
False,2016-06-17,3116974,325.0
False,2016-06-18,3116974,325.0
False,2016-06-19,3116974,325.0
False,2016-06-20,3116974,395.0
False,2016-06-21,3116974,395.0
False,2016-06-22,3116974,325.0
False,2016-06-23,3116974,325.0
False,2016-06-24,3116974,325.0
False,2016-06-25,3116974,325.0
False,2016-06-26,3116974,325.0
False,2016-06-27,3116974,395.0
False,2016-06-28,3116974,395.0
False,2016-06-29,3116974,395.0
False,2016-06-30,3116974,215.0
False,2016-07-01,3116974,265.0
False,2016-07-02,3116974,265.0
False,2016-07-03,3116974,265.0
True,2016-07-04,3116974,395.0
True,2016-07-05,3116974,325.0
True,2016-07-06,3116974,325.0
True,2016-07-07,3116974,325.0
False,2016-07-08,3116974,425.0
False,2016-07-09,3116974,425.0
False,2016-07-10,3116974,425.0
False,2016-07-11,3116974,425.0
False,2016-07-12,3116974,425.0
False,2016-07-13,3116974,425.0
False,2016-07-14,3116974,425.0
False,2016-07-15,3116974,325.0
False,2016-07-16,3116974,325.0
False,2016-07-17,3116974,325.0
False,2016-07-18,3116974,325.0
False,2016-07-19,3116974,325.0
False,2016-07-20,3116974,395.0
False,2016-07-21,3116974,395.0
False,2016-07-22,3116974,395.0
False,2016-07-23,3116974,395.0
False,2016-07-24,3116974,395.0
False,2016-07-25,3116974,395.0
False,2016-07-26,3116974,395.0
False,2016-07-27,3116974,395.0
False,2016-07-28,3116974,395.0
False,2016-07-29,3116974,395.0
False,2016-07-30,3116974,395.0
False,2016-07-31,3116974,395.0
False,2016-08-01,3116974,395.0
False,2016-08-02,3116974,395.0
False,2016-08-03,3116974,395.0
False,2016-08-04,3116974,395.0
False,2016-08-05,3116974,325.0
False,2016-08-06,3116974,325.0
False,2016-08-07,3116974,325.0
False,2016-08-08,3116974,325.0
False,2016-08-09,3116974,395.0
False,2016-08-10,3116974,395.0
False,2016-08-11,3116974,395.0
False,2016-08-12,3116974,395.0
False,2016-08-13,3116974,395.0
False,2016-08-14,3116974,395.0
False,2016-08-15,3116974,395.0
False,2016-08-16,3116974,395.0
False,2016-08-17,3116974,395.0
False,2016-08-18,3116974,395.0
False,2016-08-19,3116974,395.0
False,2016-08-20,3116974,395.0
False,2016-08-21,3116974,395.0
False,2016-08-22,3116974,395.0
False,2016-08-23,3116974,395.0
False,2016-08-24,3116974,395.0
False,2016-08-25,3116974,395.0
False,2016-08-26,3116974,395.0
False,2016-08-27,3116974,395.0
False,2016-08-28,3116974,395.0
False,2016-08-29,3116974,395.0
False,2016-08-30,3116974,395.0
False,2016-08-31,3116974,395.0
False,2016-09-01,3116974,395.0
False,2016-09-02,3116974,395.0
False,2016-09-03,3116974,395.0
False,2016-05-29,9395222,155.0
False,2016-05-30,9395222,155.0
False,2016-05-31,9395222,155.0
False,2016-06-01,9395222,155.0
False,2016-06-02,9395222,155.0
False,2016-06-03,9395222,184.0
False,2016-06-04,9395222,184.0
False,2016-06-05,9395222,175.0
False,2016-06-06,9395222,155.0
False,2016-06-07,9395222,155.0
False,2016-06-08,9395222,155.0
False,2016-06-09,9395222,184.0
False,2016-06-10,9395222,155.0
False,2016-06-11,9395222,179.0
False,2016-06-12,9395222,184.0
False,2016-06-13,9395222,155.0
False,2016-06-14,9395222,155.0
False,2016-06-15,9395222,155.0
False,2016-06-16,9395222,180.0
False,2016-06-17,9395222,161.0
False,2016-06-18,9395222,161.0
False,2016-06-19,9395222,201.0
False,2016-06-20,9395222,155.0
False,2016-06-21,9395222,155.0
False,2016-06-22,9395222,155.0
False,2016-06-23,9395222,201.0
False,2016-06-24,9395222,202.0
False,2016-06-25,9395222,155.0
False,2016-06-26,9395222,145.0
False,2016-06-27,9395222,155.0
False,2016-06-28,9395222,155.0
False,2016-06-29,9395222,155.0
False,2016-06-30,9395222,175.0
False,2016-07-01,9395222,193.0
False,2016-07-02,9395222,188.0
False,2016-07-03,9395222,202.0
False,2016-07-04,9395222,188.0
False,2016-07-05,9395222,155.0
False,2016-07-06,9395222,155.0
False,2016-07-07,9395222,186.0
False,2016-07-08,9395222,195.0
False,2016-07-09,9395222,195.0
False,2016-07-10,9395222,185.0
False,2016-07-11,9395222,155.0
False,2016-07-12,9395222,155.0
False,2016-07-13,9395222,155.0
False,2016-07-14,9395222,172.0
False,2016-07-15,9395222,190.0
False,2016-07-16,9395222,191.0
False,2016-07-17,9395222,166.0
False,2016-07-18,9395222,155.0
False,2016-07-19,9395222,155.0
False,2016-07-20,9395222,166.0
False,2016-07-21,9395222,155.0
False,2016-07-22,9395222,195.0
False,2016-07-23,9395222,195.0
False,2016-07-24,9395222,155.0
False,2016-07-25,9395222,155.0
False,2016-07-26,9395222,155.0
False,2016-07-27,9395222,155.0
False,2016-07-28,9395222,155.0
False,2016-07-29,9395222,175.0
False,2016-07-30,9395222,195.0
False,2016-07-31,9395222,198.0
False,2016-08-01,9395222,179.0
False,2016-08-02,9395222,188.0
False,2016-08-03,9395222,155.0
False,2016-08-04,9395222,155.0
False,2016-08-05,9395222,195.0
False,2016-08-06,9395222,195.0
False,2016-08-07,9395222,155.0
True,2016-08-08,9395222,155.0
False,2016-08-09,9395222,197.0
True,2016-08-10,9395222,155.0
False,2016-08-11,9395222,155.0
False,2016-08-12,9395222,175.0
False,2016-08-13,9395222,195.0
False,2016-08-14,9395222,155.0
False,2016-08-15,9395222,155.0
False,2016-08-16,9395222,155.0
False,2016-08-17,9395222,155.0
False,2016-08-18,9395222,155.0
False,2016-08-19,9395222,195.0
False,2016-08-20,9395222,195.0
False,2016-08-21,9395222,155.0
False,2016-08-22,9395222,178.0
False,2016-08-23,9395222,155.0
False,2016-08-24,9395222,155.0
False,2016-08-25,9395222,155.0
False,2016-08-26,9395222,195.0
True,2016-08-27,9395222,195.0
True,2016-08-28,9395222,155.0
False,2016-08-29,9395222,193.0
False,2016-08-30,9395222,173.0
False,2016-08-31,9395222,192.0
False,2016-09-01,9395222,182.0
False,2016-09-02,9395222,195.0
False,2016-09-03,9395222,195.0
False,2016-05-29,11722263,130.0
False,2016-05-30,11722263,140.0
False,2016-05-31,11722263,140.0
False,2016-06-01,11722263,140.0
False,2016-06-02,11722263,140.0
False,2016-06-03,11722263,140.0
False,2016-06-04,11722263,140.0
False,2016-06-05,11722263,140.0
False,2016-06-06,11722263,140.0
False,2016-06-07,11722263,140.0
False,2016-06-08,11722263,140.0
False,2016-06-09,11722263,140.0
False,2016-06-10,11722263,140.0
False,2016-06-11,11722263,140.0
False,2016-06-12,11722263,140.0
False,2016-06-13,11722263,140.0
False,2016-06-14,11722263,140.0
False,2016-06-15,11722263,140.0
False,2016-06-16,11722263,140.0
False,2016-06-17,11722263,140.0
False,2016-06-18,11722263,140.0
False,2016-06-19,11722263,140.0
False,2016-06-20,11722263,140.0
False,2016-06-21,11722263,140.0
False,2016-06-22,11722263,140.0
False,2016-06-23,11722263,140.0
False,2016-06-24,11722263,150.0
False,2016-06-25,11722263,200.0
False,2016-06-26,11722263,150.0
False,2016-06-27,11722263,150.0
False,2016-06-28,11722263,140.0
False,2016-06-29,11722263,140.0
False,2016-06-30,11722263,140.0
False,2016-07-01,11722263,140.0
False,2016-07-02,11722263,140.0
False,2016-07-03,11722263,140.0
False,2016-07-04,11722263,140.0
False,2016-07-05,11722263,140.0
False,2016-07-06,11722263,140.0
False,2016-07-07,11722263,140.0
False,2016-07-08,11722263,140.0
False,2016-07-09,11722263,140.0
False,2016-07-10,11722263,140.0
False,2016-07-11,11722263,140.0
False,2016-07-12,11722263,140.0
False,2016-07-13,11722263,140.0
False,2016-07-14,11722263,140.0
False,2016-07-15,11722263,150.0
False,2016-07-16,11722263,200.0
False,2016-07-17,11722263,200.0
False,2016-07-18,11722263,150.0
False,2016-07-19,11722263,140.0
False,2016-07-20,11722263,140.0
False,2016-07-21,11722263,140.0
False,2016-07-22,11722263,140.0
False,2016-07-23,11722263,140.0
False,2016-07-24,11722263,140.0
False,2016-07-25,11722263,140.0
False,2016-07-26,11722263,140.0
False,2016-07-27,11722263,140.0
False,2016-07-28,11722263,140.0
False,2016-07-29,11722263,140.0
False,2016-07-30,11722263,140.0
False,2016-07-31,11722263,140.0
False,2016-08-01,11722263,140.0
False,2016-08-02,11722263,140.0
False,2016-08-03,11722263,140.0
False,2016-08-04,11722263,140.0
False,2016-08-05,11722263,140.0
False,2016-08-06,11722263,140.0
False,2016-08-07,11722263,140.0
False,2016-08-08,11722263,140.0
False,2016-08-09,11722263,140.0
False,2016-08-10,11722263,140.0
False,2016-08-11,11722263,140.0
False,2016-08-12,11722263,140.0
False,2016-08-13,11722263,140.0
False,2016-08-14,11722263,140.0
False,2016-08-15,11722263,140.0
False,2016-08-16,11722263,140.0
False,2016-08-17,11722263,140.0
False,2016-08-18,11722263,140.0
False,2016-08-19,11722263,140.0
False,2016-08-20,11722263,140.0
False,2016-08-21,11722263,140.0
False,2016-08-22,11722263,140.0
False,2016-08-23,11722263,140.0
False,2016-08-24,11722263,140.0
False,2016-08-25,11722263,150.0
False,2016-08-26,11722263,150.0
False,2016-08-27,11722263,200.0
False,2016-08-28,11722263,150.0
False,2016-08-29,11722263,140.0
False,2016-08-30,11722263,140.0
False,2016-08-31,11722263,140.0
False,2016-09-01,11722263,140.0
False,2016-09-02,11722263,140.0
False,2016-09-03,11722263,140.0
True,2016-05-29,3385880,320.0
True,2016-05-30,3385880,300.0
False,2016-05-31,3385880,250.0
False,2016-06-01,3385880,250.0
False,2016-06-02,3385880,250.0
True,2016-06-03,3385880,300.0
True,2016-06-04,3385880,300.0
True,2016-06-05,3385880,320.0
False,2016-06-06,3385880,250.0
False,2016-06-07,3385880,250.0
False,2016-06-08,3385880,250.0
False,2016-06-09,3385880,250.0
True,2016-06-10,3385880,300.0
True,2016-06-11,3385880,300.0
True,2016-06-12,3385880,320.0
False,2016-06-13,3385880,250.0
False,2016-06-14,3385880,250.0
False,2016-06-15,3385880,250.0
False,2016-06-16,3385880,250.0
True,2016-06-17,3385880,300.0
True,2016-06-18,3385880,300.0
True,2016-06-19,3385880,320.0
False,2016-06-20,3385880,250.0
False,2016-06-21,3385880,250.0
False,2016-06-22,3385880,250.0
False,2016-06-23,3385880,250.0
False,2016-06-24,3385880,250.0
True,2016-06-25,3385880,200.0
True,2016-06-26,3385880,200.0
True,2016-06-27,3385880,200.0
True,2016-06-28,3385880,200.0
True,2016-06-29,3385880,200.0
False,2016-06-30,3385880,200.0
False,2016-07-01,3385880,200.0
False,2016-07-02,3385880,200.0
False,2016-07-03,3385880,200.0
False,2016-07-04,3385880,200.0
False,2016-07-05,3385880,200.0
False,2016-07-06,3385880,200.0
False,2016-07-07,3385880,200.0
True,2016-07-08,3385880,200.0
True,2016-07-09,3385880,200.0
True,2016-07-10,3385880,200.0
True,2016-07-11,3385880,200.0
True,2016-07-12,3385880,200.0
False,2016-07-13,3385880,250.0
False,2016-07-14,3385880,200.0
False,2016-07-15,3385880,200.0
False,2016-07-16,3385880,200.0
False,2016-07-17,3385880,200.0
False,2016-07-18,3385880,200.0
False,2016-07-19,3385880,200.0
False,2016-07-20,3385880,200.0
False,2016-07-21,3385880,200.0
False,2016-07-22,3385880,200.0
False,2016-07-23,3385880,200.0
False,2016-07-24,3385880,200.0
False,2016-07-25,3385880,200.0
False,2016-07-26,3385880,200.0
False,2016-07-27,3385880,200.0
False,2016-07-28,3385880,200.0
False,2016-07-29,3385880,200.0
False,2016-07-30,3385880,200.0
False,2016-07-31,3385880,250.0
False,2016-08-01,3385880,250.0
False,2016-08-02,3385880,250.0
False,2016-08-03,3385880,250.0
False,2016-08-04,3385880,250.0
False,2016-08-05,3385880,199.0
False,2016-08-06,3385880,199.0
False,2016-08-07,3385880,250.0
False,2016-08-08,3385880,250.0
False,2016-08-09,3385880,250.0
False,2016-08-10,3385880,250.0
False,2016-08-11,3385880,250.0
True,2016-08-12,3385880,350.0
True,2016-08-13,3385880,350.0
True,2016-08-14,3385880,350.0
True,2016-08-15,3385880,350.0
True,2016-08-16,3385880,350.0
True,2016-08-17,3385880,350.0
True,2016-08-18,3385880,350.0
True,2016-08-19,3385880,350.0
True,2016-08-20,3385880,350.0
True,2016-08-21,3385880,350.0
True,2016-08-22,3385880,350.0
True,2016-08-23,3385880,350.0
True,2016-08-24,3385880,350.0
True,2016-08-25,3385880,350.0
True,2016-08-26,3385880,350.0
True,2016-08-27,3385880,350.0
True,2016-08-28,3385880,350.0
False,2016-08-29,3385880,300.0
False,2016-08-30,3385880,300.0
False,2016-08-31,3385880,300.0
False,2016-09-01,3385880,300.0
True,2016-09-02,3385880,250.0
True,2016-09-03,3385880,250.0
False,2016-05-29,3277849,169.0
False,2016-05-30,3277849,169.0
False,2016-05-31,3277849,169.0
False,2016-06-01,3277849,169.0
False,2016-06-02,3277849,169.0
False,2016-06-03,3277849,189.0
False,2016-06-04,3277849,189.0
False,2016-06-05,3277849,169.0
False,2016-06-06,3277849,169.0
True,2016-06-07,3277849,169.0
False,2016-06-08,3277849,180.0
False,2016-06-09,3277849,180.0
False,2016-06-10,3277849,189.0
True,2016-06-11,3277849,169.0
True,2016-06-12,3277849,169.0
False,2016-06-13,3277849,260.0
False,2016-06-14,3277849,260.0
False,2016-06-15,3277849,260.0
True,2016-06-16,3277849,169.0
True,2016-06-17,3277849,169.0
False,2016-06-18,3277849,189.0
False,2016-06-19,3277849,169.0
False,2016-06-20,3277849,169.0
False,2016-06-21,3277849,169.0
True,2016-06-22,3277849,169.0
False,2016-06-23,3277849,169.0
False,2016-06-24,3277849,189.0
False,2016-06-25,3277849,189.0
True,2016-06-26,3277849,169.0
False,2016-06-27,3277849,179.0
False,2016-06-28,3277849,179.0
False,2016-06-29,3277849,179.0
False,2016-06-30,3277849,179.0
False,2016-07-01,3277849,189.0
True,2016-07-02,3277849,169.0
False,2016-07-03,3277849,190.0
False,2016-07-04,3277849,190.0
False,2016-07-05,3277849,180.0
True,2016-07-06,3277849,169.0
True,2016-07-07,3277849,169.0
False,2016-07-08,3277849,189.0
False,2016-07-09,3277849,189.0
False,2016-07-10,3277849,200.0
False,2016-07-11,3277849,200.0
False,2016-07-12,3277849,200.0
False,2016-07-13,3277849,200.0
False,2016-07-14,3277849,200.0
False,2016-07-15,3277849,189.0
False,2016-07-16,3277849,189.0
False,2016-07-17,3277849,185.0
False,2016-07-18,3277849,215.0
False,2016-07-19,3277849,215.0
False,2016-07-20,3277849,215.0
False,2016-07-21,3277849,215.0
False,2016-07-22,3277849,189.0
False,2016-07-23,3277849,189.0
False,2016-07-24,3277849,215.0
True,2016-07-25,3277849,169.0
False,2016-07-26,3277849,215.0
False,2016-07-27,3277849,215.0
False,2016-07-28,3277849,215.0
True,2016-07-29,3277849,169.0
False,2016-07-30,3277849,189.0
False,2016-07-31,3277849,200.0
False,2016-08-01,3277849,200.0
False,2016-08-02,3277849,200.0
True,2016-08-03,3277849,169.0
False,2016-08-04,3277849,280.0
False,2016-08-05,3277849,189.0
False,2016-08-06,3277849,189.0
False,2016-08-07,3277849,280.0
False,2016-08-08,3277849,250.0
False,2016-08-09,3277849,200.0
False,2016-08-10,3277849,200.0
False,2016-08-11,3277849,200.0
False,2016-08-12,3277849,189.0
False,2016-08-13,3277849,189.0
False,2016-08-14,3277849,190.0
False,2016-08-15,3277849,169.0
False,2016-08-16,3277849,169.0
False,2016-08-17,3277849,169.0
False,2016-08-18,3277849,169.0
True,2016-08-19,3277849,169.0
False,2016-08-20,3277849,189.0
False,2016-08-21,3277849,345.0
False,2016-08-22,3277849,179.0
False,2016-08-23,3277849,180.0
False,2016-08-24,3277849,180.0
False,2016-08-25,3277849,180.0
False,2016-08-26,3277849,189.0
False,2016-08-27,3277849,189.0
False,2016-08-28,3277849,179.0
False,2016-08-29,3277849,179.0
True,2016-08-30,3277849,169.0
True,2016-08-31,3277849,169.0
False,2016-09-01,3277849,169.0
False,2016-09-02,3277849,189.0
False,2016-09-03,3277849,189.0
False,2016-05-29,10368027,150.0
False,2016-05-30,10368027,199.0
False,2016-05-31,10368027,199.0
False,2016-06-01,10368027,199.0
False,2016-06-02,10368027,199.0
False,2016-06-03,10368027,199.0
False,2016-06-04,10368027,199.0
False,2016-06-05,10368027,199.0
False,2016-06-06,10368027,199.0
False,2016-06-07,10368027,199.0
False,2016-06-08,10368027,199.0
False,2016-06-09,10368027,199.0
False,2016-06-10,10368027,199.0
False,2016-06-11,10368027,199.0
False,2016-06-12,10368027,199.0
False,2016-06-13,10368027,250.0
False,2016-06-14,10368027,250.0
False,2016-06-15,10368027,250.0
False,2016-06-16,10368027,250.0
False,2016-06-17,10368027,199.0
False,2016-06-18,10368027,199.0
False,2016-06-19,10368027,199.0
False,2016-06-20,10368027,199.0
False,2016-06-21,10368027,199.0
False,2016-06-22,10368027,199.0
False,2016-06-23,10368027,199.0
False,2016-06-24,10368027,199.0
False,2016-06-25,10368027,199.0
False,2016-06-26,10368027,199.0
False,2016-06-27,10368027,199.0
False,2016-06-28,10368027,199.0
False,2016-06-29,10368027,199.0
False,2016-06-30,10368027,199.0
False,2016-07-01,10368027,199.0
False,2016-07-02,10368027,199.0
False,2016-07-03,10368027,199.0
False,2016-07-04,10368027,199.0
False,2016-07-05,10368027,199.0
False,2016-07-06,10368027,199.0
False,2016-07-07,10368027,199.0
False,2016-07-08,10368027,199.0
False,2016-07-09,10368027,200.0
False,2016-07-10,10368027,199.0
False,2016-07-11,10368027,199.0
False,2016-07-12,10368027,199.0
False,2016-07-13,10368027,199.0
False,2016-07-14,10368027,199.0
False,2016-07-15,10368027,181.0
False,2016-07-16,10368027,199.0
False,2016-07-17,10368027,199.0
False,2016-07-18,10368027,199.0
False,2016-07-19,10368027,199.0
False,2016-07-20,10368027,199.0
False,2016-07-21,10368027,199.0
False,2016-07-22,10368027,199.0
False,2016-07-23,10368027,199.0
False,2016-07-24,10368027,199.0
False,2016-07-25,10368027,199.0
False,2016-07-26,10368027,199.0
False,2016-07-27,10368027,199.0
False,2016-07-28,10368027,199.0
False,2016-07-29,10368027,199.0
False,2016-07-30,10368027,199.0
False,2016-07-31,10368027,199.0
False,2016-08-01,10368027,199.0
False,2016-08-02,10368027,199.0
False,2016-08-03,10368027,199.0
False,2016-08-04,10368027,199.0
False,2016-08-05,10368027,199.0
False,2016-08-06,10368027,199.0
False,2016-08-07,10368027,199.0
False,2016-08-08,10368027,199.0
False,2016-08-09,10368027,199.0
False,2016-08-10,10368027,199.0
False,2016-08-11,10368027,199.0
False,2016-08-12,10368027,199.0
False,2016-08-13,10368027,199.0
False,2016-08-14,10368027,199.0
False,2016-08-15,10368027,199.0
False,2016-08-16,10368027,199.0
False,2016-08-17,10368027,199.0
False,2016-08-18,10368027,199.0
False,2016-08-19,10368027,199.0
False,2016-08-20,10368027,199.0
False,2016-08-21,10368027,199.0
False,2016-08-22,10368027,199.0
False,2016-08-23,10368027,199.0
False,2016-08-24,10368027,199.0
True,2016-08-25,10368027,199.0
True,2016-08-26,10368027,205.0
True,2016-08-27,10368027,205.0
True,2016-08-28,10368027,199.0
False,2016-08-29,10368027,199.0
False,2016-08-30,10368027,199.0
False,2016-08-31,10368027,199.0
False,2016-09-01,10368027,199.0
True,2016-09-02,10368027,205.0
True,2016-09-03,10368027,205.0
True,2016-05-29,5804060,195.0
True,2016-05-30,5804060,195.0
True,2016-05-31,5804060,195.0
False,2016-06-01,5804060,205.0
False,2016-06-02,5804060,205.0
False,2016-06-03,5804060,245.0
False,2016-06-04,5804060,245.0
False,2016-06-05,5804060,245.0
False,2016-06-06,5804060,245.0
True,2016-06-07,5804060,219.0
True,2016-06-08,5804060,195.0
True,2016-06-09,5804060,195.0
True,2016-06-10,5804060,195.0
True,2016-06-11,5804060,195.0
True,2016-06-12,5804060,195.0
True,2016-06-13,5804060,195.0
True,2016-06-14,5804060,195.0
False,2016-06-15,5804060,205.0
False,2016-06-16,5804060,205.0
False,2016-06-17,5804060,245.0
False,2016-06-18,5804060,245.0
True,2016-06-19,5804060,205.0
True,2016-06-20,5804060,205.0
False,2016-06-21,5804060,205.0
False,2016-06-22,5804060,205.0
False,2016-06-23,5804060,205.0
True,2016-06-24,5804060,500.0
False,2016-06-25,5804060,245.0
False,2016-06-26,5804060,205.0
False,2016-06-27,5804060,205.0
True,2016-06-28,5804060,205.0
True,2016-06-29,5804060,205.0
True,2016-06-30,5804060,245.0
False,2016-07-01,5804060,245.0
False,2016-07-02,5804060,245.0
False,2016-07-03,5804060,205.0
False,2016-07-04,5804060,245.0
False,2016-07-05,5804060,205.0
False,2016-07-06,5804060,205.0
False,2016-07-07,5804060,205.0
True,2016-07-08,5804060,245.0
True,2016-07-09,5804060,245.0
False,2016-07-10,5804060,205.0
False,2016-07-11,5804060,205.0
False,2016-07-12,5804060,205.0
True,2016-07-13,5804060,205.0
False,2016-07-14,5804060,205.0
False,2016-07-15,5804060,245.0
False,2016-07-16,5804060,245.0
True,2016-07-17,5804060,245.0
False,2016-07-18,5804060,205.0
False,2016-07-19,5804060,205.0
False,2016-07-20,5804060,205.0
False,2016-07-21,5804060,205.0
False,2016-07-22,5804060,245.0
False,2016-07-23,5804060,245.0
False,2016-07-24,5804060,205.0
False,2016-07-25,5804060,205.0
False,2016-07-26,5804060,205.0
False,2016-07-27,5804060,205.0
False,2016-07-28,5804060,205.0
False,2016-07-29,5804060,245.0
False,2016-07-30,5804060,245.0
True,2016-07-31,5804060,205.0
False,2016-08-01,5804060,205.0
False,2016-08-02,5804060,205.0
False,2016-08-03,5804060,205.0
False,2016-08-04,5804060,205.0
False,2016-08-05,5804060,245.0
False,2016-08-06,5804060,245.0
False,2016-08-07,5804060,205.0
False,2016-08-08,5804060,205.0
False,2016-08-09,5804060,205.0
False,2016-08-10,5804060,205.0
False,2016-08-11,5804060,205.0
False,2016-08-12,5804060,245.0
False,2016-08-13,5804060,245.0
True,2016-08-14,5804060,205.0
True,2016-08-15,5804060,205.0
False,2016-08-16,5804060,205.0
False,2016-08-17,5804060,205.0
False,2016-08-18,5804060,205.0
False,2016-08-19,5804060,245.0
True,2016-08-20,5804060,245.0
False,2016-08-21,5804060,205.0
False,2016-08-22,5804060,205.0
False,2016-08-23,5804060,205.0
True,2016-08-24,5804060,205.0
False,2016-08-25,5804060,205.0
False,2016-08-26,5804060,245.0
False,2016-08-27,5804060,245.0
False,2016-08-28,5804060,205.0
False,2016-08-29,5804060,205.0
False,2016-08-30,5804060,205.0
False,2016-08-31,5804060,205.0
False,2016-09-01,5804060,205.0
True,2016-09-02,5804060,245.0
True,2016-09-03,5804060,245.0
False,2016-05-29,5967901,219.0
False,2016-05-30,5967901,219.0
True,2016-05-31,5967901,139.0
True,2016-06-01,5967901,139.0
False,2016-06-02,5967901,219.0
False,2016-06-03,5967901,219.0
False,2016-06-04,5967901,249.0
False,2016-06-05,5967901,219.0
False,2016-06-06,5967901,219.0
False,2016-06-07,5967901,219.0
False,2016-06-08,5967901,219.0
False,2016-06-09,5967901,228.0
False,2016-06-10,5967901,219.0
False,2016-06-11,5967901,249.0
False,2016-06-12,5967901,252.0
False,2016-06-13,5967901,219.0
False,2016-06-14,5967901,219.0
False,2016-06-15,5967901,189.0
False,2016-06-16,5967901,189.0
False,2016-06-17,5967901,228.0
False,2016-06-18,5967901,228.0
False,2016-06-19,5967901,219.0
False,2016-06-20,5967901,219.0
False,2016-06-21,5967901,220.0
False,2016-06-22,5967901,225.0
False,2016-06-23,5967901,237.0
False,2016-06-24,5967901,240.0
False,2016-06-25,5967901,240.0
False,2016-06-26,5967901,232.0
False,2016-06-27,5967901,189.0
False,2016-06-28,5967901,189.0
False,2016-06-29,5967901,234.0
False,2016-06-30,5967901,228.0
False,2016-07-01,5967901,241.0
False,2016-07-02,5967901,243.0
False,2016-07-03,5967901,252.0
False,2016-07-04,5967901,227.0
False,2016-07-05,5967901,227.0
False,2016-07-06,5967901,189.0
False,2016-07-07,5967901,189.0
False,2016-07-08,5967901,239.0
False,2016-07-09,5967901,243.0
False,2016-07-10,5967901,228.0
False,2016-07-11,5967901,235.0
False,2016-07-12,5967901,238.0
False,2016-07-13,5967901,238.0
False,2016-07-14,5967901,246.0
False,2016-07-15,5967901,239.0
False,2016-07-16,5967901,243.0
False,2016-07-17,5967901,228.0
False,2016-07-18,5967901,234.0
False,2016-07-19,5967901,234.0
False,2016-07-20,5967901,235.0
False,2016-07-21,5967901,243.0
False,2016-07-22,5967901,239.0
False,2016-07-23,5967901,243.0
False,2016-07-24,5967901,229.0
False,2016-07-25,5967901,234.0
True,2016-07-26,5967901,234.0
False,2016-07-27,5967901,235.0
False,2016-07-28,5967901,245.0
False,2016-07-29,5967901,239.0
False,2016-07-30,5967901,243.0
False,2016-07-31,5967901,229.0
False,2016-08-01,5967901,219.0
False,2016-08-02,5967901,219.0
False,2016-08-03,5967901,219.0
False,2016-08-04,5967901,219.0
False,2016-08-05,5967901,225.0
False,2016-08-06,5967901,225.0
False,2016-08-07,5967901,219.0
False,2016-08-08,5967901,219.0
False,2016-08-09,5967901,219.0
False,2016-08-10,5967901,219.0
False,2016-08-11,5967901,219.0
False,2016-08-12,5967901,219.0
True,2016-08-13,5967901,219.0
False,2016-08-14,5967901,219.0
False,2016-08-15,5967901,219.0
False,2016-08-16,5967901,219.0
False,2016-08-17,5967901,219.0
False,2016-08-18,5967901,219.0
False,2016-08-19,5967901,219.0
False,2016-08-20,5967901,219.0
False,2016-08-21,5967901,209.0
False,2016-08-22,5967901,209.0
False,2016-08-23,5967901,209.0
False,2016-08-24,5967901,209.0
False,2016-08-25,5967901,209.0
False,2016-08-26,5967901,209.0
False,2016-08-27,5967901,209.0
False,2016-08-28,5967901,205.0
True,2016-08-29,5967901,235.0
True,2016-08-30,5967901,240.0
True,2016-08-31,5967901,240.0
False,2016-09-01,5967901,257.0
False,2016-09-02,5967901,255.0
False,2016-09-03,5967901,248.0
False,2016-05-29,3534885,243.0
False,2016-05-30,3534885,243.0
False,2016-05-31,3534885,243.0
False,2016-06-01,3534885,243.0
False,2016-06-02,3534885,243.0
False,2016-06-03,3534885,243.0
False,2016-06-04,3534885,243.0
False,2016-06-05,3534885,243.0
False,2016-06-06,3534885,243.0
False,2016-06-07,3534885,243.0
False,2016-06-08,3534885,243.0
False,2016-06-09,3534885,243.0
False,2016-06-10,3534885,243.0
False,2016-06-11,3534885,243.0
False,2016-06-12,3534885,243.0
False,2016-06-13,3534885,243.0
False,2016-06-14,3534885,243.0
False,2016-06-15,3534885,243.0
False,2016-06-16,3534885,243.0
False,2016-06-17,3534885,243.0
False,2016-06-18,3534885,243.0
False,2016-06-19,3534885,243.0
False,2016-06-20,3534885,243.0
False,2016-06-21,3534885,243.0
False,2016-06-22,3534885,243.0
False,2016-06-23,3534885,243.0
False,2016-06-24,3534885,243.0
False,2016-06-25,3534885,243.0
False,2016-06-26,3534885,243.0
False,2016-06-27,3534885,243.0
False,2016-06-28,3534885,243.0
False,2016-06-29,3534885,243.0
False,2016-06-30,3534885,243.0
False,2016-07-01,3534885,243.0
False,2016-07-02,3534885,243.0
False,2016-07-03,3534885,243.0
False,2016-07-04,3534885,243.0
False,2016-07-05,3534885,243.0
False,2016-07-06,3534885,243.0
False,2016-07-07,3534885,243.0
False,2016-07-08,3534885,243.0
False,2016-07-09,3534885,243.0
False,2016-07-10,3534885,243.0
False,2016-07-11,3534885,243.0
False,2016-07-12,3534885,243.0
False,2016-07-13,3534885,243.0
False,2016-07-14,3534885,243.0
False,2016-07-15,3534885,243.0
False,2016-07-16,3534885,243.0
False,2016-07-17,3534885,243.0
False,2016-07-18,3534885,243.0
False,2016-07-19,3534885,243.0
False,2016-07-20,3534885,243.0
False,2016-07-21,3534885,243.0
False,2016-07-22,3534885,243.0
False,2016-07-23,3534885,243.0
False,2016-07-24,3534885,243.0
False,2016-07-25,3534885,243.0
False,2016-07-26,3534885,243.0
False,2016-07-27,3534885,243.0
False,2016-07-28,3534885,243.0
False,2016-07-29,3534885,243.0
False,2016-07-30,3534885,243.0
False,2016-07-31,3534885,243.0
False,2016-08-01,3534885,243.0
False,2016-08-02,3534885,243.0
False,2016-08-03,3534885,243.0
False,2016-08-04,3534885,243.0
False,2016-08-05,3534885,243.0
False,2016-08-06,3534885,243.0
False,2016-08-07,3534885,243.0
False,2016-08-08,3534885,243.0
False,2016-08-09,3534885,243.0
False,2016-08-10,3534885,243.0
False,2016-08-11,3534885,243.0
False,2016-08-12,3534885,243.0
False,2016-08-13,3534885,243.0
False,2016-08-14,3534885,243.0
False,2016-08-15,3534885,243.0
False,2016-08-16,3534885,243.0
False,2016-08-17,3534885,243.0
False,2016-08-18,3534885,243.0
False,2016-08-19,3534885,243.0
False,2016-08-20,3534885,243.0
False,2016-08-21,3534885,243.0
False,2016-08-22,3534885,243.0
False,2016-08-23,3534885,243.0
False,2016-08-24,3534885,243.0
False,2016-08-25,3534885,243.0
False,2016-08-26,3534885,243.0
False,2016-08-27,3534885,243.0
False,2016-08-28,3534885,243.0
False,2016-08-29,3534885,243.0
False,2016-08-30,3534885,243.0
False,2016-08-31,3534885,243.0
False,2016-09-01,3534885,243.0
False,2016-09-02,3534885,243.0
False,2016-09-03,3534885,243.0
False,2016-05-29,13446183,115.0
False,2016-05-30,13446183,115.0
False,2016-05-31,13446183,115.0
False,2016-06-01,13446183,115.0
False,2016-06-02,13446183,115.0
False,2016-06-03,13446183,115.0
False,2016-06-04,13446183,115.0
False,2016-06-05,13446183,115.0
False,2016-06-06,13446183,115.0
False,2016-06-07,13446183,115.0
False,2016-06-08,13446183,115.0
False,2016-06-09,13446183,115.0
False,2016-06-10,13446183,115.0
False,2016-06-11,13446183,115.0
False,2016-06-12,13446183,115.0
False,2016-06-13,13446183,115.0
False,2016-06-14,13446183,115.0
False,2016-06-15,13446183,115.0
False,2016-06-16,13446183,115.0
False,2016-06-17,13446183,115.0
False,2016-06-18,13446183,115.0
False,2016-06-19,13446183,115.0
False,2016-06-20,13446183,115.0
False,2016-06-21,13446183,115.0
False,2016-06-22,13446183,115.0
False,2016-06-23,13446183,115.0
False,2016-06-24,13446183,115.0
False,2016-06-25,13446183,115.0
False,2016-06-26,13446183,115.0
False,2016-06-27,13446183,115.0
False,2016-06-28,13446183,115.0
False,2016-06-29,13446183,115.0
True,2016-06-30,13446183,115.0
False,2016-07-01,13446183,115.0
False,2016-07-02,13446183,116.0
False,2016-07-03,13446183,115.0
False,2016-07-04,13446183,115.0
False,2016-07-05,13446183,115.0
True,2016-07-06,13446183,115.0
False,2016-07-07,13446183,115.0
False,2016-07-08,13446183,115.0
False,2016-07-09,13446183,115.0
False,2016-07-10,13446183,115.0
False,2016-07-11,13446183,115.0
False,2016-07-12,13446183,115.0
False,2016-07-13,13446183,115.0
False,2016-07-14,13446183,115.0
False,2016-07-15,13446183,115.0
False,2016-07-16,13446183,115.0
False,2016-07-17,13446183,115.0
False,2016-07-18,13446183,115.0
False,2016-07-19,13446183,115.0
False,2016-07-20,13446183,115.0
False,2016-07-21,13446183,115.0
False,2016-07-22,13446183,115.0
False,2016-07-23,13446183,115.0
False,2016-07-24,13446183,115.0
False,2016-07-25,13446183,115.0
False,2016-07-26,13446183,115.0
False,2016-07-27,13446183,115.0
False,2016-07-28,13446183,115.0
False,2016-07-29,13446183,123.0
False,2016-07-30,13446183,120.0
False,2016-07-31,13446183,115.0
False,2016-08-01,13446183,115.0
False,2016-08-02,13446183,115.0
False,2016-08-03,13446183,115.0
False,2016-08-04,13446183,115.0
False,2016-08-05,13446183,121.0
False,2016-08-06,13446183,124.0
False,2016-08-07,13446183,116.0
False,2016-08-08,13446183,115.0
False,2016-08-09,13446183,117.0
False,2016-08-10,13446183,117.0
False,2016-08-11,13446183,115.0
False,2016-08-12,13446183,115.0
False,2016-08-13,13446183,115.0
False,2016-08-14,13446183,115.0
False,2016-08-15,13446183,118.0
False,2016-08-16,13446183,118.0
False,2016-08-17,13446183,118.0
False,2016-08-18,13446183,119.0
False,2016-08-19,13446183,115.0
False,2016-08-20,13446183,115.0
False,2016-08-21,13446183,115.0
False,2016-08-22,13446183,115.0
False,2016-08-23,13446183,115.0
False,2016-08-24,13446183,115.0
False,2016-08-25,13446183,115.0
False,2016-08-26,13446183,120.0
False,2016-08-27,13446183,115.0
False,2016-08-28,13446183,115.0
False,2016-08-29,13446183,115.0
False,2016-08-30,13446183,115.0
False,2016-08-31,13446183,115.0
False,2016-09-01,13446183,115.0
False,2016-09-02,13446183,115.0
False,2016-09-03,13446183,121.0
False,2016-05-29,12521512,185.0
False,2016-05-30,12521512,185.0
False,2016-05-31,12521512,185.0
False,2016-06-01,12521512,185.0
False,2016-06-02,12521512,185.0
False,2016-06-03,12521512,185.0
False,2016-06-04,12521512,300.0
False,2016-06-05,12521512,185.0
False,2016-06-06,12521512,185.0
False,2016-06-07,12521512,185.0
False,2016-06-08,12521512,185.0
False,2016-06-09,12521512,185.0
False,2016-06-10,12521512,185.0
False,2016-06-11,12521512,185.0
False,2016-06-12,12521512,185.0
False,2016-06-13,12521512,185.0
False,2016-06-14,12521512,185.0
False,2016-06-15,12521512,185.0
False,2016-06-16,12521512,185.0
False,2016-06-17,12521512,185.0
False,2016-06-18,12521512,185.0
False,2016-06-19,12521512,185.0
False,2016-06-20,12521512,185.0
False,2016-06-21,12521512,185.0
False,2016-06-22,12521512,261.0
False,2016-06-23,12521512,273.0
False,2016-06-24,12521512,273.0
False,2016-06-25,12521512,185.0
False,2016-06-26,12521512,185.0
False,2016-06-27,12521512,185.0
False,2016-06-28,12521512,185.0
False,2016-06-29,12521512,185.0
False,2016-06-30,12521512,185.0
False,2016-07-01,12521512,185.0
False,2016-07-02,12521512,300.0
False,2016-07-03,12521512,229.0
False,2016-07-04,12521512,185.0
False,2016-07-05,12521512,185.0
False,2016-07-06,12521512,185.0
False,2016-07-07,12521512,185.0
False,2016-07-08,12521512,300.0
False,2016-07-09,12521512,300.0
False,2016-07-10,12521512,185.0
False,2016-07-11,12521512,185.0
False,2016-07-12,12521512,185.0
False,2016-07-13,12521512,185.0
False,2016-07-14,12521512,199.0
False,2016-07-15,12521512,225.0
False,2016-07-16,12521512,185.0
False,2016-07-17,12521512,185.0
False,2016-07-18,12521512,185.0
False,2016-07-19,12521512,275.0
False,2016-07-20,12521512,275.0
False,2016-07-21,12521512,275.0
False,2016-07-22,12521512,300.0
False,2016-07-23,12521512,300.0
False,2016-07-24,12521512,235.0
False,2016-07-25,12521512,235.0
False,2016-07-26,12521512,185.0
False,2016-07-27,12521512,185.0
False,2016-07-28,12521512,185.0
False,2016-07-29,12521512,185.0
False,2016-07-30,12521512,276.0
False,2016-07-31,12521512,276.0
False,2016-08-01,12521512,275.0
True,2016-08-02,12521512,211.0
True,2016-08-03,12521512,200.0
False,2016-08-04,12521512,244.0
False,2016-08-05,12521512,245.0
False,2016-08-06,12521512,245.0
False,2016-08-07,12521512,227.0
False,2016-08-08,12521512,195.0
True,2016-08-09,12521512,189.0
True,2016-08-10,12521512,189.0
False,2016-08-11,12521512,216.0
False,2016-08-12,12521512,245.0
False,2016-08-13,12521512,245.0
False,2016-08-14,12521512,245.0
False,2016-08-15,12521512,268.0
False,2016-08-16,12521512,268.0
False,2016-08-17,12521512,268.0
False,2016-08-18,12521512,215.0
False,2016-08-19,12521512,300.0
False,2016-08-20,12521512,267.0
False,2016-08-21,12521512,267.0
False,2016-08-22,12521512,262.0
True,2016-08-23,12521512,199.0
False,2016-08-24,12521512,258.0
False,2016-08-25,12521512,258.0
False,2016-08-26,12521512,214.0
False,2016-08-27,12521512,214.0
False,2016-08-28,12521512,265.0
True,2016-08-29,12521512,211.0
True,2016-08-30,12521512,214.0
False,2016-08-31,12521512,285.0
False,2016-09-01,12521512,285.0
False,2016-09-02,12521512,300.0
False,2016-09-03,12521512,300.0
False,2016-05-29,3291691,240.0
False,2016-05-30,3291691,240.0
False,2016-05-31,3291691,240.0
False,2016-06-01,3291691,240.0
False,2016-06-02,3291691,240.0
False,2016-06-03,3291691,240.0
False,2016-06-04,3291691,240.0
False,2016-06-05,3291691,240.0
False,2016-06-06,3291691,240.0
False,2016-06-07,3291691,240.0
False,2016-06-08,3291691,240.0
False,2016-06-09,3291691,240.0
False,2016-06-10,3291691,240.0
False,2016-06-11,3291691,240.0
False,2016-06-12,3291691,240.0
False,2016-06-13,3291691,240.0
False,2016-06-14,3291691,240.0
False,2016-06-15,3291691,240.0
False,2016-06-16,3291691,240.0
False,2016-06-17,3291691,240.0
False,2016-06-18,3291691,240.0
False,2016-06-19,3291691,240.0
False,2016-06-20,3291691,240.0
False,2016-06-21,3291691,240.0
False,2016-06-22,3291691,240.0
False,2016-06-23,3291691,240.0
False,2016-06-24,3291691,240.0
False,2016-06-25,3291691,240.0
False,2016-06-26,3291691,240.0
False,2016-06-27,3291691,240.0
False,2016-06-28,3291691,240.0
False,2016-06-29,3291691,240.0
False,2016-06-30,3291691,240.0
False,2016-07-01,3291691,240.0
False,2016-07-02,3291691,240.0
False,2016-07-03,3291691,240.0
False,2016-07-04,3291691,240.0
False,2016-07-05,3291691,240.0
False,2016-07-06,3291691,240.0
False,2016-07-07,3291691,240.0
False,2016-07-08,3291691,240.0
False,2016-07-09,3291691,240.0
False,2016-07-10,3291691,240.0
False,2016-07-11,3291691,240.0
False,2016-07-12,3291691,240.0
False,2016-07-13,3291691,240.0
False,2016-07-14,3291691,240.0
False,2016-07-15,3291691,240.0
False,2016-07-16,3291691,240.0
False,2016-07-17,3291691,240.0
False,2016-07-18,3291691,240.0
False,2016-07-19,3291691,240.0
False,2016-07-20,3291691,240.0
False,2016-07-21,3291691,240.0
False,2016-07-22,3291691,240.0
False,2016-07-23,3291691,240.0
False,2016-07-24,3291691,240.0
False,2016-07-25,3291691,240.0
False,2016-07-26,3291691,240.0
False,2016-07-27,3291691,240.0
False,2016-07-28,3291691,240.0
False,2016-07-29,3291691,240.0
False,2016-07-30,3291691,240.0
False,2016-07-31,3291691,240.0
False,2016-08-01,3291691,240.0
False,2016-08-02,3291691,240.0
False,2016-08-03,3291691,240.0
False,2016-08-04,3291691,240.0
False,2016-08-05,3291691,240.0
False,2016-08-06,3291691,240.0
False,2016-08-07,3291691,240.0
False,2016-08-08,3291691,240.0
False,2016-08-09,3291691,240.0
False,2016-08-10,3291691,240.0
False,2016-08-11,3291691,240.0
False,2016-08-12,3291691,240.0
False,2016-08-13,3291691,240.0
False,2016-08-14,3291691,240.0
False,2016-08-15,3291691,240.0
False,2016-08-16,3291691,240.0
False,2016-08-17,3291691,240.0
False,2016-08-18,3291691,240.0
False,2016-08-19,3291691,240.0
False,2016-08-20,3291691,240.0
False,2016-08-21,3291691,240.0
False,2016-08-22,3291691,240.0
False,2016-08-23,3291691,240.0
False,2016-08-24,3291691,240.0
False,2016-08-25,3291691,240.0
False,2016-08-26,3291691,240.0
False,2016-08-27,3291691,240.0
False,2016-08-28,3291691,240.0
False,2016-08-29,3291691,240.0
False,2016-08-30,3291691,240.0
False,2016-08-31,3291691,240.0
False,2016-09-01,3291691,240.0
False,2016-09-02,3291691,240.0
False,2016-09-03,3291691,240.0
False,2016-05-29,5845170,350.0
False,2016-05-30,5845170,150.0
False,2016-05-31,5845170,150.0
False,2016-06-01,5845170,150.0
False,2016-06-02,5845170,155.0
False,2016-06-03,5845170,155.0
False,2016-06-04,5845170,155.0
False,2016-06-05,5845170,150.0
False,2016-06-06,5845170,150.0
False,2016-06-07,5845170,150.0
False,2016-06-08,5845170,150.0
False,2016-06-09,5845170,150.0
False,2016-06-10,5845170,150.0
False,2016-06-11,5845170,150.0
False,2016-06-12,5845170,150.0
False,2016-06-13,5845170,150.0
False,2016-06-14,5845170,150.0
False,2016-06-15,5845170,150.0
False,2016-06-16,5845170,150.0
False,2016-06-17,5845170,150.0
False,2016-06-18,5845170,150.0
False,2016-06-19,5845170,150.0
False,2016-06-20,5845170,150.0
False,2016-06-21,5845170,150.0
False,2016-06-22,5845170,150.0
False,2016-06-23,5845170,150.0
False,2016-06-24,5845170,150.0
False,2016-06-25,5845170,150.0
False,2016-06-26,5845170,150.0
False,2016-06-27,5845170,150.0
False,2016-06-28,5845170,150.0
False,2016-06-29,5845170,150.0
False,2016-06-30,5845170,150.0
False,2016-07-01,5845170,180.0
False,2016-07-02,5845170,180.0
False,2016-07-03,5845170,180.0
False,2016-07-04,5845170,180.0
False,2016-07-05,5845170,150.0
False,2016-07-06,5845170,150.0
False,2016-07-07,5845170,150.0
False,2016-07-08,5845170,150.0
False,2016-07-09,5845170,150.0
False,2016-07-10,5845170,150.0
False,2016-07-11,5845170,150.0
False,2016-07-12,5845170,150.0
False,2016-07-13,5845170,150.0
False,2016-07-14,5845170,150.0
False,2016-07-15,5845170,150.0
False,2016-07-16,5845170,150.0
False,2016-07-17,5845170,150.0
False,2016-07-18,5845170,150.0
False,2016-07-19,5845170,150.0
False,2016-07-20,5845170,150.0
False,2016-07-21,5845170,150.0
False,2016-07-22,5845170,165.0
False,2016-07-23,5845170,165.0
False,2016-07-24,5845170,165.0
False,2016-07-25,5845170,165.0
False,2016-07-26,5845170,165.0
False,2016-07-27,5845170,150.0
False,2016-07-28,5845170,150.0
False,2016-07-29,5845170,150.0
False,2016-07-30,5845170,150.0
False,2016-07-31,5845170,150.0
False,2016-08-01,5845170,150.0
False,2016-08-02,5845170,150.0
False,2016-08-03,5845170,150.0
False,2016-08-04,5845170,150.0
False,2016-08-05,5845170,150.0
False,2016-08-06,5845170,150.0
False,2016-08-07,5845170,150.0
False,2016-08-08,5845170,150.0
False,2016-08-09,5845170,150.0
False,2016-08-10,5845170,150.0
False,2016-08-11,5845170,150.0
False,2016-08-12,5845170,150.0
False,2016-08-13,5845170,150.0
False,2016-08-14,5845170,150.0
False,2016-08-15,5845170,150.0
False,2016-08-16,5845170,150.0
False,2016-08-17,5845170,150.0
False,2016-08-18,5845170,150.0
False,2016-08-19,5845170,150.0
False,2016-08-20,5845170,150.0
False,2016-08-21,5845170,150.0
False,2016-08-22,5845170,150.0
False,2016-08-23,5845170,150.0
False,2016-08-24,5845170,150.0
False,2016-08-25,5845170,150.0
False,2016-08-26,5845170,150.0
False,2016-08-27,5845170,150.0
False,2016-08-28,5845170,150.0
False,2016-08-29,5845170,150.0
False,2016-08-30,5845170,150.0
False,2016-08-31,5845170,150.0
False,2016-09-01,5845170,150.0
False,2016-09-02,5845170,150.0
False,2016-09-03,5845170,150.0
True,2016-05-29,12853597,150.0
True,2016-05-30,12853597,150.0
True,2016-05-31,12853597,150.0
False,2016-06-01,12853597,159.0
False,2016-06-02,12853597,164.0
False,2016-06-03,12853597,172.0
False,2016-06-04,12853597,175.0
False,2016-06-05,12853597,166.0
False,2016-06-06,12853597,166.0
False,2016-06-07,12853597,167.0
False,2016-06-08,12853597,170.0
False,2016-06-09,12853597,201.0
False,2016-06-10,12853597,199.0
False,2016-06-11,12853597,206.0
False,2016-06-12,12853597,190.0
True,2016-06-13,12853597,125.0
False,2016-06-14,12853597,180.0
False,2016-06-15,12853597,183.0
False,2016-06-16,12853597,192.0
True,2016-06-17,12853597,125.0
False,2016-06-18,12853597,199.0
False,2016-06-19,12853597,186.0
False,2016-06-20,12853597,182.0
False,2016-06-21,12853597,183.0
False,2016-06-22,12853597,189.0
False,2016-06-23,12853597,196.0
False,2016-06-24,12853597,203.0
False,2016-06-25,12853597,189.0
False,2016-06-26,12853597,180.0
False,2016-06-27,12853597,125.0
False,2016-06-28,12853597,125.0
False,2016-06-29,12853597,125.0
False,2016-06-30,12853597,163.0
False,2016-07-01,12853597,168.0
False,2016-07-02,12853597,204.0
False,2016-07-03,12853597,194.0
False,2016-07-04,12853597,190.0
False,2016-07-05,12853597,125.0
False,2016-07-06,12853597,125.0
False,2016-07-07,12853597,194.0
False,2016-07-08,12853597,202.0
False,2016-07-09,12853597,203.0
False,2016-07-10,12853597,161.0
False,2016-07-11,12853597,160.0
True,2016-07-12,12853597,125.0
False,2016-07-13,12853597,186.0
False,2016-07-14,12853597,191.0
False,2016-07-15,12853597,203.0
False,2016-07-16,12853597,194.0
False,2016-07-17,12853597,168.0
False,2016-07-18,12853597,164.0
False,2016-07-19,12853597,164.0
True,2016-07-20,12853597,134.0
False,2016-07-21,12853597,170.0
False,2016-07-22,12853597,177.0
False,2016-07-23,12853597,179.0
False,2016-07-24,12853597,172.0
False,2016-07-25,12853597,169.0
False,2016-07-26,12853597,169.0
False,2016-07-27,12853597,190.0
False,2016-07-28,12853597,194.0
False,2016-07-29,12853597,199.0
False,2016-07-30,12853597,202.0
False,2016-07-31,12853597,192.0
True,2016-08-01,12853597,138.0
False,2016-08-02,12853597,187.0
False,2016-08-03,12853597,191.0
False,2016-08-04,12853597,250.0
False,2016-08-05,12853597,250.0
False,2016-08-06,12853597,250.0
False,2016-08-07,12853597,250.0
False,2016-08-08,12853597,191.0
False,2016-08-09,12853597,137.0
False,2016-08-10,12853597,137.0
False,2016-08-11,12853597,137.0
False,2016-08-12,12853597,137.0
False,2016-08-13,12853597,137.0
False,2016-08-14,12853597,137.0
False,2016-08-15,12853597,137.0
False,2016-08-16,12853597,137.0
False,2016-08-17,12853597,137.0
False,2016-08-18,12853597,137.0
False,2016-08-19,12853597,137.0
False,2016-08-20,12853597,137.0
False,2016-08-21,12853597,137.0
False,2016-08-22,12853597,137.0
False,2016-08-23,12853597,137.0
False,2016-08-24,12853597,137.0
False,2016-08-25,12853597,137.0
False,2016-08-26,12853597,137.0
False,2016-08-27,12853597,137.0
False,2016-08-28,12853597,137.0
False,2016-08-29,12853597,137.0
False,2016-08-30,12853597,137.0
False,2016-08-31,12853597,137.0
False,2016-09-01,12853597,137.0
False,2016-09-02,12853597,137.0
False,2016-09-03,12853597,137.0
False,2016-05-29,12151345,299.0
False,2016-05-30,12151345,299.0
False,2016-05-31,12151345,299.0
False,2016-06-01,12151345,299.0
False,2016-06-02,12151345,299.0
False,2016-06-03,12151345,349.0
False,2016-06-04,12151345,349.0
False,2016-06-05,12151345,299.0
False,2016-06-06,12151345,299.0
False,2016-06-07,12151345,299.0
False,2016-06-08,12151345,299.0
False,2016-06-09,12151345,299.0
False,2016-06-10,12151345,349.0
False,2016-06-11,12151345,349.0
False,2016-06-12,12151345,299.0
False,2016-06-13,12151345,299.0
False,2016-06-14,12151345,299.0
False,2016-06-15,12151345,299.0
False,2016-06-16,12151345,299.0
False,2016-06-17,12151345,349.0
False,2016-06-18,12151345,349.0
False,2016-06-19,12151345,299.0
False,2016-06-20,12151345,299.0
False,2016-06-21,12151345,299.0
False,2016-06-22,12151345,299.0
False,2016-06-23,12151345,299.0
False,2016-06-24,12151345,349.0
False,2016-06-25,12151345,349.0
False,2016-06-26,12151345,99.0
False,2016-06-27,12151345,299.0
False,2016-06-28,12151345,299.0
False,2016-06-29,12151345,299.0
False,2016-06-30,12151345,148.0
False,2016-07-01,12151345,99.0
False,2016-07-02,12151345,349.0
False,2016-07-03,12151345,249.0
False,2016-07-04,12151345,99.0
False,2016-07-05,12151345,249.0
False,2016-07-06,12151345,299.0
False,2016-07-07,12151345,99.0
False,2016-07-08,12151345,349.0
False,2016-07-09,12151345,349.0
False,2016-07-10,12151345,299.0
False,2016-07-11,12151345,299.0
False,2016-07-12,12151345,299.0
False,2016-07-13,12151345,299.0
False,2016-07-14,12151345,269.0
False,2016-07-15,12151345,349.0
False,2016-07-16,12151345,349.0
False,2016-07-17,12151345,269.0
False,2016-07-18,12151345,269.0
False,2016-07-19,12151345,269.0
False,2016-07-20,12151345,269.0
False,2016-07-21,12151345,269.0
False,2016-07-22,12151345,349.0
False,2016-07-23,12151345,349.0
True,2016-07-24,12151345,211.0
False,2016-07-25,12151345,299.0
False,2016-07-26,12151345,299.0
False,2016-07-27,12151345,299.0
False,2016-07-28,12151345,299.0
False,2016-07-29,12151345,349.0
False,2016-07-30,12151345,349.0
False,2016-07-31,12151345,299.0
False,2016-08-01,12151345,299.0
True,2016-08-02,12151345,192.0
False,2016-08-03,12151345,299.0
False,2016-08-04,12151345,299.0
False,2016-08-05,12151345,349.0
False,2016-08-06,12151345,349.0
False,2016-08-07,12151345,299.0
False,2016-08-08,12151345,299.0
False,2016-08-09,12151345,299.0
False,2016-08-10,12151345,299.0
True,2016-08-11,12151345,236.0
True,2016-08-12,12151345,247.0
False,2016-08-13,12151345,349.0
False,2016-08-14,12151345,299.0
False,2016-08-15,12151345,299.0
False,2016-08-16,12151345,299.0
False,2016-08-17,12151345,299.0
False,2016-08-18,12151345,299.0
False,2016-08-19,12151345,349.0
False,2016-08-20,12151345,349.0
False,2016-08-21,12151345,299.0
False,2016-08-22,12151345,299.0
False,2016-08-23,12151345,299.0
False,2016-08-24,12151345,299.0
True,2016-08-25,12151345,299.0
True,2016-08-26,12151345,349.0
True,2016-08-27,12151345,349.0
True,2016-08-28,12151345,299.0
True,2016-08-29,12151345,299.0
True,2016-08-30,12151345,299.0
True,2016-08-31,12151345,299.0
True,2016-09-01,12151345,299.0
True,2016-09-02,12151345,349.0
True,2016-09-03,12151345,349.0
False,2016-05-29,12175415,150.0
False,2016-05-30,12175415,150.0
False,2016-05-31,12175415,150.0
False,2016-06-01,12175415,150.0
False,2016-06-02,12175415,150.0
False,2016-06-03,12175415,150.0
False,2016-06-04,12175415,150.0
False,2016-06-05,12175415,150.0
False,2016-06-06,12175415,175.0
False,2016-06-07,12175415,175.0
False,2016-06-08,12175415,150.0
False,2016-06-09,12175415,150.0
False,2016-06-10,12175415,150.0
False,2016-06-11,12175415,150.0
False,2016-06-12,12175415,175.0
False,2016-06-13,12175415,175.0
False,2016-06-14,12175415,175.0
True,2016-06-15,12175415,200.0
False,2016-06-16,12175415,200.0
False,2016-06-17,12175415,200.0
False,2016-06-18,12175415,200.0
False,2016-06-19,12175415,200.0
False,2016-06-20,12175415,150.0
False,2016-06-21,12175415,150.0
False,2016-06-22,12175415,150.0
False,2016-06-23,12175415,150.0
False,2016-06-24,12175415,150.0
False,2016-06-25,12175415,200.0
False,2016-06-26,12175415,200.0
False,2016-06-27,12175415,200.0
False,2016-06-28,12175415,200.0
False,2016-06-29,12175415,200.0
False,2016-06-30,12175415,200.0
False,2016-07-01,12175415,200.0
False,2016-07-02,12175415,200.0
False,2016-07-03,12175415,200.0
False,2016-07-04,12175415,200.0
False,2016-07-05,12175415,200.0
False,2016-07-06,12175415,200.0
False,2016-07-07,12175415,200.0
False,2016-07-08,12175415,200.0
False,2016-07-09,12175415,200.0
False,2016-07-10,12175415,200.0
False,2016-07-11,12175415,200.0
True,2016-07-12,12175415,200.0
False,2016-07-13,12175415,150.0
False,2016-07-14,12175415,150.0
False,2016-07-15,12175415,150.0
False,2016-07-16,12175415,150.0
True,2016-07-17,12175415,200.0
False,2016-07-18,12175415,200.0
False,2016-07-19,12175415,200.0
False,2016-07-20,12175415,200.0
False,2016-07-21,12175415,200.0
False,2016-07-22,12175415,200.0
False,2016-07-23,12175415,200.0
False,2016-07-24,12175415,200.0
True,2016-07-25,12175415,200.0
False,2016-07-26,12175415,50.0
False,2016-07-27,12175415,50.0
False,2016-07-28,12175415,50.0
False,2016-07-29,12175415,200.0
False,2016-07-30,12175415,200.0
False,2016-07-31,12175415,200.0
False,2016-08-01,12175415,200.0
False,2016-08-02,12175415,200.0
False,2016-08-03,12175415,200.0
False,2016-08-04,12175415,200.0
False,2016-08-05,12175415,400.0
False,2016-08-06,12175415,400.0
True,2016-08-07,12175415,200.0
False,2016-08-08,12175415,200.0
False,2016-08-09,12175415,200.0
False,2016-08-10,12175415,200.0
True,2016-08-11,12175415,225.0
False,2016-08-12,12175415,225.0
False,2016-08-13,12175415,225.0
True,2016-08-14,12175415,225.0
False,2016-08-15,12175415,225.0
False,2016-08-16,12175415,225.0
False,2016-08-17,12175415,225.0
False,2016-08-18,12175415,225.0
False,2016-08-19,12175415,225.0
False,2016-08-20,12175415,225.0
True,2016-08-21,12175415,225.0
False,2016-08-22,12175415,225.0
False,2016-08-23,12175415,225.0
False,2016-08-24,12175415,225.0
False,2016-08-25,12175415,225.0
False,2016-08-26,12175415,225.0
False,2016-08-27,12175415,225.0
False,2016-08-28,12175415,225.0
False,2016-08-29,12175415,225.0
False,2016-08-30,12175415,225.0
False,2016-08-31,12175415,225.0
False,2016-09-01,12175415,225.0
False,2016-09-02,12175415,225.0
False,2016-09-03,12175415,225.0
False,2016-05-29,2166328,150.0
False,2016-05-30,2166328,150.0
False,2016-05-31,2166328,150.0
False,2016-06-01,2166328,150.0
False,2016-06-02,2166328,150.0
False,2016-06-03,2166328,180.0
False,2016-06-04,2166328,180.0
False,2016-06-05,2166328,150.0
False,2016-06-06,2166328,150.0
False,2016-06-07,2166328,150.0
False,2016-06-08,2166328,150.0
False,2016-06-09,2166328,150.0
False,2016-06-10,2166328,225.0
False,2016-06-11,2166328,225.0
False,2016-06-12,2166328,225.0
False,2016-06-13,2166328,165.0
False,2016-06-14,2166328,165.0
False,2016-06-15,2166328,165.0
False,2016-06-16,2166328,165.0
False,2016-06-17,2166328,225.0
False,2016-06-18,2166328,225.0
False,2016-06-19,2166328,225.0
False,2016-06-20,2166328,198.0
False,2016-06-21,2166328,198.0
False,2016-06-22,2166328,198.0
False,2016-06-23,2166328,198.0
False,2016-06-24,2166328,225.0
False,2016-06-25,2166328,225.0
False,2016-06-26,2166328,225.0
False,2016-06-27,2166328,198.0
False,2016-06-28,2166328,198.0
False,2016-06-29,2166328,198.0
False,2016-06-30,2166328,198.0
False,2016-07-01,2166328,225.0
False,2016-07-02,2166328,225.0
False,2016-07-03,2166328,198.0
False,2016-07-04,2166328,198.0
False,2016-07-05,2166328,198.0
False,2016-07-06,2166328,198.0
False,2016-07-07,2166328,198.0
False,2016-07-08,2166328,198.0
False,2016-07-09,2166328,198.0
False,2016-07-10,2166328,198.0
False,2016-07-11,2166328,198.0
False,2016-07-12,2166328,198.0
False,2016-07-13,2166328,198.0
False,2016-07-14,2166328,198.0
False,2016-07-15,2166328,198.0
False,2016-07-16,2166328,198.0
False,2016-07-17,2166328,198.0
False,2016-07-18,2166328,198.0
False,2016-07-19,2166328,198.0
False,2016-07-20,2166328,198.0
False,2016-07-21,2166328,198.0
False,2016-07-22,2166328,198.0
False,2016-07-23,2166328,198.0
False,2016-07-24,2166328,198.0
False,2016-07-25,2166328,198.0
False,2016-07-26,2166328,198.0
False,2016-07-27,2166328,198.0
False,2016-07-28,2166328,198.0
False,2016-07-29,2166328,198.0
False,2016-07-30,2166328,198.0
False,2016-07-31,2166328,198.0
False,2016-08-01,2166328,198.0
False,2016-08-02,2166328,198.0
False,2016-08-03,2166328,198.0
False,2016-08-04,2166328,198.0
False,2016-08-05,2166328,198.0
False,2016-08-06,2166328,198.0
False,2016-08-07,2166328,198.0
False,2016-08-08,2166328,198.0
False,2016-08-09,2166328,198.0
False,2016-08-10,2166328,198.0
False,2016-08-11,2166328,198.0
False,2016-08-12,2166328,198.0
False,2016-08-13,2166328,198.0
False,2016-08-14,2166328,198.0
False,2016-08-15,2166328,198.0
False,2016-08-16,2166328,198.0
False,2016-08-17,2166328,198.0
False,2016-08-18,2166328,198.0
False,2016-08-19,2166328,198.0
False,2016-08-20,2166328,198.0
False,2016-08-21,2166328,198.0
False,2016-08-22,2166328,198.0
False,2016-08-23,2166328,198.0
False,2016-08-24,2166328,198.0
False,2016-08-25,2166328,198.0
False,2016-08-26,2166328,198.0
False,2016-08-27,2166328,198.0
False,2016-08-28,2166328,198.0
False,2016-08-29,2166328,198.0
False,2016-08-30,2166328,198.0
False,2016-08-31,2166328,198.0
False,2016-09-01,2166328,198.0
False,2016-09-02,2166328,198.0
False,2016-09-03,2166328,198.0
False,2016-05-29,10943035,188.0
False,2016-05-30,10943035,188.0
False,2016-05-31,10943035,188.0
False,2016-06-01,10943035,188.0
False,2016-06-02,10943035,188.0
False,2016-06-03,10943035,188.0
False,2016-06-04,10943035,188.0
False,2016-06-05,10943035,188.0
False,2016-06-06,10943035,188.0
False,2016-06-07,10943035,188.0
False,2016-06-08,10943035,188.0
False,2016-06-09,10943035,188.0
False,2016-06-10,10943035,188.0
False,2016-06-11,10943035,188.0
False,2016-06-12,10943035,188.0
False,2016-06-13,10943035,188.0
False,2016-06-14,10943035,188.0
False,2016-06-15,10943035,188.0
False,2016-06-16,10943035,188.0
False,2016-06-17,10943035,188.0
False,2016-06-18,10943035,188.0
False,2016-06-19,10943035,188.0
False,2016-06-20,10943035,188.0
False,2016-06-21,10943035,188.0
False,2016-06-22,10943035,188.0
False,2016-06-23,10943035,188.0
False,2016-06-24,10943035,188.0
False,2016-06-25,10943035,188.0
False,2016-06-26,10943035,188.0
False,2016-06-27,10943035,188.0
False,2016-06-28,10943035,188.0
False,2016-06-29,10943035,188.0
False,2016-06-30,10943035,188.0
False,2016-07-01,10943035,188.0
False,2016-07-02,10943035,188.0
False,2016-07-03,10943035,188.0
False,2016-07-04,10943035,188.0
False,2016-07-05,10943035,188.0
False,2016-07-06,10943035,188.0
False,2016-07-07,10943035,188.0
False,2016-07-08,10943035,188.0
False,2016-07-09,10943035,188.0
False,2016-07-10,10943035,188.0
False,2016-07-11,10943035,188.0
False,2016-07-12,10943035,188.0
False,2016-07-13,10943035,188.0
False,2016-07-14,10943035,188.0
False,2016-07-15,10943035,188.0
False,2016-07-16,10943035,188.0
False,2016-07-17,10943035,188.0
False,2016-07-18,10943035,188.0
False,2016-07-19,10943035,188.0
False,2016-07-20,10943035,188.0
False,2016-07-21,10943035,188.0
False,2016-07-22,10943035,188.0
False,2016-07-23,10943035,188.0
False,2016-07-24,10943035,188.0
False,2016-07-25,10943035,188.0
False,2016-07-26,10943035,188.0
False,2016-07-27,10943035,188.0
False,2016-07-28,10943035,188.0
False,2016-07-29,10943035,188.0
False,2016-07-30,10943035,188.0
False,2016-07-31,10943035,188.0
False,2016-08-01,10943035,188.0
False,2016-08-02,10943035,188.0
False,2016-08-03,10943035,188.0
False,2016-08-04,10943035,188.0
False,2016-08-05,10943035,188.0
False,2016-08-06,10943035,188.0
False,2016-08-07,10943035,188.0
False,2016-08-08,10943035,188.0
False,2016-08-09,10943035,188.0
False,2016-08-10,10943035,188.0
False,2016-08-11,10943035,188.0
False,2016-08-12,10943035,188.0
False,2016-08-13,10943035,188.0
False,2016-08-14,10943035,188.0
False,2016-08-15,10943035,188.0
False,2016-08-16,10943035,188.0
False,2016-08-17,10943035,188.0
False,2016-08-18,10943035,188.0
False,2016-08-19,10943035,188.0
False,2016-08-20,10943035,188.0
False,2016-08-21,10943035,188.0
False,2016-08-22,10943035,188.0
False,2016-08-23,10943035,188.0
False,2016-08-24,10943035,188.0
False,2016-08-25,10943035,188.0
False,2016-08-26,10943035,188.0
False,2016-08-27,10943035,188.0
False,2016-08-28,10943035,188.0
False,2016-08-29,10943035,188.0
False,2016-08-30,10943035,188.0
False,2016-08-31,10943035,188.0
False,2016-09-01,10943035,188.0
False,2016-09-02,10943035,188.0
False,2016-09-03,10943035,188.0
False,2016-05-29,6145034,199.0
False,2016-05-30,6145034,199.0
False,2016-05-31,6145034,199.0
False,2016-06-01,6145034,199.0
False,2016-06-02,6145034,199.0
False,2016-06-03,6145034,199.0
False,2016-06-04,6145034,199.0
False,2016-06-05,6145034,199.0
False,2016-06-06,6145034,199.0
False,2016-06-07,6145034,199.0
False,2016-06-08,6145034,199.0
False,2016-06-09,6145034,199.0
False,2016-06-10,6145034,199.0
False,2016-06-11,6145034,199.0
False,2016-06-12,6145034,199.0
False,2016-06-13,6145034,199.0
False,2016-06-14,6145034,199.0
False,2016-06-15,6145034,199.0
False,2016-06-16,6145034,199.0
False,2016-06-17,6145034,199.0
False,2016-06-18,6145034,199.0
False,2016-06-19,6145034,199.0
False,2016-06-20,6145034,199.0
False,2016-06-21,6145034,199.0
False,2016-06-22,6145034,199.0
False,2016-06-23,6145034,199.0
False,2016-06-24,6145034,199.0
False,2016-06-25,6145034,199.0
False,2016-06-26,6145034,199.0
False,2016-06-27,6145034,199.0
False,2016-06-28,6145034,199.0
False,2016-06-29,6145034,199.0
False,2016-06-30,6145034,199.0
False,2016-07-01,6145034,199.0
False,2016-07-02,6145034,199.0
False,2016-07-03,6145034,199.0
False,2016-07-04,6145034,199.0
False,2016-07-05,6145034,199.0
False,2016-07-06,6145034,199.0
False,2016-07-07,6145034,199.0
False,2016-07-08,6145034,199.0
False,2016-07-09,6145034,199.0
False,2016-07-10,6145034,199.0
False,2016-07-11,6145034,199.0
False,2016-07-12,6145034,199.0
False,2016-07-13,6145034,199.0
False,2016-07-14,6145034,199.0
False,2016-07-15,6145034,199.0
False,2016-07-16,6145034,199.0
False,2016-07-17,6145034,199.0
False,2016-07-18,6145034,199.0
False,2016-07-19,6145034,199.0
False,2016-07-20,6145034,199.0
False,2016-07-21,6145034,199.0
False,2016-07-22,6145034,199.0
False,2016-07-23,6145034,199.0
False,2016-07-24,6145034,199.0
False,2016-07-25,6145034,199.0
False,2016-07-26,6145034,199.0
False,2016-07-27,6145034,199.0
False,2016-07-28,6145034,199.0
False,2016-07-29,6145034,199.0
False,2016-07-30,6145034,199.0
False,2016-07-31,6145034,199.0
False,2016-08-01,6145034,199.0
False,2016-08-02,6145034,199.0
False,2016-08-03,6145034,199.0
False,2016-08-04,6145034,199.0
False,2016-08-05,6145034,199.0
False,2016-08-06,6145034,199.0
False,2016-08-07,6145034,199.0
False,2016-08-08,6145034,199.0
False,2016-08-09,6145034,199.0
False,2016-08-10,6145034,199.0
False,2016-08-11,6145034,199.0
False,2016-08-12,6145034,199.0
False,2016-08-13,6145034,199.0
False,2016-08-14,6145034,199.0
True,2016-08-15,6145034,199.0
True,2016-08-16,6145034,199.0
False,2016-08-17,6145034,199.0
False,2016-08-18,6145034,208.0
False,2016-08-19,6145034,208.0
False,2016-08-20,6145034,208.0
False,2016-08-21,6145034,199.0
False,2016-08-22,6145034,199.0
False,2016-08-23,6145034,199.0
False,2016-08-24,6145034,204.0
False,2016-08-25,6145034,204.0
False,2016-08-26,6145034,204.0
False,2016-08-27,6145034,199.0
False,2016-08-28,6145034,204.0
False,2016-08-29,6145034,199.0
False,2016-08-30,6145034,199.0
False,2016-08-31,6145034,199.0
False,2016-09-01,6145034,199.0
False,2016-09-02,6145034,199.0
False,2016-09-03,6145034,199.0
False,2016-05-29,1045685,150.0
False,2016-05-30,1045685,150.0
True,2016-05-31,1045685,150.0
False,2016-06-01,1045685,150.0
False,2016-06-02,1045685,150.0
False,2016-06-03,1045685,150.0
False,2016-06-04,1045685,150.0
False,2016-06-05,1045685,150.0
False,2016-06-06,1045685,150.0
False,2016-06-07,1045685,150.0
False,2016-06-08,1045685,150.0
False,2016-06-09,1045685,150.0
False,2016-06-10,1045685,150.0
False,2016-06-11,1045685,150.0
False,2016-06-12,1045685,150.0
False,2016-06-13,1045685,150.0
False,2016-06-14,1045685,150.0
False,2016-06-15,1045685,150.0
False,2016-06-16,1045685,150.0
False,2016-06-17,1045685,150.0
False,2016-06-18,1045685,150.0
False,2016-06-19,1045685,150.0
False,2016-06-20,1045685,150.0
False,2016-06-21,1045685,150.0
False,2016-06-22,1045685,150.0
False,2016-06-23,1045685,150.0
False,2016-06-24,1045685,150.0
False,2016-06-25,1045685,150.0
False,2016-06-26,1045685,150.0
False,2016-06-27,1045685,150.0
False,2016-06-28,1045685,150.0
False,2016-06-29,1045685,150.0
False,2016-06-30,1045685,150.0
False,2016-07-01,1045685,150.0
False,2016-07-02,1045685,150.0
False,2016-07-03,1045685,150.0
False,2016-07-04,1045685,150.0
False,2016-07-05,1045685,150.0
False,2016-07-06,1045685,150.0
False,2016-07-07,1045685,150.0
False,2016-07-08,1045685,150.0
False,2016-07-09,1045685,150.0
False,2016-07-10,1045685,150.0
False,2016-07-11,1045685,150.0
False,2016-07-12,1045685,150.0
False,2016-07-13,1045685,150.0
False,2016-07-14,1045685,150.0
False,2016-07-15,1045685,150.0
False,2016-07-16,1045685,150.0
False,2016-07-17,1045685,150.0
False,2016-07-18,1045685,150.0
False,2016-07-19,1045685,150.0
False,2016-07-20,1045685,150.0
False,2016-07-21,1045685,150.0
False,2016-07-22,1045685,150.0
False,2016-07-23,1045685,150.0
False,2016-07-24,1045685,150.0
False,2016-07-25,1045685,150.0
False,2016-07-26,1045685,150.0
False,2016-07-27,1045685,150.0
False,2016-07-28,1045685,150.0
False,2016-07-29,1045685,150.0
False,2016-07-30,1045685,150.0
False,2016-07-31,1045685,150.0
False,2016-08-01,1045685,150.0
False,2016-08-02,1045685,150.0
False,2016-08-03,1045685,150.0
False,2016-08-04,1045685,150.0
False,2016-08-05,1045685,150.0
False,2016-08-06,1045685,150.0
False,2016-08-07,1045685,150.0
False,2016-08-08,1045685,150.0
False,2016-08-09,1045685,150.0
False,2016-08-10,1045685,150.0
False,2016-08-11,1045685,150.0
False,2016-08-12,1045685,150.0
False,2016-08-13,1045685,150.0
False,2016-08-14,1045685,150.0
False,2016-08-15,1045685,150.0
False,2016-08-16,1045685,150.0
False,2016-08-17,1045685,150.0
False,2016-08-18,1045685,150.0
False,2016-08-19,1045685,150.0
False,2016-08-20,1045685,150.0
False,2016-08-21,1045685,150.0
False,2016-08-22,1045685,150.0
False,2016-08-23,1045685,150.0
False,2016-08-24,1045685,150.0
False,2016-08-25,1045685,150.0
False,2016-08-26,1045685,150.0
False,2016-08-27,1045685,150.0
False,2016-08-28,1045685,150.0
False,2016-08-29,1045685,150.0
False,2016-08-30,1045685,150.0
False,2016-08-31,1045685,150.0
False,2016-09-01,1045685,150.0
False,2016-09-02,1045685,150.0
False,2016-09-03,1045685,150.0
False,2016-05-29,581216,195.0
True,2016-05-30,581216,195.0
False,2016-05-31,581216,195.0
False,2016-06-01,581216,195.0
False,2016-06-02,581216,195.0
False,2016-06-03,581216,225.0
False,2016-06-04,581216,225.0
False,2016-06-05,581216,195.0
False,2016-06-06,581216,195.0
True,2016-06-07,581216,195.0
True,2016-06-08,581216,195.0
False,2016-06-09,581216,195.0
False,2016-06-10,581216,225.0
False,2016-06-11,581216,225.0
False,2016-06-12,581216,195.0
False,2016-06-13,581216,195.0
False,2016-06-14,581216,195.0
False,2016-06-15,581216,195.0
False,2016-06-16,581216,195.0
False,2016-06-17,581216,225.0
False,2016-06-18,581216,225.0
False,2016-06-19,581216,195.0
False,2016-06-20,581216,195.0
False,2016-06-21,581216,195.0
True,2016-06-22,581216,195.0
True,2016-06-23,581216,195.0
False,2016-06-24,581216,225.0
False,2016-06-25,581216,225.0
False,2016-06-26,581216,195.0
False,2016-06-27,581216,195.0
False,2016-06-28,581216,195.0
True,2016-06-29,581216,195.0
True,2016-06-30,581216,195.0
False,2016-07-01,581216,225.0
False,2016-07-02,581216,225.0
False,2016-07-03,581216,195.0
False,2016-07-04,581216,195.0
False,2016-07-05,581216,195.0
False,2016-07-06,581216,195.0
True,2016-07-07,581216,195.0
True,2016-07-08,581216,225.0
False,2016-07-09,581216,225.0
False,2016-07-10,581216,195.0
False,2016-07-11,581216,195.0
False,2016-07-12,581216,195.0
False,2016-07-13,581216,195.0
False,2016-07-14,581216,195.0
False,2016-07-15,581216,225.0
False,2016-07-16,581216,225.0
False,2016-07-17,581216,195.0
False,2016-07-18,581216,195.0
False,2016-07-19,581216,195.0
False,2016-07-20,581216,195.0
False,2016-07-21,581216,195.0
False,2016-07-22,581216,225.0
False,2016-07-23,581216,225.0
False,2016-07-24,581216,195.0
False,2016-07-25,581216,195.0
False,2016-07-26,581216,195.0
False,2016-07-27,581216,195.0
False,2016-07-28,581216,195.0
False,2016-07-29,581216,225.0
False,2016-07-30,581216,225.0
False,2016-07-31,581216,195.0
True,2016-08-01,581216,199.0
True,2016-08-02,581216,199.0
False,2016-08-03,581216,195.0
False,2016-08-04,581216,195.0
False,2016-08-05,581216,225.0
False,2016-08-06,581216,225.0
True,2016-08-07,581216,199.0
True,2016-08-08,581216,199.0
False,2016-08-09,581216,195.0
False,2016-08-10,581216,195.0
False,2016-08-11,581216,195.0
False,2016-08-12,581216,225.0
False,2016-08-13,581216,225.0
False,2016-08-14,581216,195.0
False,2016-08-15,581216,195.0
False,2016-08-16,581216,195.0
False,2016-08-17,581216,195.0
False,2016-08-18,581216,195.0
False,2016-08-19,581216,225.0
False,2016-08-20,581216,225.0
False,2016-08-21,581216,195.0
True,2016-08-22,581216,195.0
False,2016-08-23,581216,195.0
False,2016-08-24,581216,195.0
False,2016-08-25,581216,195.0
True,2016-08-26,581216,225.0
True,2016-08-27,581216,225.0
False,2016-08-28,581216,195.0
False,2016-08-29,581216,195.0
False,2016-08-30,581216,195.0
True,2016-08-31,581216,195.0
True,2016-09-01,581216,195.0
False,2016-09-02,581216,225.0
False,2016-09-03,581216,225.0
False,2016-05-29,10596363,229.0
False,2016-05-30,10596363,218.0
False,2016-05-31,10596363,217.0
False,2016-06-01,10596363,217.0
False,2016-06-02,10596363,210.0
False,2016-06-03,10596363,200.0
False,2016-06-04,10596363,200.0
False,2016-06-05,10596363,190.0
False,2016-06-06,10596363,219.0
False,2016-06-07,10596363,175.0
False,2016-06-08,10596363,190.0
False,2016-06-09,10596363,190.0
False,2016-06-10,10596363,200.0
False,2016-06-11,10596363,200.0
False,2016-06-12,10596363,190.0
False,2016-06-13,10596363,230.0
False,2016-06-14,10596363,241.0
False,2016-06-15,10596363,241.0
False,2016-06-16,10596363,248.0
False,2016-06-17,10596363,196.0
False,2016-06-18,10596363,219.0
True,2016-06-19,10596363,185.0
False,2016-06-20,10596363,185.0
False,2016-06-21,10596363,185.0
False,2016-06-22,10596363,242.0
False,2016-06-23,10596363,248.0
False,2016-06-24,10596363,248.0
False,2016-06-25,10596363,235.0
False,2016-06-26,10596363,238.0
False,2016-06-27,10596363,238.0
False,2016-06-28,10596363,238.0
False,2016-06-29,10596363,240.0
False,2016-06-30,10596363,240.0
False,2016-07-01,10596363,240.0
False,2016-07-02,10596363,240.0
False,2016-07-03,10596363,158.0
True,2016-07-04,10596363,200.0
False,2016-07-05,10596363,242.0
False,2016-07-06,10596363,245.0
False,2016-07-07,10596363,249.0
False,2016-07-08,10596363,170.0
False,2016-07-09,10596363,252.0
False,2016-07-10,10596363,253.0
False,2016-07-11,10596363,249.0
False,2016-07-12,10596363,168.0
False,2016-07-13,10596363,242.0
False,2016-07-14,10596363,241.0
False,2016-07-15,10596363,253.0
False,2016-07-16,10596363,253.0
False,2016-07-17,10596363,253.0
True,2016-07-18,10596363,184.0
False,2016-07-19,10596363,254.0
False,2016-07-20,10596363,254.0
True,2016-07-21,10596363,225.0
False,2016-07-22,10596363,225.0
False,2016-07-23,10596363,225.0
False,2016-07-24,10596363,215.0
False,2016-07-25,10596363,215.0
False,2016-07-26,10596363,215.0
True,2016-07-27,10596363,215.0
False,2016-07-28,10596363,256.0
False,2016-07-29,10596363,258.0
False,2016-07-30,10596363,258.0
False,2016-07-31,10596363,256.0
False,2016-08-01,10596363,238.0
False,2016-08-02,10596363,241.0
False,2016-08-03,10596363,241.0
False,2016-08-04,10596363,243.0
False,2016-08-05,10596363,238.0
True,2016-08-06,10596363,208.0
False,2016-08-07,10596363,500.0
False,2016-08-08,10596363,242.0
False,2016-08-09,10596363,242.0
False,2016-08-10,10596363,242.0
False,2016-08-11,10596363,242.0
False,2016-08-12,10596363,242.0
False,2016-08-13,10596363,255.0
False,2016-08-14,10596363,255.0
False,2016-08-15,10596363,257.0
False,2016-08-16,10596363,243.0
False,2016-08-17,10596363,242.0
False,2016-08-18,10596363,242.0
False,2016-08-19,10596363,242.0
False,2016-08-20,10596363,242.0
False,2016-08-21,10596363,242.0
False,2016-08-22,10596363,241.0
False,2016-08-23,10596363,239.0
True,2016-08-24,10596363,208.0
True,2016-08-25,10596363,244.0
True,2016-08-26,10596363,253.0
True,2016-08-27,10596363,254.0
True,2016-08-28,10596363,252.0
True,2016-08-29,10596363,252.0
True,2016-08-30,10596363,252.0
True,2016-08-31,10596363,252.0
True,2016-09-01,10596363,253.0
True,2016-09-02,10596363,236.0
False,2016-09-03,10596363,239.0
False,2016-05-29,9608262,158.0
False,2016-05-30,9608262,198.0
False,2016-05-31,9608262,148.0
False,2016-06-01,9608262,148.0
False,2016-06-02,9608262,148.0
False,2016-06-03,9608262,148.0
False,2016-06-04,9608262,148.0
False,2016-06-05,9608262,148.0
False,2016-06-06,9608262,148.0
False,2016-06-07,9608262,148.0
False,2016-06-08,9608262,148.0
False,2016-06-09,9608262,148.0
False,2016-06-10,9608262,148.0
False,2016-06-11,9608262,148.0
False,2016-06-12,9608262,148.0
False,2016-06-13,9608262,148.0
False,2016-06-14,9608262,148.0
False,2016-06-15,9608262,148.0
False,2016-06-16,9608262,148.0
False,2016-06-17,9608262,148.0
False,2016-06-18,9608262,144.0
False,2016-06-19,9608262,148.0
False,2016-06-20,9608262,148.0
False,2016-06-21,9608262,148.0
False,2016-06-22,9608262,148.0
False,2016-06-23,9608262,148.0
False,2016-06-24,9608262,148.0
False,2016-06-25,9608262,148.0
False,2016-06-26,9608262,148.0
False,2016-06-27,9608262,148.0
False,2016-06-28,9608262,148.0
False,2016-06-29,9608262,148.0
False,2016-06-30,9608262,148.0
False,2016-07-01,9608262,148.0
False,2016-07-02,9608262,168.0
False,2016-07-03,9608262,168.0
False,2016-07-04,9608262,148.0
False,2016-07-05,9608262,148.0
False,2016-07-06,9608262,148.0
False,2016-07-07,9608262,148.0
False,2016-07-08,9608262,148.0
False,2016-07-09,9608262,148.0
False,2016-07-10,9608262,148.0
False,2016-07-11,9608262,148.0
False,2016-07-12,9608262,148.0
False,2016-07-13,9608262,148.0
False,2016-07-14,9608262,148.0
False,2016-07-15,9608262,148.0
False,2016-07-16,9608262,148.0
False,2016-07-17,9608262,148.0
False,2016-07-18,9608262,148.0
False,2016-07-19,9608262,148.0
False,2016-07-20,9608262,148.0
False,2016-07-21,9608262,148.0
False,2016-07-22,9608262,148.0
False,2016-07-23,9608262,148.0
False,2016-07-24,9608262,148.0
False,2016-07-25,9608262,148.0
False,2016-07-26,9608262,148.0
False,2016-07-27,9608262,148.0
False,2016-07-28,9608262,148.0
False,2016-07-29,9608262,148.0
False,2016-07-30,9608262,148.0
False,2016-07-31,9608262,148.0
False,2016-08-01,9608262,148.0
False,2016-08-02,9608262,148.0
False,2016-08-03,9608262,148.0
False,2016-08-04,9608262,148.0
False,2016-08-05,9608262,173.0
False,2016-08-06,9608262,173.0
False,2016-08-07,9608262,173.0
False,2016-08-08,9608262,173.0
True,2016-08-09,9608262,173.0
True,2016-08-10,9608262,173.0
True,2016-08-11,9608262,173.0
False,2016-08-12,9608262,148.0
False,2016-08-13,9608262,148.0
False,2016-08-14,9608262,148.0
False,2016-08-15,9608262,148.0
False,2016-08-16,9608262,148.0
False,2016-08-17,9608262,148.0
False,2016-08-18,9608262,148.0
False,2016-08-19,9608262,148.0
False,2016-08-20,9608262,148.0
False,2016-08-21,9608262,148.0
False,2016-08-22,9608262,148.0
False,2016-08-23,9608262,148.0
False,2016-08-24,9608262,148.0
False,2016-08-25,9608262,148.0
False,2016-08-26,9608262,148.0
False,2016-08-27,9608262,148.0
False,2016-08-28,9608262,148.0
False,2016-08-29,9608262,148.0
False,2016-08-30,9608262,148.0
False,2016-08-31,9608262,148.0
False,2016-09-01,9608262,148.0
False,2016-09-02,9608262,148.0
False,2016-09-03,9608262,148.0
False,2016-05-29,8474183,170.0
False,2016-05-30,8474183,135.0
True,2016-05-31,8474183,135.0
True,2016-06-01,8474183,135.0
True,2016-06-02,8474183,135.0
False,2016-06-03,8474183,169.0
False,2016-06-04,8474183,169.0
False,2016-06-05,8474183,170.0
False,2016-06-06,8474183,139.0
False,2016-06-07,8474183,135.0
False,2016-06-08,8474183,139.0
False,2016-06-09,8474183,139.0
False,2016-06-10,8474183,175.0
False,2016-06-11,8474183,175.0
True,2016-06-12,8474183,140.0
False,2016-06-13,8474183,139.0
False,2016-06-14,8474183,139.0
False,2016-06-15,8474183,139.0
True,2016-06-16,8474183,140.0
True,2016-06-17,8474183,160.0
False,2016-06-18,8474183,167.0
False,2016-06-19,8474183,146.0
False,2016-06-20,8474183,144.0
False,2016-06-21,8474183,144.0
False,2016-06-22,8474183,148.0
False,2016-06-23,8474183,153.0
False,2016-06-24,8474183,147.0
False,2016-06-25,8474183,147.0
False,2016-06-26,8474183,170.0
False,2016-06-27,8474183,139.0
False,2016-06-28,8474183,139.0
False,2016-06-29,8474183,139.0
False,2016-06-30,8474183,139.0
False,2016-07-01,8474183,167.0
False,2016-07-02,8474183,167.0
False,2016-07-03,8474183,170.0
False,2016-07-04,8474183,170.0
False,2016-07-05,8474183,165.0
False,2016-07-06,8474183,165.0
False,2016-07-07,8474183,165.0
True,2016-07-08,8474183,145.0
True,2016-07-09,8474183,145.0
False,2016-07-10,8474183,158.0
False,2016-07-11,8474183,163.0
False,2016-07-12,8474183,163.0
False,2016-07-13,8474183,167.0
False,2016-07-14,8474183,172.0
True,2016-07-15,8474183,145.0
False,2016-07-16,8474183,178.0
True,2016-07-17,8474183,173.0
True,2016-07-18,8474183,172.0
True,2016-07-19,8474183,172.0
False,2016-07-20,8474183,169.0
False,2016-07-21,8474183,177.0
False,2016-07-22,8474183,181.0
False,2016-07-23,8474183,182.0
True,2016-07-24,8474183,145.0
False,2016-07-25,8474183,167.0
False,2016-07-26,8474183,169.0
False,2016-07-27,8474183,173.0
False,2016-07-28,8474183,180.0
False,2016-07-29,8474183,189.0
False,2016-07-30,8474183,190.0
False,2016-07-31,8474183,178.0
False,2016-08-01,8474183,176.0
False,2016-08-02,8474183,176.0
False,2016-08-03,8474183,181.0
False,2016-08-04,8474183,246.0
False,2016-08-05,8474183,167.0
False,2016-08-06,8474183,167.0
False,2016-08-07,8474183,195.0
False,2016-08-08,8474183,167.0
True,2016-08-09,8474183,175.0
True,2016-08-10,8474183,179.0
True,2016-08-11,8474183,185.0
True,2016-08-12,8474183,190.0
True,2016-08-13,8474183,190.0
True,2016-08-14,8474183,178.0
True,2016-08-15,8474183,177.0
True,2016-08-16,8474183,177.0
True,2016-08-17,8474183,180.0
True,2016-08-18,8474183,184.0
True,2016-08-19,8474183,189.0
True,2016-08-20,8474183,190.0
True,2016-08-21,8474183,176.0
True,2016-08-22,8474183,175.0
True,2016-08-23,8474183,174.0
True,2016-08-24,8474183,177.0
True,2016-08-25,8474183,183.0
True,2016-08-26,8474183,188.0
True,2016-08-27,8474183,188.0
True,2016-08-28,8474183,175.0
True,2016-08-29,8474183,174.0
True,2016-08-30,8474183,173.0
True,2016-08-31,8474183,176.0
True,2016-09-01,8474183,181.0
True,2016-09-02,8474183,186.0
True,2016-09-03,8474183,188.0
False,2016-05-29,1961036,275.0
False,2016-05-30,1961036,275.0
False,2016-05-31,1961036,275.0
False,2016-06-01,1961036,275.0
False,2016-06-02,1961036,275.0
True,2016-06-03,1961036,275.0
False,2016-06-04,1961036,275.0
False,2016-06-05,1961036,275.0
False,2016-06-06,1961036,275.0
False,2016-06-07,1961036,275.0
False,2016-06-08,1961036,275.0
False,2016-06-09,1961036,275.0
False,2016-06-10,1961036,275.0
False,2016-06-11,1961036,275.0
False,2016-06-12,1961036,275.0
False,2016-06-13,1961036,275.0
False,2016-06-14,1961036,275.0
False,2016-06-15,1961036,275.0
False,2016-06-16,1961036,275.0
False,2016-06-17,1961036,275.0
False,2016-06-18,1961036,275.0
False,2016-06-19,1961036,275.0
False,2016-06-20,1961036,275.0
False,2016-06-21,1961036,275.0
False,2016-06-22,1961036,275.0
False,2016-06-23,1961036,275.0
False,2016-06-24,1961036,275.0
False,2016-06-25,1961036,275.0
False,2016-06-26,1961036,275.0
True,2016-06-27,1961036,275.0
True,2016-06-28,1961036,275.0
True,2016-06-29,1961036,275.0
True,2016-06-30,1961036,275.0
True,2016-07-01,1961036,275.0
True,2016-07-02,1961036,275.0
True,2016-07-03,1961036,275.0
True,2016-07-04,1961036,275.0
False,2016-07-05,1961036,275.0
False,2016-07-06,1961036,275.0
False,2016-07-07,1961036,275.0
False,2016-07-08,1961036,275.0
False,2016-07-09,1961036,275.0
False,2016-07-10,1961036,275.0
False,2016-07-11,1961036,275.0
False,2016-07-12,1961036,275.0
False,2016-07-13,1961036,275.0
True,2016-07-14,1961036,275.0
True,2016-07-15,1961036,275.0
True,2016-07-16,1961036,275.0
False,2016-07-17,1961036,395.0
False,2016-07-18,1961036,395.0
False,2016-07-19,1961036,395.0
False,2016-07-20,1961036,395.0
False,2016-07-21,1961036,395.0
True,2016-07-22,1961036,395.0
True,2016-07-23,1961036,395.0
False,2016-07-24,1961036,275.0
False,2016-07-25,1961036,275.0
False,2016-07-26,1961036,275.0
False,2016-07-27,1961036,275.0
False,2016-07-28,1961036,275.0
False,2016-07-29,1961036,275.0
False,2016-07-30,1961036,275.0
False,2016-07-31,1961036,275.0
False,2016-08-01,1961036,275.0
False,2016-08-02,1961036,275.0
False,2016-08-03,1961036,275.0
False,2016-08-04,1961036,275.0
False,2016-08-05,1961036,275.0
False,2016-08-06,1961036,275.0
False,2016-08-07,1961036,275.0
False,2016-08-08,1961036,275.0
False,2016-08-09,1961036,275.0
False,2016-08-10,1961036,275.0
False,2016-08-11,1961036,275.0
False,2016-08-12,1961036,275.0
False,2016-08-13,1961036,275.0
False,2016-08-14,1961036,275.0
False,2016-08-15,1961036,275.0
False,2016-08-16,1961036,275.0
False,2016-08-17,1961036,275.0
False,2016-08-18,1961036,275.0
False,2016-08-19,1961036,275.0
False,2016-08-20,1961036,275.0
False,2016-08-21,1961036,275.0
False,2016-08-22,1961036,275.0
False,2016-08-23,1961036,275.0
False,2016-08-24,1961036,275.0
False,2016-08-25,1961036,275.0
False,2016-08-26,1961036,275.0
False,2016-08-27,1961036,275.0
False,2016-08-28,1961036,275.0
False,2016-08-29,1961036,275.0
False,2016-08-30,1961036,275.0
False,2016-08-31,1961036,275.0
False,2016-09-01,1961036,275.0
False,2016-09-02,1961036,275.0
False,2016-09-03,1961036,275.0
True,2016-05-29,7919970,130.0
False,2016-05-30,7919970,130.0
False,2016-05-31,7919970,130.0
False,2016-06-01,7919970,130.0
False,2016-06-02,7919970,130.0
False,2016-06-03,7919970,130.0
False,2016-06-04,7919970,130.0
False,2016-06-05,7919970,130.0
False,2016-06-06,7919970,130.0
False,2016-06-07,7919970,130.0
False,2016-06-08,7919970,130.0
False,2016-06-09,7919970,130.0
False,2016-06-10,7919970,130.0
False,2016-06-11,7919970,130.0
False,2016-06-12,7919970,130.0
False,2016-06-13,7919970,130.0
False,2016-06-14,7919970,130.0
False,2016-06-15,7919970,130.0
False,2016-06-16,7919970,130.0
False,2016-06-17,7919970,125.0
False,2016-06-18,7919970,125.0
False,2016-06-19,7919970,130.0
False,2016-06-20,7919970,130.0
False,2016-06-21,7919970,130.0
False,2016-06-22,7919970,130.0
False,2016-06-23,7919970,130.0
False,2016-06-24,7919970,150.0
False,2016-06-25,7919970,150.0
False,2016-06-26,7919970,130.0
False,2016-06-27,7919970,130.0
False,2016-06-28,7919970,130.0
False,2016-06-29,7919970,130.0
False,2016-06-30,7919970,130.0
True,2016-07-01,7919970,200.0
False,2016-07-02,7919970,200.0
False,2016-07-03,7919970,200.0
False,2016-07-04,7919970,200.0
False,2016-07-05,7919970,130.0
False,2016-07-06,7919970,130.0
False,2016-07-07,7919970,130.0
False,2016-07-08,7919970,130.0
False,2016-07-09,7919970,130.0
False,2016-07-10,7919970,130.0
False,2016-07-11,7919970,130.0
False,2016-07-12,7919970,130.0
False,2016-07-13,7919970,130.0
False,2016-07-14,7919970,130.0
False,2016-07-15,7919970,130.0
False,2016-07-16,7919970,130.0
False,2016-07-17,7919970,130.0
False,2016-07-18,7919970,130.0
False,2016-07-19,7919970,130.0
False,2016-07-20,7919970,130.0
False,2016-07-21,7919970,130.0
False,2016-07-22,7919970,130.0
False,2016-07-23,7919970,130.0
False,2016-07-24,7919970,130.0
False,2016-07-25,7919970,130.0
False,2016-07-26,7919970,130.0
False,2016-07-27,7919970,130.0
False,2016-07-28,7919970,130.0
False,2016-07-29,7919970,130.0
False,2016-07-30,7919970,130.0
False,2016-07-31,7919970,130.0
False,2016-08-01,7919970,130.0
False,2016-08-02,7919970,130.0
False,2016-08-03,7919970,130.0
False,2016-08-04,7919970,130.0
False,2016-08-05,7919970,130.0
False,2016-08-06,7919970,130.0
False,2016-08-07,7919970,130.0
False,2016-08-08,7919970,130.0
False,2016-08-09,7919970,130.0
False,2016-08-10,7919970,130.0
False,2016-08-11,7919970,130.0
False,2016-08-12,7919970,130.0
False,2016-08-13,7919970,130.0
False,2016-08-14,7919970,130.0
False,2016-08-15,7919970,130.0
False,2016-08-16,7919970,130.0
False,2016-08-17,7919970,130.0
False,2016-08-18,7919970,130.0
False,2016-08-19,7919970,130.0
False,2016-08-20,7919970,130.0
False,2016-08-21,7919970,130.0
False,2016-08-22,7919970,130.0
False,2016-08-23,7919970,130.0
False,2016-08-24,7919970,130.0
False,2016-08-25,7919970,130.0
False,2016-08-26,7919970,130.0
False,2016-08-27,7919970,130.0
False,2016-08-28,7919970,130.0
False,2016-08-29,7919970,130.0
False,2016-08-30,7919970,130.0
False,2016-08-31,7919970,130.0
False,2016-09-01,7919970,130.0
False,2016-09-02,7919970,130.0
False,2016-09-03,7919970,130.0
False,2016-05-29,10745423,200.0
False,2016-05-30,10745423,200.0
False,2016-05-31,10745423,200.0
False,2016-06-01,10745423,200.0
False,2016-06-02,10745423,200.0
False,2016-06-03,10745423,225.0
False,2016-06-04,10745423,225.0
False,2016-06-05,10745423,200.0
False,2016-06-06,10745423,200.0
False,2016-06-07,10745423,200.0
False,2016-06-08,10745423,200.0
False,2016-06-09,10745423,200.0
False,2016-06-10,10745423,225.0
False,2016-06-11,10745423,225.0
False,2016-06-12,10745423,200.0
False,2016-06-13,10745423,200.0
False,2016-06-14,10745423,200.0
False,2016-06-15,10745423,200.0
False,2016-06-16,10745423,200.0
False,2016-06-17,10745423,225.0
False,2016-06-18,10745423,225.0
False,2016-06-19,10745423,200.0
False,2016-06-20,10745423,200.0
False,2016-06-21,10745423,180.0
False,2016-06-22,10745423,180.0
False,2016-06-23,10745423,180.0
False,2016-06-24,10745423,200.0
False,2016-06-25,10745423,200.0
False,2016-06-26,10745423,180.0
False,2016-06-27,10745423,200.0
False,2016-06-28,10745423,200.0
False,2016-06-29,10745423,200.0
False,2016-06-30,10745423,200.0
False,2016-07-01,10745423,225.0
False,2016-07-02,10745423,225.0
False,2016-07-03,10745423,200.0
False,2016-07-04,10745423,200.0
False,2016-07-05,10745423,200.0
False,2016-07-06,10745423,200.0
False,2016-07-07,10745423,200.0
False,2016-07-08,10745423,225.0
False,2016-07-09,10745423,225.0
False,2016-07-10,10745423,200.0
False,2016-07-11,10745423,200.0
True,2016-07-12,10745423,180.0
True,2016-07-13,10745423,180.0
False,2016-07-14,10745423,180.0
False,2016-07-15,10745423,200.0
False,2016-07-16,10745423,200.0
False,2016-07-17,10745423,200.0
False,2016-07-18,10745423,200.0
False,2016-07-19,10745423,200.0
False,2016-07-20,10745423,200.0
False,2016-07-21,10745423,200.0
False,2016-07-22,10745423,225.0
False,2016-07-23,10745423,225.0
False,2016-07-24,10745423,200.0
False,2016-07-25,10745423,200.0
False,2016-07-26,10745423,200.0
False,2016-07-27,10745423,200.0
False,2016-07-28,10745423,200.0
False,2016-07-29,10745423,225.0
False,2016-07-30,10745423,225.0
False,2016-07-31,10745423,200.0
False,2016-08-01,10745423,200.0
False,2016-08-02,10745423,200.0
False,2016-08-03,10745423,200.0
False,2016-08-04,10745423,200.0
False,2016-08-05,10745423,225.0
False,2016-08-06,10745423,225.0
False,2016-08-07,10745423,200.0
False,2016-08-08,10745423,200.0
False,2016-08-09,10745423,200.0
False,2016-08-10,10745423,200.0
False,2016-08-11,10745423,200.0
False,2016-08-12,10745423,225.0
False,2016-08-13,10745423,225.0
False,2016-08-14,10745423,200.0
False,2016-08-15,10745423,200.0
False,2016-08-16,10745423,200.0
False,2016-08-17,10745423,200.0
False,2016-08-18,10745423,200.0
False,2016-08-19,10745423,225.0
False,2016-08-20,10745423,225.0
False,2016-08-21,10745423,200.0
False,2016-08-22,10745423,200.0
False,2016-08-23,10745423,200.0
False,2016-08-24,10745423,200.0
False,2016-08-25,10745423,200.0
False,2016-08-26,10745423,225.0
False,2016-08-27,10745423,225.0
False,2016-08-28,10745423,200.0
False,2016-08-29,10745423,200.0
False,2016-08-30,10745423,200.0
False,2016-08-31,10745423,200.0
False,2016-09-01,10745423,200.0
False,2016-09-02,10745423,225.0
False,2016-09-03,10745423,225.0
False,2016-05-29,1868880,395.0
False,2016-05-30,1868880,395.0
False,2016-05-31,1868880,395.0
False,2016-06-01,1868880,395.0
False,2016-06-02,1868880,395.0
False,2016-06-03,1868880,395.0
False,2016-06-04,1868880,395.0
False,2016-06-05,1868880,395.0
False,2016-06-06,1868880,395.0
False,2016-06-07,1868880,395.0
True,2016-06-08,1868880,395.0
False,2016-06-09,1868880,395.0
False,2016-06-10,1868880,395.0
False,2016-06-11,1868880,395.0
False,2016-06-12,1868880,395.0
False,2016-06-13,1868880,395.0
False,2016-06-14,1868880,395.0
False,2016-06-15,1868880,395.0
False,2016-06-16,1868880,395.0
False,2016-06-17,1868880,395.0
False,2016-06-18,1868880,395.0
True,2016-06-19,1868880,395.0
True,2016-06-20,1868880,395.0
True,2016-06-21,1868880,395.0
False,2016-06-22,1868880,395.0
False,2016-06-23,1868880,395.0
False,2016-06-24,1868880,395.0
False,2016-06-25,1868880,395.0
False,2016-06-26,1868880,395.0
True,2016-06-27,1868880,349.0
False,2016-06-28,1868880,349.0
False,2016-06-29,1868880,349.0
False,2016-06-30,1868880,349.0
True,2016-07-01,1868880,349.0
False,2016-07-02,1868880,349.0
False,2016-07-03,1868880,349.0
False,2016-07-04,1868880,349.0
False,2016-07-05,1868880,349.0
False,2016-07-06,1868880,349.0
False,2016-07-07,1868880,349.0
True,2016-07-08,1868880,349.0
True,2016-07-09,1868880,349.0
True,2016-07-10,1868880,349.0
True,2016-07-11,1868880,349.0
False,2016-07-12,1868880,349.0
False,2016-07-13,1868880,349.0
False,2016-07-14,1868880,349.0
True,2016-07-15,1868880,349.0
False,2016-07-16,1868880,395.0
False,2016-07-17,1868880,395.0
False,2016-07-18,1868880,395.0
False,2016-07-19,1868880,395.0
False,2016-07-20,1868880,395.0
False,2016-07-21,1868880,395.0
False,2016-07-22,1868880,395.0
False,2016-07-23,1868880,395.0
False,2016-07-24,1868880,395.0
False,2016-07-25,1868880,395.0
False,2016-07-26,1868880,395.0
False,2016-07-27,1868880,395.0
False,2016-07-28,1868880,395.0
False,2016-07-29,1868880,395.0
False,2016-07-30,1868880,395.0
True,2016-07-31,1868880,395.0
True,2016-08-01,1868880,395.0
True,2016-08-02,1868880,395.0
False,2016-08-03,1868880,395.0
False,2016-08-04,1868880,395.0
False,2016-08-05,1868880,395.0
True,2016-08-06,1868880,395.0
True,2016-08-07,1868880,395.0
True,2016-08-08,1868880,395.0
False,2016-08-09,1868880,395.0
False,2016-08-10,1868880,395.0
False,2016-08-11,1868880,395.0
False,2016-08-12,1868880,395.0
True,2016-08-13,1868880,395.0
True,2016-08-14,1868880,395.0
False,2016-08-15,1868880,395.0
False,2016-08-16,1868880,395.0
False,2016-08-17,1868880,395.0
True,2016-08-18,1868880,395.0
True,2016-08-19,1868880,395.0
True,2016-08-20,1868880,395.0
True,2016-08-21,1868880,395.0
True,2016-08-22,1868880,395.0
True,2016-08-23,1868880,395.0
True,2016-08-24,1868880,395.0
True,2016-08-25,1868880,395.0
True,2016-08-26,1868880,395.0
True,2016-08-27,1868880,395.0
True,2016-08-28,1868880,395.0
True,2016-08-29,1868880,395.0
True,2016-08-30,1868880,395.0
True,2016-08-31,1868880,395.0
True,2016-09-01,1868880,395.0
True,2016-09-02,1868880,395.0
True,2016-09-03,1868880,395.0
False,2016-05-29,6063800,375.0
False,2016-05-30,6063800,375.0
False,2016-05-31,6063800,375.0
False,2016-06-01,6063800,375.0
False,2016-06-02,6063800,375.0
False,2016-06-03,6063800,375.0
False,2016-06-04,6063800,375.0
False,2016-06-05,6063800,375.0
False,2016-06-06,6063800,375.0
False,2016-06-07,6063800,375.0
False,2016-06-08,6063800,375.0
False,2016-06-09,6063800,375.0
False,2016-06-10,6063800,375.0
False,2016-06-11,6063800,375.0
False,2016-06-12,6063800,375.0
False,2016-06-13,6063800,375.0
False,2016-06-14,6063800,375.0
False,2016-06-15,6063800,375.0
False,2016-06-16,6063800,375.0
False,2016-06-17,6063800,375.0
False,2016-06-18,6063800,375.0
False,2016-06-19,6063800,375.0
False,2016-06-20,6063800,375.0
False,2016-06-21,6063800,375.0
False,2016-06-22,6063800,375.0
False,2016-06-23,6063800,375.0
False,2016-06-24,6063800,375.0
False,2016-06-25,6063800,375.0
False,2016-06-26,6063800,375.0
False,2016-06-27,6063800,375.0
False,2016-06-28,6063800,375.0
False,2016-06-29,6063800,375.0
False,2016-06-30,6063800,375.0
False,2016-07-01,6063800,375.0
False,2016-07-02,6063800,375.0
False,2016-07-03,6063800,375.0
False,2016-07-04,6063800,375.0
False,2016-07-05,6063800,375.0
False,2016-07-06,6063800,375.0
False,2016-07-07,6063800,375.0
False,2016-07-08,6063800,375.0
False,2016-07-09,6063800,375.0
False,2016-07-10,6063800,375.0
False,2016-07-11,6063800,375.0
False,2016-07-12,6063800,375.0
False,2016-07-13,6063800,375.0
False,2016-07-14,6063800,375.0
False,2016-07-15,6063800,375.0
False,2016-07-16,6063800,375.0
False,2016-07-17,6063800,375.0
False,2016-07-18,6063800,375.0
False,2016-07-19,6063800,375.0
False,2016-07-20,6063800,375.0
False,2016-07-21,6063800,375.0
False,2016-07-22,6063800,375.0
False,2016-07-23,6063800,375.0
False,2016-07-24,6063800,375.0
False,2016-07-25,6063800,375.0
False,2016-07-26,6063800,375.0
False,2016-07-27,6063800,375.0
False,2016-07-28,6063800,375.0
False,2016-07-29,6063800,375.0
False,2016-07-30,6063800,375.0
False,2016-07-31,6063800,375.0
False,2016-08-01,6063800,375.0
False,2016-08-02,6063800,375.0
False,2016-08-03,6063800,375.0
False,2016-08-04,6063800,375.0
False,2016-08-05,6063800,375.0
False,2016-08-06,6063800,375.0
False,2016-08-07,6063800,375.0
False,2016-08-08,6063800,375.0
False,2016-08-09,6063800,375.0
False,2016-08-10,6063800,375.0
False,2016-08-11,6063800,375.0
False,2016-08-12,6063800,375.0
False,2016-08-13,6063800,375.0
False,2016-08-14,6063800,375.0
False,2016-08-15,6063800,375.0
False,2016-08-16,6063800,375.0
False,2016-08-17,6063800,375.0
False,2016-08-18,6063800,375.0
False,2016-08-19,6063800,375.0
False,2016-08-20,6063800,375.0
False,2016-08-21,6063800,375.0
False,2016-08-22,6063800,375.0
False,2016-08-23,6063800,375.0
False,2016-08-24,6063800,375.0
False,2016-08-25,6063800,375.0
False,2016-08-26,6063800,375.0
False,2016-08-27,6063800,375.0
False,2016-08-28,6063800,375.0
False,2016-08-29,6063800,375.0
False,2016-08-30,6063800,375.0
False,2016-08-31,6063800,375.0
False,2016-09-01,6063800,375.0
False,2016-09-02,6063800,375.0
False,2016-09-03,6063800,375.0
False,2016-05-29,13129811,98.0
False,2016-05-30,13129811,98.0
False,2016-05-31,13129811,98.0
False,2016-06-01,13129811,98.0
False,2016-06-02,13129811,119.0
False,2016-06-03,13129811,120.0
True,2016-06-04,13129811,98.0
False,2016-06-05,13129811,106.0
True,2016-06-06,13129811,98.0
False,2016-06-07,13129811,98.0
False,2016-06-08,13129811,98.0
False,2016-06-09,13129811,98.0
False,2016-06-10,13129811,98.0
False,2016-06-11,13129811,98.0
True,2016-06-12,13129811,98.0
False,2016-06-13,13129811,98.0
False,2016-06-14,13129811,98.0
False,2016-06-15,13129811,98.0
False,2016-06-16,13129811,98.0
False,2016-06-17,13129811,98.0
False,2016-06-18,13129811,106.0
True,2016-06-19,13129811,98.0
False,2016-06-20,13129811,98.0
False,2016-06-21,13129811,98.0
False,2016-06-22,13129811,98.0
False,2016-06-23,13129811,98.0
False,2016-06-24,13129811,98.0
False,2016-06-25,13129811,98.0
False,2016-06-26,13129811,98.0
False,2016-06-27,13129811,98.0
False,2016-06-28,13129811,98.0
False,2016-06-29,13129811,98.0
False,2016-06-30,13129811,98.0
False,2016-07-01,13129811,98.0
False,2016-07-02,13129811,98.0
False,2016-07-03,13129811,98.0
False,2016-07-04,13129811,98.0
False,2016-07-05,13129811,98.0
False,2016-07-06,13129811,98.0
False,2016-07-07,13129811,98.0
False,2016-07-08,13129811,98.0
False,2016-07-09,13129811,98.0
False,2016-07-10,13129811,98.0
False,2016-07-11,13129811,98.0
False,2016-07-12,13129811,98.0
False,2016-07-13,13129811,98.0
False,2016-07-14,13129811,98.0
False,2016-07-15,13129811,98.0
False,2016-07-16,13129811,98.0
False,2016-07-17,13129811,98.0
False,2016-07-18,13129811,98.0
False,2016-07-19,13129811,98.0
False,2016-07-20,13129811,98.0
False,2016-07-21,13129811,98.0
False,2016-07-22,13129811,111.0
False,2016-07-23,13129811,111.0
False,2016-07-24,13129811,107.0
False,2016-07-25,13129811,183.0
False,2016-07-26,13129811,183.0
False,2016-07-27,13129811,178.0
False,2016-07-28,13129811,98.0
False,2016-07-29,13129811,188.0
False,2016-07-30,13129811,185.0
False,2016-07-31,13129811,100.0
False,2016-08-01,13129811,99.0
False,2016-08-02,13129811,98.0
False,2016-08-03,13129811,98.0
False,2016-08-04,13129811,106.0
False,2016-08-05,13129811,106.0
False,2016-08-06,13129811,106.0
False,2016-08-07,13129811,108.0
False,2016-08-08,13129811,100.0
False,2016-08-09,13129811,99.0
False,2016-08-10,13129811,100.0
False,2016-08-11,13129811,107.0
False,2016-08-12,13129811,108.0
False,2016-08-13,13129811,108.0
False,2016-08-14,13129811,98.0
False,2016-08-15,13129811,98.0
False,2016-08-16,13129811,98.0
False,2016-08-17,13129811,98.0
False,2016-08-18,13129811,99.0
False,2016-08-19,13129811,99.0
False,2016-08-20,13129811,99.0
False,2016-08-21,13129811,98.0
False,2016-08-22,13129811,98.0
False,2016-08-23,13129811,98.0
False,2016-08-24,13129811,98.0
False,2016-08-25,13129811,100.0
False,2016-08-26,13129811,100.0
False,2016-08-27,13129811,100.0
False,2016-08-28,13129811,99.0
False,2016-08-29,13129811,98.0
False,2016-08-30,13129811,98.0
False,2016-08-31,13129811,98.0
False,2016-09-01,13129811,101.0
False,2016-09-02,13129811,102.0
False,2016-09-03,13129811,103.0
True,2016-05-29,13623892,180.0
True,2016-05-30,13623892,180.0
True,2016-05-31,13623892,180.0
True,2016-06-01,13623892,180.0
True,2016-06-02,13623892,180.0
True,2016-06-03,13623892,180.0
True,2016-06-04,13623892,180.0
True,2016-06-05,13623892,180.0
True,2016-06-06,13623892,180.0
True,2016-06-07,13623892,180.0
True,2016-06-08,13623892,180.0
True,2016-06-09,13623892,180.0
True,2016-06-10,13623892,180.0
True,2016-06-11,13623892,180.0
True,2016-06-12,13623892,180.0
True,2016-06-13,13623892,180.0
True,2016-06-14,13623892,180.0
True,2016-06-15,13623892,180.0
True,2016-06-16,13623892,180.0
True,2016-06-17,13623892,180.0
True,2016-06-18,13623892,180.0
True,2016-06-19,13623892,180.0
True,2016-06-20,13623892,180.0
True,2016-06-21,13623892,180.0
True,2016-06-22,13623892,180.0
True,2016-06-23,13623892,180.0
True,2016-06-24,13623892,180.0
False,2016-06-25,13623892,180.0
False,2016-06-26,13623892,180.0
True,2016-06-27,13623892,180.0
False,2016-06-28,13623892,180.0
False,2016-06-29,13623892,180.0
False,2016-06-30,13623892,180.0
False,2016-07-01,13623892,180.0
False,2016-07-02,13623892,180.0
False,2016-07-03,13623892,180.0
False,2016-07-04,13623892,180.0
False,2016-07-05,13623892,180.0
False,2016-07-06,13623892,180.0
False,2016-07-07,13623892,180.0
False,2016-07-08,13623892,180.0
False,2016-07-09,13623892,195.0
False,2016-07-10,13623892,180.0
True,2016-07-11,13623892,180.0
False,2016-07-12,13623892,180.0
False,2016-07-13,13623892,180.0
False,2016-07-14,13623892,180.0
False,2016-07-15,13623892,200.0
True,2016-07-16,13623892,200.0
False,2016-07-17,13623892,180.0
False,2016-07-18,13623892,180.0
False,2016-07-19,13623892,180.0
False,2016-07-20,13623892,180.0
False,2016-07-21,13623892,180.0
False,2016-07-22,13623892,200.0
False,2016-07-23,13623892,200.0
False,2016-07-24,13623892,180.0
True,2016-07-25,13623892,200.0
False,2016-07-26,13623892,200.0
False,2016-07-27,13623892,200.0
False,2016-07-28,13623892,200.0
True,2016-07-29,13623892,200.0
False,2016-07-30,13623892,200.0
False,2016-07-31,13623892,180.0
False,2016-08-01,13623892,180.0
False,2016-08-02,13623892,195.0
False,2016-08-03,13623892,195.0
False,2016-08-04,13623892,195.0
False,2016-08-05,13623892,180.0
False,2016-08-06,13623892,180.0
False,2016-08-07,13623892,180.0
False,2016-08-08,13623892,180.0
False,2016-08-09,13623892,195.0
False,2016-08-10,13623892,195.0
True,2016-08-11,13623892,195.0
False,2016-08-12,13623892,200.0
False,2016-08-13,13623892,200.0
True,2016-08-14,13623892,195.0
False,2016-08-15,13623892,195.0
False,2016-08-16,13623892,195.0
True,2016-08-17,13623892,195.0
False,2016-08-18,13623892,180.0
False,2016-08-19,13623892,180.0
False,2016-08-20,13623892,220.0
False,2016-08-21,13623892,195.0
False,2016-08-22,13623892,195.0
True,2016-08-23,13623892,195.0
True,2016-08-24,13623892,195.0
False,2016-08-25,13623892,195.0
False,2016-08-26,13623892,220.0
False,2016-08-27,13623892,220.0
False,2016-08-28,13623892,195.0
False,2016-08-29,13623892,195.0
False,2016-08-30,13623892,195.0
False,2016-08-31,13623892,195.0
False,2016-09-01,13623892,195.0
False,2016-09-02,13623892,220.0
False,2016-09-03,13623892,220.0
False,2016-05-29,2889301,145.0
False,2016-05-30,2889301,163.0
False,2016-05-31,2889301,165.0
False,2016-06-01,2889301,155.0
False,2016-06-02,2889301,156.0
False,2016-06-03,2889301,240.0
False,2016-06-04,2889301,240.0
False,2016-06-05,2889301,176.0
False,2016-06-06,2889301,173.0
False,2016-06-07,2889301,270.0
False,2016-06-08,2889301,270.0
False,2016-06-09,2889301,250.0
False,2016-06-10,2889301,350.0
False,2016-06-11,2889301,350.0
False,2016-06-12,2889301,350.0
False,2016-06-13,2889301,350.0
False,2016-06-14,2889301,350.0
False,2016-06-15,2889301,350.0
False,2016-06-16,2889301,350.0
False,2016-06-17,2889301,350.0
False,2016-06-18,2889301,350.0
False,2016-06-19,2889301,230.0
False,2016-06-20,2889301,260.0
False,2016-06-21,2889301,230.0
False,2016-06-22,2889301,270.0
False,2016-06-23,2889301,270.0
False,2016-06-24,2889301,250.0
False,2016-06-25,2889301,350.0
False,2016-06-26,2889301,385.0
False,2016-06-27,2889301,385.0
True,2016-06-28,2889301,170.0
False,2016-06-29,2889301,197.0
False,2016-06-30,2889301,204.0
False,2016-07-01,2889301,254.0
False,2016-07-02,2889301,208.0
False,2016-07-03,2889301,232.0
True,2016-07-04,2889301,222.0
True,2016-07-05,2889301,145.0
True,2016-07-06,2889301,131.0
False,2016-07-07,2889301,200.0
False,2016-07-08,2889301,200.0
True,2016-07-09,2889301,118.0
False,2016-07-10,2889301,209.0
False,2016-07-11,2889301,219.0
False,2016-07-12,2889301,219.0
False,2016-07-13,2889301,219.0
False,2016-07-14,2889301,235.0
False,2016-07-15,2889301,245.0
False,2016-07-16,2889301,245.0
False,2016-07-17,2889301,235.0
False,2016-07-18,2889301,235.0
False,2016-07-19,2889301,235.0
False,2016-07-20,2889301,235.0
False,2016-07-21,2889301,245.0
False,2016-07-22,2889301,245.0
False,2016-07-23,2889301,267.0
False,2016-07-24,2889301,275.0
False,2016-07-25,2889301,275.0
False,2016-07-26,2889301,275.0
False,2016-07-27,2889301,275.0
True,2016-07-28,2889301,154.0
False,2016-07-29,2889301,285.0
False,2016-07-30,2889301,285.0
False,2016-07-31,2889301,285.0
False,2016-08-01,2889301,285.0
False,2016-08-02,2889301,285.0
False,2016-08-03,2889301,285.0
False,2016-08-04,2889301,395.0
False,2016-08-05,2889301,455.0
False,2016-08-06,2889301,455.0
False,2016-08-07,2889301,259.0
False,2016-08-08,2889301,252.0
False,2016-08-09,2889301,285.0
False,2016-08-10,2889301,285.0
False,2016-08-11,2889301,285.0
False,2016-08-12,2889301,285.0
False,2016-08-13,2889301,285.0
False,2016-08-14,2889301,305.0
False,2016-08-15,2889301,305.0
False,2016-08-16,2889301,305.0
False,2016-08-17,2889301,305.0
False,2016-08-18,2889301,305.0
False,2016-08-19,2889301,305.0
False,2016-08-20,2889301,305.0
False,2016-08-21,2889301,385.0
False,2016-08-22,2889301,385.0
False,2016-08-23,2889301,385.0
False,2016-08-24,2889301,385.0
False,2016-08-25,2889301,385.0
False,2016-08-26,2889301,385.0
False,2016-08-27,2889301,385.0
False,2016-08-28,2889301,385.0
False,2016-08-29,2889301,385.0
False,2016-08-30,2889301,385.0
False,2016-08-31,2889301,385.0
False,2016-09-01,2889301,385.0
False,2016-09-02,2889301,385.0
False,2016-09-03,2889301,385.0
False,2016-05-29,13676473,300.0
False,2016-05-30,13676473,300.0
False,2016-05-31,13676473,300.0
False,2016-06-01,13676473,300.0
False,2016-06-02,13676473,300.0
False,2016-06-03,13676473,300.0
False,2016-06-04,13676473,300.0
False,2016-06-05,13676473,300.0
False,2016-06-06,13676473,300.0
False,2016-06-07,13676473,300.0
False,2016-06-08,13676473,300.0
False,2016-06-09,13676473,300.0
False,2016-06-10,13676473,300.0
False,2016-06-11,13676473,300.0
False,2016-06-12,13676473,300.0
False,2016-06-13,13676473,300.0
False,2016-06-14,13676473,300.0
False,2016-06-15,13676473,300.0
False,2016-06-16,13676473,300.0
False,2016-06-17,13676473,300.0
False,2016-06-18,13676473,300.0
False,2016-06-19,13676473,300.0
False,2016-06-20,13676473,300.0
False,2016-06-21,13676473,300.0
False,2016-06-22,13676473,300.0
False,2016-06-23,13676473,300.0
False,2016-06-24,13676473,300.0
False,2016-06-25,13676473,300.0
False,2016-06-26,13676473,300.0
False,2016-06-27,13676473,300.0
False,2016-06-28,13676473,300.0
False,2016-06-29,13676473,300.0
False,2016-06-30,13676473,300.0
False,2016-07-01,13676473,300.0
False,2016-07-02,13676473,300.0
False,2016-07-03,13676473,300.0
False,2016-07-04,13676473,300.0
False,2016-07-05,13676473,300.0
False,2016-07-06,13676473,300.0
False,2016-07-07,13676473,300.0
False,2016-07-08,13676473,300.0
False,2016-07-09,13676473,300.0
False,2016-07-10,13676473,300.0
False,2016-07-11,13676473,300.0
False,2016-07-12,13676473,300.0
False,2016-07-13,13676473,300.0
False,2016-07-14,13676473,300.0
False,2016-07-15,13676473,300.0
False,2016-07-16,13676473,300.0
False,2016-07-17,13676473,300.0
False,2016-07-18,13676473,300.0
False,2016-07-19,13676473,300.0
False,2016-07-20,13676473,300.0
False,2016-07-21,13676473,300.0
False,2016-07-22,13676473,312.0
False,2016-07-23,13676473,311.0
False,2016-07-24,13676473,312.0
True,2016-07-25,13676473,300.0
True,2016-07-26,13676473,300.0
True,2016-07-27,13676473,307.0
False,2016-07-28,13676473,324.0
False,2016-07-29,13676473,323.0
False,2016-07-30,13676473,324.0
False,2016-07-31,13676473,325.0
True,2016-08-01,13676473,300.0
True,2016-08-02,13676473,300.0
False,2016-08-03,13676473,300.0
False,2016-08-04,13676473,300.0
False,2016-08-05,13676473,300.0
False,2016-08-06,13676473,300.0
False,2016-08-07,13676473,300.0
False,2016-08-08,13676473,300.0
False,2016-08-09,13676473,300.0
False,2016-08-10,13676473,300.0
False,2016-08-11,13676473,300.0
False,2016-08-12,13676473,300.0
False,2016-08-13,13676473,300.0
False,2016-08-14,13676473,300.0
False,2016-08-15,13676473,300.0
False,2016-08-16,13676473,300.0
False,2016-08-17,13676473,300.0
False,2016-08-18,13676473,300.0
False,2016-08-19,13676473,300.0
False,2016-08-20,13676473,300.0
False,2016-08-21,13676473,300.0
False,2016-08-22,13676473,300.0
False,2016-08-23,13676473,300.0
False,2016-08-24,13676473,300.0
False,2016-08-25,13676473,300.0
False,2016-08-26,13676473,300.0
False,2016-08-27,13676473,300.0
False,2016-08-28,13676473,300.0
False,2016-08-29,13676473,300.0
False,2016-08-30,13676473,300.0
False,2016-08-31,13676473,300.0
False,2016-09-01,13676473,300.0
False,2016-09-02,13676473,300.0
False,2016-09-03,13676473,300.0
False,2016-05-29,9605720,349.0
True,2016-05-30,9605720,349.0
False,2016-05-31,9605720,349.0
False,2016-06-01,9605720,349.0
False,2016-06-02,9605720,349.0
False,2016-06-03,9605720,349.0
False,2016-06-04,9605720,349.0
False,2016-06-05,9605720,349.0
False,2016-06-06,9605720,349.0
False,2016-06-07,9605720,349.0
False,2016-06-08,9605720,349.0
False,2016-06-09,9605720,349.0
False,2016-06-10,9605720,349.0
False,2016-06-11,9605720,349.0
False,2016-06-12,9605720,349.0
False,2016-06-13,9605720,349.0
False,2016-06-14,9605720,349.0
False,2016-06-15,9605720,349.0
False,2016-06-16,9605720,349.0
False,2016-06-17,9605720,349.0
False,2016-06-18,9605720,349.0
False,2016-06-19,9605720,349.0
False,2016-06-20,9605720,349.0
False,2016-06-21,9605720,349.0
False,2016-06-22,9605720,349.0
False,2016-06-23,9605720,349.0
False,2016-06-24,9605720,249.0
False,2016-06-25,9605720,249.0
False,2016-06-26,9605720,249.0
False,2016-06-27,9605720,349.0
False,2016-06-28,9605720,349.0
False,2016-06-29,9605720,349.0
False,2016-06-30,9605720,349.0
False,2016-07-01,9605720,349.0
False,2016-07-02,9605720,349.0
False,2016-07-03,9605720,349.0
False,2016-07-04,9605720,349.0
False,2016-07-05,9605720,349.0
False,2016-07-06,9605720,349.0
True,2016-07-07,9605720,349.0
False,2016-07-08,9605720,349.0
False,2016-07-09,9605720,349.0
False,2016-07-10,9605720,349.0
False,2016-07-11,9605720,349.0
False,2016-07-12,9605720,349.0
False,2016-07-13,9605720,349.0
False,2016-07-14,9605720,349.0
False,2016-07-15,9605720,349.0
False,2016-07-16,9605720,349.0
False,2016-07-17,9605720,349.0
False,2016-07-18,9605720,349.0
False,2016-07-19,9605720,349.0
False,2016-07-20,9605720,349.0
False,2016-07-21,9605720,349.0
False,2016-07-22,9605720,349.0
True,2016-07-23,9605720,349.0
True,2016-07-24,9605720,349.0
False,2016-07-25,9605720,349.0
False,2016-07-26,9605720,349.0
False,2016-07-27,9605720,349.0
False,2016-07-28,9605720,349.0
False,2016-07-29,9605720,349.0
False,2016-07-30,9605720,299.0
True,2016-07-31,9605720,349.0
True,2016-08-01,9605720,349.0
False,2016-08-02,9605720,349.0
False,2016-08-03,9605720,349.0
False,2016-08-04,9605720,349.0
False,2016-08-05,9605720,349.0
False,2016-08-06,9605720,349.0
False,2016-08-07,9605720,349.0
True,2016-08-08,9605720,349.0
True,2016-08-09,9605720,349.0
False,2016-08-10,9605720,349.0
False,2016-08-11,9605720,349.0
False,2016-08-12,9605720,349.0
False,2016-08-13,9605720,349.0
False,2016-08-14,9605720,349.0
False,2016-08-15,9605720,349.0
False,2016-08-16,9605720,349.0
False,2016-08-17,9605720,349.0
False,2016-08-18,9605720,349.0
False,2016-08-19,9605720,349.0
False,2016-08-20,9605720,349.0
False,2016-08-21,9605720,349.0
True,2016-08-22,9605720,349.0
True,2016-08-23,9605720,349.0
False,2016-08-24,9605720,349.0
False,2016-08-25,9605720,349.0
False,2016-08-26,9605720,349.0
False,2016-08-27,9605720,349.0
False,2016-08-28,9605720,349.0
True,2016-08-29,9605720,349.0
False,2016-08-30,9605720,349.0
False,2016-08-31,9605720,349.0
False,2016-09-01,9605720,349.0
False,2016-09-02,9605720,349.0
False,2016-09-03,9605720,349.0
False,2016-05-29,8612964,220.0
False,2016-05-30,8612964,220.0
False,2016-05-31,8612964,220.0
False,2016-06-01,8612964,220.0
False,2016-06-02,8612964,220.0
False,2016-06-03,8612964,220.0
False,2016-06-04,8612964,220.0
False,2016-06-05,8612964,220.0
False,2016-06-06,8612964,220.0
False,2016-06-07,8612964,220.0
False,2016-06-08,8612964,220.0
False,2016-06-09,8612964,220.0
False,2016-06-10,8612964,220.0
False,2016-06-11,8612964,220.0
False,2016-06-12,8612964,220.0
False,2016-06-13,8612964,220.0
False,2016-06-14,8612964,220.0
False,2016-06-15,8612964,220.0
False,2016-06-16,8612964,220.0
False,2016-06-17,8612964,220.0
False,2016-06-18,8612964,220.0
False,2016-06-19,8612964,220.0
False,2016-06-20,8612964,220.0
False,2016-06-21,8612964,220.0
False,2016-06-22,8612964,220.0
False,2016-06-23,8612964,220.0
False,2016-06-24,8612964,220.0
False,2016-06-25,8612964,220.0
False,2016-06-26,8612964,220.0
False,2016-06-27,8612964,220.0
False,2016-06-28,8612964,220.0
False,2016-06-29,8612964,220.0
False,2016-06-30,8612964,220.0
False,2016-07-01,8612964,220.0
False,2016-07-02,8612964,220.0
False,2016-07-03,8612964,220.0
False,2016-07-04,8612964,220.0
False,2016-07-05,8612964,220.0
False,2016-07-06,8612964,220.0
False,2016-07-07,8612964,220.0
False,2016-07-08,8612964,220.0
False,2016-07-09,8612964,220.0
False,2016-07-10,8612964,220.0
False,2016-07-11,8612964,220.0
False,2016-07-12,8612964,220.0
False,2016-07-13,8612964,220.0
False,2016-07-14,8612964,220.0
False,2016-07-15,8612964,220.0
False,2016-07-16,8612964,220.0
False,2016-07-17,8612964,220.0
False,2016-07-18,8612964,220.0
False,2016-07-19,8612964,220.0
False,2016-07-20,8612964,220.0
False,2016-07-21,8612964,220.0
False,2016-07-22,8612964,220.0
False,2016-07-23,8612964,220.0
False,2016-07-24,8612964,220.0
False,2016-07-25,8612964,220.0
False,2016-07-26,8612964,220.0
False,2016-07-27,8612964,220.0
False,2016-07-28,8612964,220.0
False,2016-07-29,8612964,220.0
False,2016-07-30,8612964,220.0
False,2016-07-31,8612964,220.0
False,2016-08-01,8612964,220.0
False,2016-08-02,8612964,220.0
False,2016-08-03,8612964,220.0
False,2016-08-04,8612964,220.0
False,2016-08-05,8612964,220.0
False,2016-08-06,8612964,220.0
False,2016-08-07,8612964,220.0
False,2016-08-08,8612964,220.0
False,2016-08-09,8612964,220.0
False,2016-08-10,8612964,220.0
False,2016-08-11,8612964,220.0
False,2016-08-12,8612964,220.0
False,2016-08-13,8612964,220.0
False,2016-08-14,8612964,220.0
False,2016-08-15,8612964,220.0
False,2016-08-16,8612964,220.0
False,2016-08-17,8612964,220.0
False,2016-08-18,8612964,220.0
False,2016-08-19,8612964,220.0
False,2016-08-20,8612964,220.0
False,2016-08-21,8612964,220.0
False,2016-08-22,8612964,220.0
False,2016-08-23,8612964,220.0
False,2016-08-24,8612964,220.0
False,2016-08-25,8612964,220.0
False,2016-08-26,8612964,220.0
False,2016-08-27,8612964,220.0
False,2016-08-28,8612964,220.0
False,2016-08-29,8612964,220.0
False,2016-08-30,8612964,220.0
False,2016-08-31,8612964,220.0
False,2016-09-01,8612964,220.0
False,2016-09-02,8612964,220.0
False,2016-09-03,8612964,220.0
False,2016-05-29,8472666,200.0
False,2016-05-30,8472666,200.0
False,2016-05-31,8472666,200.0
False,2016-06-01,8472666,200.0
False,2016-06-02,8472666,200.0
False,2016-06-03,8472666,200.0
False,2016-06-04,8472666,200.0
False,2016-06-05,8472666,200.0
False,2016-06-06,8472666,200.0
False,2016-06-07,8472666,200.0
False,2016-06-08,8472666,200.0
False,2016-06-09,8472666,200.0
False,2016-06-10,8472666,200.0
False,2016-06-11,8472666,200.0
False,2016-06-12,8472666,200.0
False,2016-06-13,8472666,200.0
False,2016-06-14,8472666,200.0
False,2016-06-15,8472666,200.0
False,2016-06-16,8472666,200.0
False,2016-06-17,8472666,200.0
False,2016-06-18,8472666,200.0
False,2016-06-19,8472666,200.0
False,2016-06-20,8472666,200.0
False,2016-06-21,8472666,200.0
False,2016-06-22,8472666,200.0
False,2016-06-23,8472666,200.0
False,2016-06-24,8472666,200.0
False,2016-06-25,8472666,200.0
False,2016-06-26,8472666,200.0
False,2016-06-27,8472666,200.0
False,2016-06-28,8472666,200.0
False,2016-06-29,8472666,200.0
False,2016-06-30,8472666,200.0
False,2016-07-01,8472666,200.0
False,2016-07-02,8472666,200.0
False,2016-07-03,8472666,200.0
False,2016-07-04,8472666,200.0
False,2016-07-05,8472666,200.0
False,2016-07-06,8472666,200.0
False,2016-07-07,8472666,200.0
False,2016-07-08,8472666,200.0
False,2016-07-09,8472666,200.0
False,2016-07-10,8472666,200.0
False,2016-07-11,8472666,200.0
False,2016-07-12,8472666,200.0
False,2016-07-13,8472666,200.0
False,2016-07-14,8472666,200.0
False,2016-07-15,8472666,200.0
False,2016-07-16,8472666,200.0
False,2016-07-17,8472666,200.0
False,2016-07-18,8472666,200.0
False,2016-07-19,8472666,200.0
False,2016-07-20,8472666,200.0
False,2016-07-21,8472666,200.0
False,2016-07-22,8472666,200.0
False,2016-07-23,8472666,200.0
False,2016-07-24,8472666,200.0
True,2016-07-25,8472666,200.0
True,2016-07-26,8472666,200.0
False,2016-07-27,8472666,200.0
False,2016-07-28,8472666,200.0
False,2016-07-29,8472666,200.0
False,2016-07-30,8472666,200.0
False,2016-07-31,8472666,200.0
False,2016-08-01,8472666,200.0
False,2016-08-02,8472666,200.0
False,2016-08-03,8472666,200.0
False,2016-08-04,8472666,200.0
False,2016-08-05,8472666,200.0
False,2016-08-06,8472666,200.0
False,2016-08-07,8472666,200.0
False,2016-08-08,8472666,200.0
False,2016-08-09,8472666,200.0
False,2016-08-10,8472666,200.0
False,2016-08-11,8472666,200.0
False,2016-08-12,8472666,200.0
False,2016-08-13,8472666,200.0
False,2016-08-14,8472666,200.0
False,2016-08-15,8472666,200.0
False,2016-08-16,8472666,200.0
False,2016-08-17,8472666,200.0
False,2016-08-18,8472666,200.0
False,2016-08-19,8472666,200.0
False,2016-08-20,8472666,200.0
False,2016-08-21,8472666,200.0
False,2016-08-22,8472666,200.0
False,2016-08-23,8472666,200.0
False,2016-08-24,8472666,200.0
False,2016-08-25,8472666,200.0
False,2016-08-26,8472666,200.0
False,2016-08-27,8472666,200.0
False,2016-08-28,8472666,200.0
False,2016-08-29,8472666,200.0
False,2016-08-30,8472666,200.0
False,2016-08-31,8472666,200.0
True,2016-09-01,8472666,200.0
False,2016-09-02,8472666,200.0
False,2016-09-03,8472666,200.0
False,2016-05-29,7845599,150.0
False,2016-05-30,7845599,150.0
False,2016-05-31,7845599,150.0
False,2016-06-01,7845599,150.0
False,2016-06-02,7845599,150.0
False,2016-06-03,7845599,150.0
False,2016-06-04,7845599,150.0
False,2016-06-05,7845599,150.0
False,2016-06-06,7845599,150.0
False,2016-06-07,7845599,150.0
False,2016-06-08,7845599,150.0
False,2016-06-09,7845599,150.0
False,2016-06-10,7845599,150.0
False,2016-06-11,7845599,150.0
False,2016-06-12,7845599,150.0
False,2016-06-13,7845599,150.0
False,2016-06-14,7845599,150.0
False,2016-06-15,7845599,150.0
False,2016-06-16,7845599,150.0
False,2016-06-17,7845599,150.0
False,2016-06-18,7845599,150.0
False,2016-06-19,7845599,150.0
False,2016-06-20,7845599,150.0
False,2016-06-21,7845599,150.0
False,2016-06-22,7845599,150.0
False,2016-06-23,7845599,150.0
False,2016-06-24,7845599,150.0
False,2016-06-25,7845599,150.0
False,2016-06-26,7845599,150.0
True,2016-06-27,7845599,150.0
False,2016-06-28,7845599,150.0
False,2016-06-29,7845599,150.0
False,2016-06-30,7845599,150.0
False,2016-07-01,7845599,150.0
False,2016-07-02,7845599,150.0
False,2016-07-03,7845599,150.0
False,2016-07-04,7845599,150.0
False,2016-07-05,7845599,150.0
False,2016-07-06,7845599,150.0
False,2016-07-07,7845599,150.0
False,2016-07-08,7845599,150.0
False,2016-07-09,7845599,150.0
False,2016-07-10,7845599,150.0
False,2016-07-11,7845599,150.0
False,2016-07-12,7845599,150.0
False,2016-07-13,7845599,150.0
True,2016-07-14,7845599,150.0
False,2016-07-15,7845599,150.0
False,2016-07-16,7845599,150.0
False,2016-07-17,7845599,150.0
False,2016-07-18,7845599,150.0
False,2016-07-19,7845599,150.0
False,2016-07-20,7845599,150.0
False,2016-07-21,7845599,150.0
False,2016-07-22,7845599,150.0
False,2016-07-23,7845599,150.0
False,2016-07-24,7845599,150.0
False,2016-07-25,7845599,150.0
False,2016-07-26,7845599,150.0
False,2016-07-27,7845599,150.0
False,2016-07-28,7845599,150.0
True,2016-07-29,7845599,150.0
False,2016-07-30,7845599,150.0
False,2016-07-31,7845599,150.0
False,2016-08-01,7845599,150.0
False,2016-08-02,7845599,150.0
False,2016-08-03,7845599,150.0
False,2016-08-04,7845599,150.0
False,2016-08-05,7845599,150.0
False,2016-08-06,7845599,150.0
False,2016-08-07,7845599,150.0
False,2016-08-08,7845599,150.0
True,2016-08-09,7845599,150.0
False,2016-08-10,7845599,150.0
False,2016-08-11,7845599,150.0
True,2016-08-12,7845599,150.0
False,2016-08-13,7845599,150.0
False,2016-08-14,7845599,150.0
False,2016-08-15,7845599,150.0
True,2016-08-16,7845599,150.0
False,2016-08-17,7845599,150.0
False,2016-08-18,7845599,150.0
False,2016-08-19,7845599,150.0
True,2016-08-20,7845599,150.0
True,2016-08-21,7845599,150.0
True,2016-08-22,7845599,150.0
True,2016-08-23,7845599,150.0
True,2016-08-24,7845599,150.0
False,2016-08-25,7845599,150.0
False,2016-08-26,7845599,150.0
False,2016-08-27,7845599,150.0
False,2016-08-28,7845599,150.0
False,2016-08-29,7845599,150.0
False,2016-08-30,7845599,150.0
False,2016-08-31,7845599,150.0
False,2016-09-01,7845599,150.0
False,2016-09-02,7845599,150.0
False,2016-09-03,7845599,150.0
False,2016-05-29,2119773,109.0
False,2016-05-30,2119773,106.0
False,2016-05-31,2119773,121.0
False,2016-06-01,2119773,102.0
False,2016-06-02,2119773,113.0
False,2016-06-03,2119773,134.0
False,2016-06-04,2119773,123.0
False,2016-06-05,2119773,132.0
False,2016-06-06,2119773,97.0
False,2016-06-07,2119773,132.0
False,2016-06-08,2119773,123.0
False,2016-06-09,2119773,123.0
False,2016-06-10,2119773,137.0
False,2016-06-11,2119773,108.0
False,2016-06-12,2119773,140.0
False,2016-06-13,2119773,143.0
False,2016-06-14,2119773,144.0
False,2016-06-15,2119773,144.0
False,2016-06-16,2119773,138.0
False,2016-06-17,2119773,143.0
False,2016-06-18,2119773,143.0
True,2016-06-19,2119773,90.0
False,2016-06-20,2119773,95.0
False,2016-06-21,2119773,132.0
False,2016-06-22,2119773,90.0
False,2016-06-23,2119773,143.0
False,2016-06-24,2119773,143.0
False,2016-06-25,2119773,143.0
False,2016-06-26,2119773,90.0
False,2016-06-27,2119773,137.0
False,2016-06-28,2119773,137.0
False,2016-06-29,2119773,94.0
False,2016-06-30,2119773,94.0
False,2016-07-01,2119773,148.0
False,2016-07-02,2119773,148.0
False,2016-07-03,2119773,117.0
False,2016-07-04,2119773,116.0
False,2016-07-05,2119773,105.0
False,2016-07-06,2119773,99.0
False,2016-07-07,2119773,148.0
False,2016-07-08,2119773,143.0
False,2016-07-09,2119773,143.0
False,2016-07-10,2119773,143.0
False,2016-07-11,2119773,90.0
False,2016-07-12,2119773,148.0
False,2016-07-13,2119773,148.0
False,2016-07-14,2119773,95.0
False,2016-07-15,2119773,142.0
False,2016-07-16,2119773,142.0
True,2016-07-17,2119773,130.0
False,2016-07-18,2119773,148.0
False,2016-07-19,2119773,148.0
False,2016-07-20,2119773,147.0
False,2016-07-21,2119773,130.0
False,2016-07-22,2119773,123.0
False,2016-07-23,2119773,130.0
False,2016-07-24,2119773,130.0
False,2016-07-25,2119773,130.0
False,2016-07-26,2119773,130.0
False,2016-07-27,2119773,130.0
False,2016-07-28,2119773,130.0
False,2016-07-29,2119773,130.0
False,2016-07-30,2119773,130.0
False,2016-07-31,2119773,130.0
False,2016-08-01,2119773,130.0
False,2016-08-02,2119773,130.0
False,2016-08-03,2119773,90.0
False,2016-08-04,2119773,150.0
False,2016-08-05,2119773,150.0
False,2016-08-06,2119773,150.0
False,2016-08-07,2119773,104.0
False,2016-08-08,2119773,150.0
False,2016-08-09,2119773,150.0
False,2016-08-10,2119773,150.0
False,2016-08-11,2119773,150.0
False,2016-08-12,2119773,150.0
False,2016-08-13,2119773,150.0
False,2016-08-14,2119773,150.0
False,2016-08-15,2119773,150.0
False,2016-08-16,2119773,150.0
False,2016-08-17,2119773,150.0
False,2016-08-18,2119773,150.0
True,2016-08-19,2119773,120.0
False,2016-08-20,2119773,120.0
False,2016-08-21,2119773,120.0
False,2016-08-22,2119773,120.0
True,2016-08-23,2119773,120.0
False,2016-08-24,2119773,150.0
False,2016-08-25,2119773,150.0
False,2016-08-26,2119773,143.0
False,2016-08-27,2119773,148.0
True,2016-08-28,2119773,93.0
False,2016-08-29,2119773,110.0
False,2016-08-30,2119773,110.0
True,2016-08-31,2119773,104.0
False,2016-09-01,2119773,116.0
False,2016-09-02,2119773,117.0
False,2016-09-03,2119773,117.0
False,2016-05-29,6015077,199.0
False,2016-05-30,6015077,190.0
False,2016-05-31,6015077,190.0
False,2016-06-01,6015077,199.0
False,2016-06-02,6015077,199.0
False,2016-06-03,6015077,265.0
False,2016-06-04,6015077,265.0
False,2016-06-05,6015077,199.0
False,2016-06-06,6015077,199.0
False,2016-06-07,6015077,199.0
False,2016-06-08,6015077,199.0
False,2016-06-09,6015077,199.0
False,2016-06-10,6015077,265.0
False,2016-06-11,6015077,265.0
False,2016-06-12,6015077,199.0
False,2016-06-13,6015077,199.0
False,2016-06-14,6015077,199.0
False,2016-06-15,6015077,199.0
False,2016-06-16,6015077,199.0
False,2016-06-17,6015077,265.0
False,2016-06-18,6015077,265.0
False,2016-06-19,6015077,199.0
False,2016-06-20,6015077,199.0
False,2016-06-21,6015077,199.0
False,2016-06-22,6015077,199.0
False,2016-06-23,6015077,199.0
False,2016-06-24,6015077,265.0
False,2016-06-25,6015077,265.0
False,2016-06-26,6015077,199.0
False,2016-06-27,6015077,199.0
False,2016-06-28,6015077,199.0
False,2016-06-29,6015077,199.0
False,2016-06-30,6015077,199.0
False,2016-07-01,6015077,265.0
False,2016-07-02,6015077,265.0
False,2016-07-03,6015077,199.0
False,2016-07-04,6015077,199.0
False,2016-07-05,6015077,199.0
False,2016-07-06,6015077,199.0
False,2016-07-07,6015077,199.0
False,2016-07-08,6015077,265.0
False,2016-07-09,6015077,265.0
False,2016-07-10,6015077,199.0
False,2016-07-11,6015077,199.0
False,2016-07-12,6015077,199.0
False,2016-07-13,6015077,199.0
False,2016-07-14,6015077,199.0
False,2016-07-15,6015077,265.0
False,2016-07-16,6015077,265.0
False,2016-07-17,6015077,199.0
False,2016-07-18,6015077,199.0
False,2016-07-19,6015077,199.0
False,2016-07-20,6015077,199.0
False,2016-07-21,6015077,199.0
False,2016-07-22,6015077,265.0
False,2016-07-23,6015077,265.0
False,2016-07-24,6015077,199.0
False,2016-07-25,6015077,199.0
False,2016-07-26,6015077,199.0
False,2016-07-27,6015077,199.0
False,2016-07-28,6015077,199.0
False,2016-07-29,6015077,265.0
False,2016-07-30,6015077,265.0
False,2016-07-31,6015077,265.0
False,2016-08-01,6015077,199.0
False,2016-08-02,6015077,199.0
False,2016-08-03,6015077,199.0
False,2016-08-04,6015077,199.0
False,2016-08-05,6015077,265.0
False,2016-08-06,6015077,265.0
False,2016-08-07,6015077,190.0
False,2016-08-08,6015077,199.0
False,2016-08-09,6015077,199.0
False,2016-08-10,6015077,199.0
False,2016-08-11,6015077,199.0
False,2016-08-12,6015077,265.0
False,2016-08-13,6015077,265.0
False,2016-08-14,6015077,199.0
False,2016-08-15,6015077,199.0
False,2016-08-16,6015077,199.0
False,2016-08-17,6015077,199.0
False,2016-08-18,6015077,199.0
False,2016-08-19,6015077,265.0
True,2016-08-20,6015077,265.0
False,2016-08-21,6015077,199.0
False,2016-08-22,6015077,199.0
False,2016-08-23,6015077,199.0
False,2016-08-24,6015077,199.0
False,2016-08-25,6015077,199.0
False,2016-08-26,6015077,265.0
False,2016-08-27,6015077,265.0
False,2016-08-28,6015077,199.0
False,2016-08-29,6015077,199.0
False,2016-08-30,6015077,199.0
False,2016-08-31,6015077,199.0
True,2016-09-01,6015077,199.0
False,2016-09-02,6015077,265.0
False,2016-09-03,6015077,265.0
False,2016-05-29,2417760,400.0
False,2016-05-30,2417760,400.0
False,2016-05-31,2417760,400.0
False,2016-06-01,2417760,400.0
False,2016-06-02,2417760,400.0
False,2016-06-03,2417760,479.0
False,2016-06-04,2417760,479.0
True,2016-06-05,2417760,500.0
False,2016-06-06,2417760,589.0
False,2016-06-07,2417760,589.0
False,2016-06-08,2417760,589.0
False,2016-06-09,2417760,400.0
False,2016-06-10,2417760,519.0
False,2016-06-11,2417760,519.0
False,2016-06-12,2417760,458.0
False,2016-06-13,2417760,519.0
False,2016-06-14,2417760,519.0
False,2016-06-15,2417760,519.0
False,2016-06-16,2417760,519.0
False,2016-06-17,2417760,650.0
False,2016-06-18,2417760,650.0
False,2016-06-19,2417760,549.0
False,2016-06-20,2417760,519.0
False,2016-06-21,2417760,519.0
False,2016-06-22,2417760,519.0
False,2016-06-23,2417760,350.0
False,2016-06-24,2417760,650.0
False,2016-06-25,2417760,650.0
False,2016-06-26,2417760,549.0
False,2016-06-27,2417760,549.0
False,2016-06-28,2417760,549.0
False,2016-06-29,2417760,549.0
False,2016-06-30,2417760,549.0
False,2016-07-01,2417760,650.0
False,2016-07-02,2417760,650.0
False,2016-07-03,2417760,619.0
False,2016-07-04,2417760,325.0
False,2016-07-05,2417760,400.0
False,2016-07-06,2417760,400.0
False,2016-07-07,2417760,400.0
True,2016-07-08,2417760,500.0
False,2016-07-09,2417760,650.0
False,2016-07-10,2417760,519.0
False,2016-07-11,2417760,449.0
False,2016-07-12,2417760,550.0
False,2016-07-13,2417760,550.0
False,2016-07-14,2417760,550.0
False,2016-07-15,2417760,650.0
False,2016-07-16,2417760,650.0
False,2016-07-17,2417760,550.0
False,2016-07-18,2417760,550.0
False,2016-07-19,2417760,500.0
False,2016-07-20,2417760,589.0
False,2016-07-21,2417760,589.0
False,2016-07-22,2417760,650.0
False,2016-07-23,2417760,650.0
False,2016-07-24,2417760,574.0
False,2016-07-25,2417760,589.0
False,2016-07-26,2417760,589.0
True,2016-07-27,2417760,550.0
False,2016-07-28,2417760,550.0
False,2016-07-29,2417760,650.0
False,2016-07-30,2417760,650.0
False,2016-07-31,2417760,575.0
False,2016-08-01,2417760,475.0
False,2016-08-02,2417760,550.0
False,2016-08-03,2417760,550.0
False,2016-08-04,2417760,550.0
False,2016-08-05,2417760,650.0
False,2016-08-06,2417760,650.0
False,2016-08-07,2417760,550.0
False,2016-08-08,2417760,550.0
False,2016-08-09,2417760,550.0
False,2016-08-10,2417760,550.0
False,2016-08-11,2417760,500.0
False,2016-08-12,2417760,650.0
False,2016-08-13,2417760,650.0
True,2016-08-14,2417760,500.0
True,2016-08-15,2417760,550.0
True,2016-08-16,2417760,550.0
True,2016-08-17,2417760,550.0
True,2016-08-18,2417760,550.0
True,2016-08-19,2417760,650.0
True,2016-08-20,2417760,650.0
True,2016-08-21,2417760,525.0
True,2016-08-22,2417760,525.0
True,2016-08-23,2417760,525.0
True,2016-08-24,2417760,525.0
True,2016-08-25,2417760,525.0
True,2016-08-26,2417760,650.0
True,2016-08-27,2417760,650.0
True,2016-08-28,2417760,525.0
True,2016-08-29,2417760,525.0
True,2016-08-30,2417760,525.0
True,2016-08-31,2417760,525.0
True,2016-09-01,2417760,525.0
True,2016-09-02,2417760,600.0
True,2016-09-03,2417760,600.0
False,2016-05-29,1543266,190.0
False,2016-05-30,1543266,190.0
False,2016-05-31,1543266,190.0
False,2016-06-01,1543266,190.0
False,2016-06-02,1543266,190.0
False,2016-06-03,1543266,230.0
False,2016-06-04,1543266,230.0
False,2016-06-05,1543266,210.0
False,2016-06-06,1543266,210.0
False,2016-06-07,1543266,210.0
False,2016-06-08,1543266,180.0
False,2016-06-09,1543266,180.0
False,2016-06-10,1543266,250.0
False,2016-06-11,1543266,250.0
False,2016-06-12,1543266,210.0
True,2016-06-13,1543266,210.0
False,2016-06-14,1543266,210.0
False,2016-06-15,1543266,210.0
False,2016-06-16,1543266,210.0
False,2016-06-17,1543266,230.0
False,2016-06-18,1543266,230.0
False,2016-06-19,1543266,190.0
False,2016-06-20,1543266,190.0
False,2016-06-21,1543266,190.0
False,2016-06-22,1543266,190.0
False,2016-06-23,1543266,190.0
False,2016-06-24,1543266,230.0
False,2016-06-25,1543266,230.0
True,2016-06-26,1543266,220.0
False,2016-06-27,1543266,220.0
False,2016-06-28,1543266,220.0
False,2016-06-29,1543266,220.0
False,2016-06-30,1543266,220.0
False,2016-07-01,1543266,230.0
False,2016-07-02,1543266,230.0
False,2016-07-03,1543266,190.0
False,2016-07-04,1543266,190.0
False,2016-07-05,1543266,230.0
False,2016-07-06,1543266,230.0
False,2016-07-07,1543266,230.0
True,2016-07-08,1543266,300.0
False,2016-07-09,1543266,300.0
False,2016-07-10,1543266,230.0
False,2016-07-11,1543266,190.0
False,2016-07-12,1543266,190.0
False,2016-07-13,1543266,190.0
False,2016-07-14,1543266,190.0
False,2016-07-15,1543266,230.0
False,2016-07-16,1543266,230.0
False,2016-07-17,1543266,190.0
False,2016-07-18,1543266,210.0
False,2016-07-19,1543266,210.0
False,2016-07-20,1543266,210.0
True,2016-07-21,1543266,210.0
False,2016-07-22,1543266,230.0
False,2016-07-23,1543266,230.0
False,2016-07-24,1543266,190.0
False,2016-07-25,1543266,190.0
False,2016-07-26,1543266,230.0
False,2016-07-27,1543266,230.0
False,2016-07-28,1543266,230.0
False,2016-07-29,1543266,300.0
False,2016-07-30,1543266,300.0
False,2016-07-31,1543266,230.0
False,2016-08-01,1543266,230.0
False,2016-08-02,1543266,230.0
False,2016-08-03,1543266,230.0
False,2016-08-04,1543266,230.0
False,2016-08-05,1543266,300.0
False,2016-08-06,1543266,300.0
False,2016-08-07,1543266,220.0
False,2016-08-08,1543266,220.0
False,2016-08-09,1543266,220.0
False,2016-08-10,1543266,220.0
False,2016-08-11,1543266,220.0
False,2016-08-12,1543266,300.0
False,2016-08-13,1543266,300.0
False,2016-08-14,1543266,220.0
False,2016-08-15,1543266,220.0
False,2016-08-16,1543266,220.0
False,2016-08-17,1543266,220.0
False,2016-08-18,1543266,220.0
False,2016-08-19,1543266,300.0
True,2016-08-20,1543266,210.0
True,2016-08-21,1543266,210.0
False,2016-08-22,1543266,220.0
False,2016-08-23,1543266,220.0
False,2016-08-24,1543266,220.0
False,2016-08-25,1543266,220.0
True,2016-08-26,1543266,300.0
True,2016-08-27,1543266,300.0
True,2016-08-28,1543266,210.0
False,2016-08-29,1543266,250.0
False,2016-08-30,1543266,250.0
False,2016-08-31,1543266,250.0
False,2016-09-01,1543266,250.0
True,2016-09-02,1543266,330.0
True,2016-09-03,1543266,330.0
False,2016-05-29,9821284,250.0
False,2016-05-30,9821284,250.0
False,2016-05-31,9821284,250.0
False,2016-06-01,9821284,250.0
False,2016-06-02,9821284,250.0
False,2016-06-03,9821284,250.0
False,2016-06-04,9821284,250.0
False,2016-06-05,9821284,257.0
False,2016-06-06,9821284,257.0
False,2016-06-07,9821284,257.0
False,2016-06-08,9821284,257.0
False,2016-06-09,9821284,257.0
False,2016-06-10,9821284,257.0
False,2016-06-11,9821284,257.0
False,2016-06-12,9821284,257.0
False,2016-06-13,9821284,257.0
False,2016-06-14,9821284,257.0
False,2016-06-15,9821284,257.0
False,2016-06-16,9821284,257.0
False,2016-06-17,9821284,257.0
False,2016-06-18,9821284,257.0
False,2016-06-19,9821284,257.0
False,2016-06-20,9821284,257.0
False,2016-06-21,9821284,257.0
False,2016-06-22,9821284,257.0
False,2016-06-23,9821284,257.0
False,2016-06-24,9821284,257.0
False,2016-06-25,9821284,257.0
False,2016-06-26,9821284,257.0
False,2016-06-27,9821284,257.0
False,2016-06-28,9821284,257.0
False,2016-06-29,9821284,257.0
False,2016-06-30,9821284,257.0
True,2016-07-01,9821284,257.0
True,2016-07-02,9821284,257.0
False,2016-07-03,9821284,257.0
False,2016-07-04,9821284,257.0
False,2016-07-05,9821284,257.0
True,2016-07-06,9821284,257.0
True,2016-07-07,9821284,257.0
False,2016-07-08,9821284,257.0
False,2016-07-09,9821284,257.0
False,2016-07-10,9821284,257.0
False,2016-07-11,9821284,257.0
False,2016-07-12,9821284,257.0
False,2016-07-13,9821284,257.0
False,2016-07-14,9821284,257.0
False,2016-07-15,9821284,257.0
True,2016-07-16,9821284,257.0
False,2016-07-17,9821284,257.0
False,2016-07-18,9821284,257.0
False,2016-07-19,9821284,257.0
False,2016-07-20,9821284,257.0
False,2016-07-21,9821284,257.0
False,2016-07-22,9821284,257.0
False,2016-07-23,9821284,257.0
False,2016-07-24,9821284,257.0
False,2016-07-25,9821284,257.0
False,2016-07-26,9821284,257.0
False,2016-07-27,9821284,257.0
False,2016-07-28,9821284,257.0
False,2016-07-29,9821284,257.0
True,2016-07-30,9821284,257.0
True,2016-07-31,9821284,257.0
False,2016-08-01,9821284,257.0
False,2016-08-02,9821284,257.0
False,2016-08-03,9821284,257.0
False,2016-08-04,9821284,257.0
False,2016-08-05,9821284,257.0
False,2016-08-06,9821284,257.0
False,2016-08-07,9821284,257.0
False,2016-08-08,9821284,257.0
False,2016-08-09,9821284,257.0
False,2016-08-10,9821284,257.0
False,2016-08-11,9821284,257.0
False,2016-08-12,9821284,257.0
False,2016-08-13,9821284,257.0
False,2016-08-14,9821284,257.0
False,2016-08-15,9821284,257.0
False,2016-08-16,9821284,257.0
False,2016-08-17,9821284,257.0
False,2016-08-18,9821284,257.0
False,2016-08-19,9821284,257.0
False,2016-08-20,9821284,257.0
False,2016-08-21,9821284,257.0
False,2016-08-22,9821284,257.0
False,2016-08-23,9821284,257.0
False,2016-08-24,9821284,257.0
False,2016-08-25,9821284,257.0
False,2016-08-26,9821284,257.0
False,2016-08-27,9821284,257.0
False,2016-08-28,9821284,257.0
False,2016-08-29,9821284,257.0
False,2016-08-30,9821284,257.0
False,2016-08-31,9821284,257.0
False,2016-09-01,9821284,257.0
False,2016-09-02,9821284,257.0
False,2016-09-03,9821284,257.0
False,2016-05-29,11390565,155.0
False,2016-05-30,11390565,145.0
False,2016-05-31,11390565,145.0
False,2016-06-01,11390565,145.0
False,2016-06-02,11390565,145.0
False,2016-06-03,11390565,150.0
False,2016-06-04,11390565,150.0
False,2016-06-05,11390565,145.0
False,2016-06-06,11390565,145.0
False,2016-06-07,11390565,145.0
False,2016-06-08,11390565,145.0
False,2016-06-09,11390565,145.0
False,2016-06-10,11390565,145.0
False,2016-06-11,11390565,145.0
False,2016-06-12,11390565,145.0
False,2016-06-13,11390565,145.0
False,2016-06-14,11390565,145.0
False,2016-06-15,11390565,145.0
False,2016-06-16,11390565,145.0
False,2016-06-17,11390565,145.0
False,2016-06-18,11390565,145.0
False,2016-06-19,11390565,145.0
False,2016-06-20,11390565,145.0
False,2016-06-21,11390565,145.0
False,2016-06-22,11390565,145.0
False,2016-06-23,11390565,145.0
False,2016-06-24,11390565,145.0
False,2016-06-25,11390565,145.0
False,2016-06-26,11390565,145.0
False,2016-06-27,11390565,145.0
False,2016-06-28,11390565,145.0
False,2016-06-29,11390565,145.0
False,2016-06-30,11390565,145.0
False,2016-07-01,11390565,145.0
False,2016-07-02,11390565,145.0
False,2016-07-03,11390565,145.0
False,2016-07-04,11390565,145.0
False,2016-07-05,11390565,145.0
False,2016-07-06,11390565,145.0
False,2016-07-07,11390565,145.0
False,2016-07-08,11390565,145.0
False,2016-07-09,11390565,145.0
False,2016-07-10,11390565,145.0
False,2016-07-11,11390565,145.0
False,2016-07-12,11390565,145.0
False,2016-07-13,11390565,145.0
False,2016-07-14,11390565,145.0
False,2016-07-15,11390565,145.0
False,2016-07-16,11390565,145.0
False,2016-07-17,11390565,145.0
False,2016-07-18,11390565,145.0
False,2016-07-19,11390565,145.0
False,2016-07-20,11390565,145.0
False,2016-07-21,11390565,145.0
False,2016-07-22,11390565,145.0
False,2016-07-23,11390565,145.0
False,2016-07-24,11390565,145.0
False,2016-07-25,11390565,145.0
False,2016-07-26,11390565,145.0
False,2016-07-27,11390565,145.0
False,2016-07-28,11390565,145.0
False,2016-07-29,11390565,145.0
False,2016-07-30,11390565,145.0
False,2016-07-31,11390565,145.0
False,2016-08-01,11390565,145.0
False,2016-08-02,11390565,145.0
False,2016-08-03,11390565,145.0
False,2016-08-04,11390565,145.0
False,2016-08-05,11390565,145.0
False,2016-08-06,11390565,145.0
False,2016-08-07,11390565,145.0
False,2016-08-08,11390565,145.0
False,2016-08-09,11390565,145.0
False,2016-08-10,11390565,145.0
False,2016-08-11,11390565,145.0
False,2016-08-12,11390565,145.0
False,2016-08-13,11390565,145.0
False,2016-08-14,11390565,145.0
False,2016-08-15,11390565,145.0
False,2016-08-16,11390565,145.0
False,2016-08-17,11390565,145.0
False,2016-08-18,11390565,145.0
False,2016-08-19,11390565,145.0
False,2016-08-20,11390565,145.0
False,2016-08-21,11390565,145.0
False,2016-08-22,11390565,145.0
False,2016-08-23,11390565,145.0
False,2016-08-24,11390565,145.0
False,2016-08-25,11390565,145.0
False,2016-08-26,11390565,145.0
False,2016-08-27,11390565,145.0
False,2016-08-28,11390565,145.0
False,2016-08-29,11390565,145.0
False,2016-08-30,11390565,145.0
False,2016-08-31,11390565,145.0
False,2016-09-01,11390565,145.0
False,2016-09-02,11390565,145.0
False,2016-09-03,11390565,145.0
True,2016-05-29,6559335,250.0
True,2016-05-30,6559335,250.0
True,2016-05-31,6559335,250.0
True,2016-06-01,6559335,250.0
True,2016-06-02,6559335,250.0
True,2016-06-03,6559335,250.0
True,2016-06-04,6559335,250.0
True,2016-06-05,6559335,250.0
True,2016-06-06,6559335,250.0
True,2016-06-07,6559335,250.0
True,2016-06-08,6559335,250.0
True,2016-06-09,6559335,250.0
True,2016-06-10,6559335,200.0
False,2016-06-11,6559335,200.0
False,2016-06-12,6559335,200.0
False,2016-06-13,6559335,200.0
False,2016-06-14,6559335,200.0
False,2016-06-15,6559335,200.0
False,2016-06-16,6559335,200.0
False,2016-06-17,6559335,200.0
False,2016-06-18,6559335,200.0
False,2016-06-19,6559335,200.0
False,2016-06-20,6559335,200.0
False,2016-06-21,6559335,200.0
False,2016-06-22,6559335,200.0
False,2016-06-23,6559335,200.0
False,2016-06-24,6559335,200.0
False,2016-06-25,6559335,200.0
False,2016-06-26,6559335,200.0
False,2016-06-27,6559335,200.0
False,2016-06-28,6559335,200.0
False,2016-06-29,6559335,200.0
True,2016-06-30,6559335,250.0
False,2016-07-01,6559335,250.0
False,2016-07-02,6559335,250.0
False,2016-07-03,6559335,250.0
True,2016-07-04,6559335,250.0
True,2016-07-05,6559335,250.0
False,2016-07-06,6559335,250.0
False,2016-07-07,6559335,250.0
False,2016-07-08,6559335,250.0
False,2016-07-09,6559335,250.0
False,2016-07-10,6559335,250.0
False,2016-07-11,6559335,250.0
False,2016-07-12,6559335,250.0
False,2016-07-13,6559335,250.0
False,2016-07-14,6559335,250.0
False,2016-07-15,6559335,250.0
True,2016-07-16,6559335,250.0
True,2016-07-17,6559335,250.0
True,2016-07-18,6559335,250.0
False,2016-07-19,6559335,250.0
False,2016-07-20,6559335,250.0
False,2016-07-21,6559335,250.0
False,2016-07-22,6559335,250.0
False,2016-07-23,6559335,250.0
True,2016-07-24,6559335,250.0
False,2016-07-25,6559335,250.0
False,2016-07-26,6559335,250.0
False,2016-07-27,6559335,250.0
False,2016-07-28,6559335,250.0
False,2016-07-29,6559335,250.0
False,2016-07-30,6559335,250.0
False,2016-07-31,6559335,250.0
True,2016-08-01,6559335,250.0
True,2016-08-02,6559335,250.0
True,2016-08-03,6559335,250.0
False,2016-08-04,6559335,200.0
False,2016-08-05,6559335,200.0
False,2016-08-06,6559335,200.0
False,2016-08-07,6559335,200.0
False,2016-08-08,6559335,200.0
False,2016-08-09,6559335,200.0
False,2016-08-10,6559335,200.0
False,2016-08-11,6559335,200.0
False,2016-08-12,6559335,200.0
False,2016-08-13,6559335,200.0
False,2016-08-14,6559335,200.0
False,2016-08-15,6559335,200.0
False,2016-08-16,6559335,200.0
False,2016-08-17,6559335,200.0
False,2016-08-18,6559335,200.0
False,2016-08-19,6559335,200.0
False,2016-08-20,6559335,200.0
False,2016-08-21,6559335,200.0
False,2016-08-22,6559335,200.0
False,2016-08-23,6559335,200.0
False,2016-08-24,6559335,200.0
False,2016-08-25,6559335,200.0
False,2016-08-26,6559335,200.0
False,2016-08-27,6559335,200.0
False,2016-08-28,6559335,200.0
False,2016-08-29,6559335,200.0
False,2016-08-30,6559335,200.0
False,2016-08-31,6559335,200.0
False,2016-09-01,6559335,200.0
False,2016-09-02,6559335,200.0
False,2016-09-03,6559335,200.0
False,2016-05-29,8130665,196.0
False,2016-05-30,8130665,195.0
False,2016-05-31,8130665,201.0
False,2016-06-01,8130665,202.0
False,2016-06-02,8130665,202.0
False,2016-06-03,8130665,202.0
False,2016-06-04,8130665,188.0
False,2016-06-05,8130665,188.0
False,2016-06-06,8130665,187.0
False,2016-06-07,8130665,202.0
False,2016-06-08,8130665,201.0
False,2016-06-09,8130665,296.0
False,2016-06-10,8130665,296.0
False,2016-06-11,8130665,296.0
False,2016-06-12,8130665,177.0
False,2016-06-13,8130665,177.0
False,2016-06-14,8130665,185.0
False,2016-06-15,8130665,186.0
False,2016-06-16,8130665,187.0
False,2016-06-17,8130665,188.0
False,2016-06-18,8130665,188.0
False,2016-06-19,8130665,191.0
False,2016-06-20,8130665,189.0
False,2016-06-21,8130665,185.0
False,2016-06-22,8130665,203.0
False,2016-06-23,8130665,203.0
False,2016-06-24,8130665,203.0
False,2016-06-25,8130665,195.0
False,2016-06-26,8130665,194.0
False,2016-06-27,8130665,202.0
False,2016-06-28,8130665,202.0
False,2016-06-29,8130665,188.0
False,2016-06-30,8130665,188.0
False,2016-07-01,8130665,202.0
False,2016-07-02,8130665,202.0
False,2016-07-03,8130665,296.0
False,2016-07-04,8130665,233.0
False,2016-07-05,8130665,199.0
False,2016-07-06,8130665,199.0
False,2016-07-07,8130665,199.0
False,2016-07-08,8130665,246.0
False,2016-07-09,8130665,246.0
False,2016-07-10,8130665,246.0
False,2016-07-11,8130665,246.0
False,2016-07-12,8130665,246.0
False,2016-07-13,8130665,203.0
False,2016-07-14,8130665,205.0
False,2016-07-15,8130665,206.0
False,2016-07-16,8130665,206.0
False,2016-07-17,8130665,202.0
False,2016-07-18,8130665,296.0
False,2016-07-19,8130665,296.0
False,2016-07-20,8130665,296.0
False,2016-07-21,8130665,296.0
False,2016-07-22,8130665,296.0
False,2016-07-23,8130665,296.0
False,2016-07-24,8130665,246.0
False,2016-07-25,8130665,246.0
False,2016-07-26,8130665,246.0
False,2016-07-27,8130665,246.0
False,2016-07-28,8130665,246.0
False,2016-07-29,8130665,204.0
False,2016-07-30,8130665,204.0
False,2016-07-31,8130665,198.0
False,2016-08-01,8130665,198.0
False,2016-08-02,8130665,202.0
False,2016-08-03,8130665,202.0
False,2016-08-04,8130665,296.0
False,2016-08-05,8130665,296.0
False,2016-08-06,8130665,296.0
False,2016-08-07,8130665,296.0
False,2016-08-08,8130665,296.0
False,2016-08-09,8130665,296.0
False,2016-08-10,8130665,201.0
False,2016-08-11,8130665,205.0
False,2016-08-12,8130665,198.0
False,2016-08-13,8130665,198.0
False,2016-08-14,8130665,198.0
False,2016-08-15,8130665,199.0
False,2016-08-16,8130665,198.0
False,2016-08-17,8130665,198.0
False,2016-08-18,8130665,198.0
False,2016-08-19,8130665,213.0
False,2016-08-20,8130665,213.0
False,2016-08-21,8130665,213.0
False,2016-08-22,8130665,212.0
False,2016-08-23,8130665,212.0
False,2016-08-24,8130665,206.0
False,2016-08-25,8130665,206.0
False,2016-08-26,8130665,206.0
False,2016-08-27,8130665,206.0
False,2016-08-28,8130665,203.0
False,2016-08-29,8130665,203.0
False,2016-08-30,8130665,203.0
True,2016-08-31,8130665,166.0
True,2016-09-01,8130665,189.0
True,2016-09-02,8130665,201.0
True,2016-09-03,8130665,203.0
False,2016-05-29,13674090,749.0
False,2016-05-30,13674090,749.0
False,2016-05-31,13674090,749.0
False,2016-06-01,13674090,749.0
False,2016-06-02,13674090,749.0
False,2016-06-03,13674090,749.0
False,2016-06-04,13674090,749.0
False,2016-06-05,13674090,749.0
False,2016-06-06,13674090,749.0
False,2016-06-07,13674090,749.0
False,2016-06-08,13674090,749.0
False,2016-06-09,13674090,749.0
False,2016-06-10,13674090,749.0
False,2016-06-11,13674090,749.0
False,2016-06-12,13674090,749.0
False,2016-06-13,13674090,749.0
False,2016-06-14,13674090,749.0
False,2016-06-15,13674090,749.0
False,2016-06-16,13674090,749.0
False,2016-06-17,13674090,749.0
False,2016-06-18,13674090,749.0
False,2016-06-19,13674090,749.0
False,2016-06-20,13674090,749.0
False,2016-06-21,13674090,749.0
False,2016-06-22,13674090,749.0
False,2016-06-23,13674090,749.0
False,2016-06-24,13674090,749.0
False,2016-06-25,13674090,749.0
False,2016-06-26,13674090,749.0
False,2016-06-27,13674090,749.0
False,2016-06-28,13674090,749.0
False,2016-06-29,13674090,749.0
False,2016-06-30,13674090,749.0
False,2016-07-01,13674090,649.0
True,2016-07-02,13674090,749.0
False,2016-07-03,13674090,749.0
False,2016-07-04,13674090,649.0
False,2016-07-05,13674090,549.0
False,2016-07-06,13674090,549.0
True,2016-07-07,13674090,550.0
True,2016-07-08,13674090,650.0
False,2016-07-09,13674090,699.0
False,2016-07-10,13674090,749.0
False,2016-07-11,13674090,749.0
False,2016-07-12,13674090,549.0
False,2016-07-13,13674090,549.0
False,2016-07-14,13674090,549.0
False,2016-07-15,13674090,699.0
False,2016-07-16,13674090,749.0
False,2016-07-17,13674090,699.0
True,2016-07-18,13674090,599.0
False,2016-07-19,13674090,649.0
False,2016-07-20,13674090,649.0
False,2016-07-21,13674090,649.0
False,2016-07-22,13674090,749.0
False,2016-07-23,13674090,749.0
True,2016-07-24,13674090,699.0
False,2016-07-25,13674090,549.0
False,2016-07-26,13674090,549.0
False,2016-07-27,13674090,599.0
False,2016-07-28,13674090,549.0
False,2016-07-29,13674090,749.0
False,2016-07-30,13674090,749.0
False,2016-07-31,13674090,749.0
False,2016-08-01,13674090,649.0
False,2016-08-02,13674090,549.0
False,2016-08-03,13674090,549.0
False,2016-08-04,13674090,649.0
True,2016-08-05,13674090,1000.0
False,2016-08-06,13674090,1500.0
False,2016-08-07,13674090,749.0
False,2016-08-08,13674090,749.0
False,2016-08-09,13674090,749.0
False,2016-08-10,13674090,749.0
False,2016-08-11,13674090,749.0
False,2016-08-12,13674090,749.0
False,2016-08-13,13674090,749.0
False,2016-08-14,13674090,749.0
False,2016-08-15,13674090,749.0
False,2016-08-16,13674090,749.0
False,2016-08-17,13674090,749.0
False,2016-08-18,13674090,749.0
False,2016-08-19,13674090,749.0
False,2016-08-20,13674090,749.0
False,2016-08-21,13674090,749.0
False,2016-08-22,13674090,749.0
False,2016-08-23,13674090,749.0
False,2016-08-24,13674090,749.0
False,2016-08-25,13674090,749.0
False,2016-08-26,13674090,749.0
False,2016-08-27,13674090,749.0
False,2016-08-28,13674090,749.0
False,2016-08-29,13674090,749.0
False,2016-08-30,13674090,749.0
False,2016-08-31,13674090,749.0
False,2016-09-01,13674090,749.0
False,2016-09-02,13674090,749.0
False,2016-09-03,13674090,749.0
False,2016-05-29,5505643,300.0
True,2016-05-30,5505643,300.0
False,2016-05-31,5505643,300.0
False,2016-06-01,5505643,300.0
False,2016-06-02,5505643,300.0
False,2016-06-03,5505643,300.0
False,2016-06-04,5505643,300.0
False,2016-06-05,5505643,300.0
False,2016-06-06,5505643,300.0
False,2016-06-07,5505643,300.0
False,2016-06-08,5505643,300.0
False,2016-06-09,5505643,300.0
False,2016-06-10,5505643,300.0
False,2016-06-11,5505643,300.0
False,2016-06-12,5505643,300.0
False,2016-06-13,5505643,300.0
False,2016-06-14,5505643,300.0
False,2016-06-15,5505643,300.0
False,2016-06-16,5505643,300.0
False,2016-06-17,5505643,300.0
False,2016-06-18,5505643,300.0
False,2016-06-19,5505643,300.0
True,2016-06-20,5505643,300.0
False,2016-06-21,5505643,300.0
False,2016-06-22,5505643,300.0
False,2016-06-23,5505643,300.0
False,2016-06-24,5505643,300.0
False,2016-06-25,5505643,300.0
False,2016-06-26,5505643,300.0
False,2016-06-27,5505643,300.0
False,2016-06-28,5505643,300.0
False,2016-06-29,5505643,300.0
False,2016-06-30,5505643,300.0
False,2016-07-01,5505643,325.0
False,2016-07-02,5505643,325.0
False,2016-07-03,5505643,325.0
False,2016-07-04,5505643,325.0
False,2016-07-05,5505643,325.0
False,2016-07-06,5505643,325.0
False,2016-07-07,5505643,325.0
False,2016-07-08,5505643,325.0
True,2016-07-09,5505643,325.0
True,2016-07-10,5505643,325.0
False,2016-07-11,5505643,325.0
False,2016-07-12,5505643,325.0
False,2016-07-13,5505643,325.0
False,2016-07-14,5505643,325.0
False,2016-07-15,5505643,325.0
False,2016-07-16,5505643,310.0
False,2016-07-17,5505643,309.0
False,2016-07-18,5505643,308.0
False,2016-07-19,5505643,308.0
False,2016-07-20,5505643,308.0
False,2016-07-21,5505643,300.0
False,2016-07-22,5505643,300.0
False,2016-07-23,5505643,300.0
False,2016-07-24,5505643,325.0
False,2016-07-25,5505643,325.0
False,2016-07-26,5505643,325.0
False,2016-07-27,5505643,325.0
False,2016-07-28,5505643,325.0
True,2016-07-29,5505643,325.0
False,2016-07-30,5505643,325.0
False,2016-07-31,5505643,325.0
False,2016-08-01,5505643,300.0
False,2016-08-02,5505643,300.0
False,2016-08-03,5505643,300.0
False,2016-08-04,5505643,300.0
False,2016-08-05,5505643,300.0
False,2016-08-06,5505643,300.0
False,2016-08-07,5505643,300.0
False,2016-08-08,5505643,300.0
False,2016-08-09,5505643,300.0
False,2016-08-10,5505643,300.0
False,2016-08-11,5505643,300.0
False,2016-08-12,5505643,300.0
False,2016-08-13,5505643,319.0
False,2016-08-14,5505643,309.0
False,2016-08-15,5505643,310.0
False,2016-08-16,5505643,309.0
False,2016-08-17,5505643,309.0
False,2016-08-18,5505643,309.0
False,2016-08-19,5505643,309.0
True,2016-08-20,5505643,350.0
True,2016-08-21,5505643,350.0
True,2016-08-22,5505643,350.0
True,2016-08-23,5505643,350.0
True,2016-08-24,5505643,350.0
False,2016-08-25,5505643,303.0
False,2016-08-26,5505643,303.0
False,2016-08-27,5505643,303.0
False,2016-08-28,5505643,302.0
False,2016-08-29,5505643,301.0
True,2016-08-30,5505643,300.0
True,2016-08-31,5505643,327.0
True,2016-09-01,5505643,350.0
True,2016-09-02,5505643,350.0
True,2016-09-03,5505643,350.0
False,2016-05-29,207980,275.0
True,2016-05-30,207980,275.0
True,2016-05-31,207980,275.0
False,2016-06-01,207980,295.0
False,2016-06-02,207980,295.0
False,2016-06-03,207980,325.0
False,2016-06-04,207980,325.0
False,2016-06-05,207980,295.0
False,2016-06-06,207980,295.0
False,2016-06-07,207980,295.0
False,2016-06-08,207980,295.0
False,2016-06-09,207980,295.0
False,2016-06-10,207980,325.0
False,2016-06-11,207980,325.0
False,2016-06-12,207980,295.0
False,2016-06-13,207980,295.0
False,2016-06-14,207980,295.0
True,2016-06-15,207980,295.0
False,2016-06-16,207980,295.0
False,2016-06-17,207980,325.0
False,2016-06-18,207980,325.0
False,2016-06-19,207980,295.0
True,2016-06-20,207980,325.0
False,2016-06-21,207980,325.0
False,2016-06-22,207980,325.0
False,2016-06-23,207980,325.0
False,2016-06-24,207980,325.0
False,2016-06-25,207980,325.0
False,2016-06-26,207980,282.0
False,2016-06-27,207980,327.0
False,2016-06-28,207980,322.0
False,2016-06-29,207980,297.0
False,2016-06-30,207980,345.0
False,2016-07-01,207980,325.0
False,2016-07-02,207980,325.0
False,2016-07-03,207980,345.0
False,2016-07-04,207980,345.0
False,2016-07-05,207980,297.0
False,2016-07-06,207980,293.0
True,2016-07-07,207980,272.0
False,2016-07-08,207980,325.0
False,2016-07-09,207980,325.0
False,2016-07-10,207980,345.0
False,2016-07-11,207980,345.0
False,2016-07-12,207980,345.0
False,2016-07-13,207980,311.0
False,2016-07-14,207980,313.0
False,2016-07-15,207980,325.0
False,2016-07-16,207980,325.0
True,2016-07-17,207980,328.0
False,2016-07-18,207980,345.0
False,2016-07-19,207980,345.0
False,2016-07-20,207980,345.0
True,2016-07-21,207980,317.0
False,2016-07-22,207980,325.0
False,2016-07-23,207980,325.0
False,2016-07-24,207980,345.0
False,2016-07-25,207980,345.0
False,2016-07-26,207980,345.0
True,2016-07-27,207980,305.0
False,2016-07-28,207980,302.0
False,2016-07-29,207980,302.0
False,2016-07-30,207980,325.0
False,2016-07-31,207980,345.0
False,2016-08-01,207980,345.0
True,2016-08-02,207980,322.0
False,2016-08-03,207980,295.0
False,2016-08-04,207980,295.0
False,2016-08-05,207980,325.0
False,2016-08-06,207980,325.0
False,2016-08-07,207980,345.0
False,2016-08-08,207980,345.0
False,2016-08-09,207980,345.0
False,2016-08-10,207980,345.0
False,2016-08-11,207980,345.0
False,2016-08-12,207980,325.0
False,2016-08-13,207980,325.0
False,2016-08-14,207980,345.0
False,2016-08-15,207980,345.0
False,2016-08-16,207980,345.0
False,2016-08-17,207980,345.0
False,2016-08-18,207980,345.0
False,2016-08-19,207980,325.0
False,2016-08-20,207980,325.0
False,2016-08-21,207980,345.0
False,2016-08-22,207980,345.0
False,2016-08-23,207980,345.0
False,2016-08-24,207980,345.0
False,2016-08-25,207980,345.0
False,2016-08-26,207980,325.0
False,2016-08-27,207980,325.0
False,2016-08-28,207980,345.0
False,2016-08-29,207980,345.0
True,2016-08-30,207980,345.0
True,2016-08-31,207980,345.0
False,2016-09-01,207980,345.0
False,2016-09-02,207980,325.0
False,2016-09-03,207980,325.0
False,2016-05-29,10968594,175.0
False,2016-05-30,10968594,175.0
False,2016-05-31,10968594,175.0
False,2016-06-01,10968594,175.0
False,2016-06-02,10968594,175.0
True,2016-06-03,10968594,175.0
True,2016-06-04,10968594,175.0
False,2016-06-05,10968594,175.0
False,2016-06-06,10968594,175.0
False,2016-06-07,10968594,175.0
False,2016-06-08,10968594,175.0
False,2016-06-09,10968594,175.0
False,2016-06-10,10968594,175.0
False,2016-06-11,10968594,175.0
False,2016-06-12,10968594,175.0
False,2016-06-13,10968594,175.0
False,2016-06-14,10968594,175.0
False,2016-06-15,10968594,175.0
False,2016-06-16,10968594,175.0
False,2016-06-17,10968594,175.0
False,2016-06-18,10968594,175.0
False,2016-06-19,10968594,175.0
False,2016-06-20,10968594,175.0
False,2016-06-21,10968594,175.0
False,2016-06-22,10968594,175.0
False,2016-06-23,10968594,175.0
False,2016-06-24,10968594,175.0
False,2016-06-25,10968594,175.0
False,2016-06-26,10968594,175.0
False,2016-06-27,10968594,175.0
False,2016-06-28,10968594,175.0
False,2016-06-29,10968594,175.0
False,2016-06-30,10968594,175.0
False,2016-07-01,10968594,175.0
False,2016-07-02,10968594,175.0
False,2016-07-03,10968594,175.0
False,2016-07-04,10968594,175.0
False,2016-07-05,10968594,175.0
False,2016-07-06,10968594,175.0
False,2016-07-07,10968594,175.0
False,2016-07-08,10968594,175.0
False,2016-07-09,10968594,175.0
False,2016-07-10,10968594,175.0
False,2016-07-11,10968594,175.0
False,2016-07-12,10968594,175.0
False,2016-07-13,10968594,175.0
False,2016-07-14,10968594,175.0
False,2016-07-15,10968594,175.0
False,2016-07-16,10968594,175.0
False,2016-07-17,10968594,175.0
False,2016-07-18,10968594,175.0
False,2016-07-19,10968594,175.0
False,2016-07-20,10968594,175.0
False,2016-07-21,10968594,175.0
False,2016-07-22,10968594,175.0
False,2016-07-23,10968594,175.0
False,2016-07-24,10968594,175.0
False,2016-07-25,10968594,175.0
False,2016-07-26,10968594,175.0
False,2016-07-27,10968594,175.0
False,2016-07-28,10968594,175.0
False,2016-07-29,10968594,175.0
False,2016-07-30,10968594,175.0
False,2016-07-31,10968594,175.0
False,2016-08-01,10968594,175.0
False,2016-08-02,10968594,175.0
False,2016-08-03,10968594,175.0
False,2016-08-04,10968594,175.0
False,2016-08-05,10968594,175.0
False,2016-08-06,10968594,175.0
False,2016-08-07,10968594,175.0
False,2016-08-08,10968594,175.0
False,2016-08-09,10968594,175.0
False,2016-08-10,10968594,175.0
False,2016-08-11,10968594,175.0
False,2016-08-12,10968594,175.0
False,2016-08-13,10968594,175.0
False,2016-08-14,10968594,175.0
False,2016-08-15,10968594,175.0
False,2016-08-16,10968594,175.0
False,2016-08-17,10968594,175.0
False,2016-08-18,10968594,175.0
False,2016-08-19,10968594,175.0
False,2016-08-20,10968594,175.0
False,2016-08-21,10968594,175.0
False,2016-08-22,10968594,175.0
False,2016-08-23,10968594,175.0
False,2016-08-24,10968594,175.0
False,2016-08-25,10968594,175.0
False,2016-08-26,10968594,175.0
False,2016-08-27,10968594,175.0
False,2016-08-28,10968594,175.0
False,2016-08-29,10968594,175.0
False,2016-08-30,10968594,175.0
False,2016-08-31,10968594,175.0
False,2016-09-01,10968594,175.0
False,2016-09-02,10968594,175.0
False,2016-09-03,10968594,175.0
False,2016-05-29,10599538,295.0
False,2016-05-30,10599538,295.0
False,2016-05-31,10599538,295.0
False,2016-06-01,10599538,295.0
False,2016-06-02,10599538,295.0
False,2016-06-03,10599538,295.0
False,2016-06-04,10599538,295.0
False,2016-06-05,10599538,295.0
False,2016-06-06,10599538,295.0
False,2016-06-07,10599538,295.0
False,2016-06-08,10599538,295.0
False,2016-06-09,10599538,295.0
False,2016-06-10,10599538,295.0
False,2016-06-11,10599538,295.0
False,2016-06-12,10599538,295.0
False,2016-06-13,10599538,295.0
False,2016-06-14,10599538,295.0
False,2016-06-15,10599538,295.0
False,2016-06-16,10599538,295.0
False,2016-06-17,10599538,295.0
False,2016-06-18,10599538,295.0
False,2016-06-19,10599538,295.0
False,2016-06-20,10599538,295.0
False,2016-06-21,10599538,295.0
False,2016-06-22,10599538,295.0
False,2016-06-23,10599538,295.0
False,2016-06-24,10599538,295.0
False,2016-06-25,10599538,295.0
False,2016-06-26,10599538,295.0
False,2016-06-27,10599538,295.0
False,2016-06-28,10599538,295.0
False,2016-06-29,10599538,295.0
False,2016-06-30,10599538,295.0
False,2016-07-01,10599538,295.0
False,2016-07-02,10599538,295.0
False,2016-07-03,10599538,295.0
False,2016-07-04,10599538,295.0
False,2016-07-05,10599538,295.0
False,2016-07-06,10599538,295.0
False,2016-07-07,10599538,295.0
False,2016-07-08,10599538,295.0
False,2016-07-09,10599538,295.0
False,2016-07-10,10599538,295.0
False,2016-07-11,10599538,295.0
True,2016-07-12,10599538,295.0
True,2016-07-13,10599538,295.0
False,2016-07-14,10599538,295.0
False,2016-07-15,10599538,295.0
False,2016-07-16,10599538,295.0
False,2016-07-17,10599538,295.0
False,2016-07-18,10599538,295.0
False,2016-07-19,10599538,295.0
False,2016-07-20,10599538,295.0
True,2016-07-21,10599538,295.0
True,2016-07-22,10599538,295.0
False,2016-07-23,10599538,295.0
False,2016-07-24,10599538,295.0
False,2016-07-25,10599538,295.0
True,2016-07-26,10599538,295.0
True,2016-07-27,10599538,295.0
True,2016-07-28,10599538,295.0
False,2016-07-29,10599538,295.0
False,2016-07-30,10599538,295.0
False,2016-07-31,10599538,295.0
False,2016-08-01,10599538,295.0
True,2016-08-02,10599538,295.0
False,2016-08-03,10599538,295.0
False,2016-08-04,10599538,295.0
False,2016-08-05,10599538,295.0
False,2016-08-06,10599538,295.0
True,2016-08-07,10599538,295.0
True,2016-08-08,10599538,295.0
False,2016-08-09,10599538,295.0
False,2016-08-10,10599538,295.0
False,2016-08-11,10599538,295.0
True,2016-08-12,10599538,295.0
True,2016-08-13,10599538,295.0
True,2016-08-14,10599538,295.0
True,2016-08-15,10599538,295.0
True,2016-08-16,10599538,295.0
True,2016-08-17,10599538,295.0
True,2016-08-18,10599538,295.0
True,2016-08-19,10599538,295.0
True,2016-08-20,10599538,295.0
True,2016-08-21,10599538,295.0
True,2016-08-22,10599538,295.0
True,2016-08-23,10599538,295.0
True,2016-08-24,10599538,295.0
True,2016-08-25,10599538,295.0
True,2016-08-26,10599538,295.0
True,2016-08-27,10599538,295.0
True,2016-08-28,10599538,295.0
True,2016-08-29,10599538,295.0
True,2016-08-30,10599538,295.0
True,2016-08-31,10599538,295.0
True,2016-09-01,10599538,295.0
True,2016-09-02,10599538,295.0
True,2016-09-03,10599538,295.0
True,2016-05-29,13772403,199.0
True,2016-05-30,13772403,199.0
True,2016-05-31,13772403,199.0
True,2016-06-01,13772403,199.0
True,2016-06-02,13772403,199.0
True,2016-06-03,13772403,219.0
True,2016-06-04,13772403,219.0
True,2016-06-05,13772403,199.0
True,2016-06-06,13772403,199.0
True,2016-06-07,13772403,199.0
True,2016-06-08,13772403,199.0
True,2016-06-09,13772403,199.0
True,2016-06-10,13772403,219.0
True,2016-06-11,13772403,219.0
True,2016-06-12,13772403,199.0
True,2016-06-13,13772403,199.0
True,2016-06-14,13772403,199.0
True,2016-06-15,13772403,199.0
True,2016-06-16,13772403,199.0
True,2016-06-17,13772403,219.0
True,2016-06-18,13772403,219.0
True,2016-06-19,13772403,199.0
True,2016-06-20,13772403,199.0
True,2016-06-21,13772403,199.0
True,2016-06-22,13772403,199.0
True,2016-06-23,13772403,199.0
True,2016-06-24,13772403,219.0
True,2016-06-25,13772403,219.0
True,2016-06-26,13772403,199.0
True,2016-06-27,13772403,199.0
True,2016-06-28,13772403,199.0
True,2016-06-29,13772403,199.0
True,2016-06-30,13772403,199.0
True,2016-07-01,13772403,89.0
True,2016-07-02,13772403,199.0
False,2016-07-03,13772403,199.0
False,2016-07-04,13772403,199.0
False,2016-07-05,13772403,199.0
False,2016-07-06,13772403,199.0
False,2016-07-07,13772403,199.0
False,2016-07-08,13772403,199.0
False,2016-07-09,13772403,199.0
False,2016-07-10,13772403,199.0
False,2016-07-11,13772403,199.0
False,2016-07-12,13772403,199.0
False,2016-07-13,13772403,199.0
False,2016-07-14,13772403,199.0
False,2016-07-15,13772403,202.0
False,2016-07-16,13772403,204.0
False,2016-07-17,13772403,199.0
False,2016-07-18,13772403,199.0
False,2016-07-19,13772403,199.0
False,2016-07-20,13772403,199.0
False,2016-07-21,13772403,199.0
False,2016-07-22,13772403,199.0
False,2016-07-23,13772403,199.0
False,2016-07-24,13772403,199.0
False,2016-07-25,13772403,199.0
False,2016-07-26,13772403,199.0
False,2016-07-27,13772403,199.0
False,2016-07-28,13772403,199.0
False,2016-07-29,13772403,199.0
False,2016-07-30,13772403,199.0
False,2016-07-31,13772403,199.0
True,2016-08-01,13772403,199.0
False,2016-08-02,13772403,199.0
False,2016-08-03,13772403,199.0
False,2016-08-04,13772403,199.0
False,2016-08-05,13772403,199.0
False,2016-08-06,13772403,199.0
False,2016-08-07,13772403,199.0
True,2016-08-08,13772403,199.0
True,2016-08-09,13772403,199.0
False,2016-08-10,13772403,199.0
False,2016-08-11,13772403,199.0
False,2016-08-12,13772403,199.0
False,2016-08-13,13772403,219.0
False,2016-08-14,13772403,228.0
False,2016-08-15,13772403,230.0
False,2016-08-16,13772403,230.0
False,2016-08-17,13772403,230.0
False,2016-08-18,13772403,230.0
True,2016-08-19,13772403,231.0
True,2016-08-20,13772403,231.0
True,2016-08-21,13772403,229.0
True,2016-08-22,13772403,227.0
True,2016-08-23,13772403,227.0
True,2016-08-24,13772403,228.0
True,2016-08-25,13772403,228.0
True,2016-08-26,13772403,229.0
True,2016-08-27,13772403,224.0
True,2016-08-28,13772403,204.0
False,2016-08-29,13772403,204.0
False,2016-08-30,13772403,205.0
False,2016-08-31,13772403,205.0
False,2016-09-01,13772403,204.0
True,2016-09-02,13772403,225.0
True,2016-09-03,13772403,229.0
False,2016-05-29,10788469,380.0
False,2016-05-30,10788469,400.0
False,2016-05-31,10788469,200.0
False,2016-06-01,10788469,200.0
False,2016-06-02,10788469,200.0
False,2016-06-03,10788469,200.0
False,2016-06-04,10788469,200.0
False,2016-06-05,10788469,200.0
False,2016-06-06,10788469,310.0
False,2016-06-07,10788469,310.0
False,2016-06-08,10788469,310.0
False,2016-06-09,10788469,365.0
False,2016-06-10,10788469,365.0
False,2016-06-11,10788469,365.0
False,2016-06-12,10788469,365.0
False,2016-06-13,10788469,365.0
False,2016-06-14,10788469,365.0
False,2016-06-15,10788469,320.0
False,2016-06-16,10788469,320.0
False,2016-06-17,10788469,320.0
False,2016-06-18,10788469,320.0
False,2016-06-19,10788469,320.0
False,2016-06-20,10788469,400.0
False,2016-06-21,10788469,400.0
False,2016-06-22,10788469,320.0
False,2016-06-23,10788469,320.0
False,2016-06-24,10788469,320.0
False,2016-06-25,10788469,320.0
False,2016-06-26,10788469,320.0
False,2016-06-27,10788469,400.0
False,2016-06-28,10788469,400.0
False,2016-06-29,10788469,200.0
False,2016-06-30,10788469,200.0
False,2016-07-01,10788469,200.0
False,2016-07-02,10788469,200.0
False,2016-07-03,10788469,200.0
False,2016-07-04,10788469,200.0
False,2016-07-05,10788469,200.0
False,2016-07-06,10788469,200.0
False,2016-07-07,10788469,200.0
False,2016-07-08,10788469,200.0
False,2016-07-09,10788469,200.0
False,2016-07-10,10788469,200.0
False,2016-07-11,10788469,200.0
False,2016-07-12,10788469,200.0
False,2016-07-13,10788469,200.0
False,2016-07-14,10788469,200.0
True,2016-07-15,10788469,340.0
True,2016-07-16,10788469,340.0
False,2016-07-17,10788469,200.0
False,2016-07-18,10788469,200.0
False,2016-07-19,10788469,200.0
False,2016-07-20,10788469,200.0
False,2016-07-21,10788469,200.0
True,2016-07-22,10788469,370.0
True,2016-07-23,10788469,370.0
False,2016-07-24,10788469,200.0
False,2016-07-25,10788469,200.0
False,2016-07-26,10788469,200.0
False,2016-07-27,10788469,200.0
False,2016-07-28,10788469,200.0
True,2016-07-29,10788469,370.0
True,2016-07-30,10788469,370.0
False,2016-07-31,10788469,200.0
False,2016-08-01,10788469,200.0
False,2016-08-02,10788469,200.0
False,2016-08-03,10788469,200.0
False,2016-08-04,10788469,200.0
True,2016-08-05,10788469,410.0
True,2016-08-06,10788469,410.0
False,2016-08-07,10788469,200.0
False,2016-08-08,10788469,200.0
False,2016-08-09,10788469,200.0
False,2016-08-10,10788469,200.0
False,2016-08-11,10788469,200.0
True,2016-08-12,10788469,410.0
True,2016-08-13,10788469,410.0
False,2016-08-14,10788469,200.0
False,2016-08-15,10788469,200.0
False,2016-08-16,10788469,200.0
False,2016-08-17,10788469,200.0
False,2016-08-18,10788469,200.0
True,2016-08-19,10788469,410.0
True,2016-08-20,10788469,410.0
False,2016-08-21,10788469,200.0
False,2016-08-22,10788469,200.0
False,2016-08-23,10788469,200.0
False,2016-08-24,10788469,200.0
False,2016-08-25,10788469,200.0
False,2016-08-26,10788469,200.0
False,2016-08-27,10788469,200.0
False,2016-08-28,10788469,200.0
False,2016-08-29,10788469,200.0
False,2016-08-30,10788469,200.0
False,2016-08-31,10788469,200.0
False,2016-09-01,10788469,200.0
False,2016-09-02,10788469,200.0
False,2016-09-03,10788469,200.0
False,2016-05-29,9497719,175.0
False,2016-05-30,9497719,175.0
False,2016-05-31,9497719,150.0
False,2016-06-01,9497719,150.0
False,2016-06-02,9497719,150.0
False,2016-06-03,9497719,217.0
False,2016-06-04,9497719,220.0
False,2016-06-05,9497719,220.0
False,2016-06-06,9497719,219.0
False,2016-06-07,9497719,222.0
False,2016-06-08,9497719,198.0
False,2016-06-09,9497719,215.0
False,2016-06-10,9497719,215.0
False,2016-06-11,9497719,230.0
False,2016-06-12,9497719,175.0
False,2016-06-13,9497719,175.0
False,2016-06-14,9497719,223.0
False,2016-06-15,9497719,230.0
False,2016-06-16,9497719,225.0
False,2016-06-17,9497719,225.0
False,2016-06-18,9497719,240.0
False,2016-06-19,9497719,219.0
False,2016-06-20,9497719,217.0
False,2016-06-21,9497719,220.0
False,2016-06-22,9497719,231.0
False,2016-06-23,9497719,238.0
False,2016-06-24,9497719,245.0
False,2016-06-25,9497719,246.0
False,2016-06-26,9497719,234.0
False,2016-06-27,9497719,173.0
False,2016-06-28,9497719,175.0
False,2016-06-29,9497719,183.0
False,2016-06-30,9497719,191.0
False,2016-07-01,9497719,201.0
False,2016-07-02,9497719,205.0
False,2016-07-03,9497719,198.0
False,2016-07-04,9497719,191.0
False,2016-07-05,9497719,165.0
False,2016-07-06,9497719,171.0
False,2016-07-07,9497719,177.0
False,2016-07-08,9497719,189.0
False,2016-07-09,9497719,213.0
False,2016-07-10,9497719,229.0
False,2016-07-11,9497719,229.0
False,2016-07-12,9497719,250.0
False,2016-07-13,9497719,254.0
False,2016-07-14,9497719,259.0
False,2016-07-15,9497719,279.0
False,2016-07-16,9497719,253.0
False,2016-07-17,9497719,197.0
True,2016-07-18,9497719,180.0
True,2016-07-19,9497719,180.0
True,2016-07-20,9497719,202.0
True,2016-07-21,9497719,195.0
False,2016-07-22,9497719,206.0
False,2016-07-23,9497719,208.0
False,2016-07-24,9497719,197.0
False,2016-07-25,9497719,194.0
False,2016-07-26,9497719,195.0
False,2016-07-27,9497719,265.0
False,2016-07-28,9497719,204.0
False,2016-07-29,9497719,207.0
True,2016-07-30,9497719,209.0
True,2016-07-31,9497719,208.0
True,2016-08-01,9497719,202.0
True,2016-08-02,9497719,202.0
True,2016-08-03,9497719,209.0
True,2016-08-04,9497719,216.0
False,2016-08-05,9497719,217.0
False,2016-08-06,9497719,217.0
False,2016-08-07,9497719,206.0
False,2016-08-08,9497719,250.0
False,2016-08-09,9497719,250.0
False,2016-08-10,9497719,230.0
False,2016-08-11,9497719,230.0
False,2016-08-12,9497719,230.0
False,2016-08-13,9497719,230.0
False,2016-08-14,9497719,230.0
False,2016-08-15,9497719,230.0
False,2016-08-16,9497719,230.0
False,2016-08-17,9497719,230.0
False,2016-08-18,9497719,230.0
False,2016-08-19,9497719,230.0
False,2016-08-20,9497719,230.0
False,2016-08-21,9497719,230.0
False,2016-08-22,9497719,230.0
False,2016-08-23,9497719,230.0
False,2016-08-24,9497719,230.0
False,2016-08-25,9497719,230.0
False,2016-08-26,9497719,230.0
False,2016-08-27,9497719,230.0
False,2016-08-28,9497719,204.0
False,2016-08-29,9497719,212.0
False,2016-08-30,9497719,175.0
False,2016-08-31,9497719,175.0
False,2016-09-01,9497719,235.0
False,2016-09-02,9497719,240.0
False,2016-09-03,9497719,240.0
True,2016-05-29,13601400,174.0
True,2016-05-30,13601400,174.0
True,2016-05-31,13601400,174.0
True,2016-06-01,13601400,174.0
True,2016-06-02,13601400,174.0
True,2016-06-03,13601400,174.0
True,2016-06-04,13601400,174.0
True,2016-06-05,13601400,174.0
True,2016-06-06,13601400,174.0
True,2016-06-07,13601400,174.0
True,2016-06-08,13601400,174.0
True,2016-06-09,13601400,174.0
True,2016-06-10,13601400,174.0
True,2016-06-11,13601400,174.0
True,2016-06-12,13601400,174.0
True,2016-06-13,13601400,174.0
True,2016-06-14,13601400,174.0
True,2016-06-15,13601400,174.0
True,2016-06-16,13601400,174.0
True,2016-06-17,13601400,174.0
True,2016-06-18,13601400,174.0
True,2016-06-19,13601400,174.0
False,2016-06-20,13601400,174.0
False,2016-06-21,13601400,174.0
False,2016-06-22,13601400,174.0
False,2016-06-23,13601400,174.0
False,2016-06-24,13601400,174.0
True,2016-06-25,13601400,154.0
False,2016-06-26,13601400,150.0
False,2016-06-27,13601400,150.0
False,2016-06-28,13601400,150.0
False,2016-06-29,13601400,151.0
False,2016-06-30,13601400,157.0
True,2016-07-01,13601400,151.0
False,2016-07-02,13601400,165.0
False,2016-07-03,13601400,159.0
True,2016-07-04,13601400,150.0
True,2016-07-05,13601400,150.0
False,2016-07-06,13601400,167.0
False,2016-07-07,13601400,172.0
False,2016-07-08,13601400,185.0
False,2016-07-09,13601400,190.0
False,2016-07-10,13601400,182.0
False,2016-07-11,13601400,181.0
False,2016-07-12,13601400,195.0
False,2016-07-13,13601400,198.0
False,2016-07-14,13601400,203.0
False,2016-07-15,13601400,197.0
False,2016-07-16,13601400,182.0
False,2016-07-17,13601400,173.0
False,2016-07-18,13601400,171.0
False,2016-07-19,13601400,174.0
False,2016-07-20,13601400,187.0
False,2016-07-21,13601400,178.0
False,2016-07-22,13601400,188.0
False,2016-07-23,13601400,189.0
False,2016-07-24,13601400,180.0
False,2016-07-25,13601400,176.0
True,2016-07-26,13601400,176.0
True,2016-07-27,13601400,184.0
False,2016-07-28,13601400,188.0
False,2016-07-29,13601400,189.0
False,2016-07-30,13601400,190.0
False,2016-07-31,13601400,181.0
True,2016-08-01,13601400,176.0
True,2016-08-02,13601400,176.0
False,2016-08-03,13601400,183.0
False,2016-08-04,13601400,190.0
False,2016-08-05,13601400,199.0
True,2016-08-06,13601400,199.0
False,2016-08-07,13601400,189.0
False,2016-08-08,13601400,186.0
False,2016-08-09,13601400,185.0
True,2016-08-10,13601400,176.0
True,2016-08-11,13601400,179.0
False,2016-08-12,13601400,188.0
False,2016-08-13,13601400,189.0
False,2016-08-14,13601400,179.0
False,2016-08-15,13601400,175.0
False,2016-08-16,13601400,183.0
True,2016-08-17,13601400,182.0
True,2016-08-18,13601400,186.0
False,2016-08-19,13601400,187.0
False,2016-08-20,13601400,187.0
False,2016-08-21,13601400,178.0
True,2016-08-22,13601400,173.0
True,2016-08-23,13601400,173.0
True,2016-08-24,13601400,173.0
False,2016-08-25,13601400,176.0
False,2016-08-26,13601400,185.0
False,2016-08-27,13601400,187.0
True,2016-08-28,13601400,178.0
False,2016-08-29,13601400,187.0
False,2016-08-30,13601400,187.0
False,2016-08-31,13601400,188.0
True,2016-09-01,13601400,190.0
True,2016-09-02,13601400,187.0
False,2016-09-03,13601400,188.0
True,2016-05-29,4216441,187.0
True,2016-05-30,4216441,181.0
True,2016-05-31,4216441,182.0
True,2016-06-01,4216441,182.0
True,2016-06-02,4216441,192.0
False,2016-06-03,4216441,191.0
True,2016-06-04,4216441,191.0
True,2016-06-05,4216441,187.0
False,2016-06-06,4216441,140.0
False,2016-06-07,4216441,140.0
False,2016-06-08,4216441,140.0
False,2016-06-09,4216441,140.0
False,2016-06-10,4216441,140.0
False,2016-06-11,4216441,140.0
True,2016-06-12,4216441,140.0
False,2016-06-13,4216441,200.0
False,2016-06-14,4216441,202.0
False,2016-06-15,4216441,202.0
False,2016-06-16,4216441,203.0
False,2016-06-17,4216441,207.0
False,2016-06-18,4216441,209.0
False,2016-06-19,4216441,206.0
False,2016-06-20,4216441,161.0
False,2016-06-21,4216441,161.0
False,2016-06-22,4216441,161.0
False,2016-06-23,4216441,161.0
False,2016-06-24,4216441,161.0
False,2016-06-25,4216441,161.0
False,2016-06-26,4216441,161.0
False,2016-06-27,4216441,161.0
True,2016-06-28,4216441,161.0
True,2016-06-29,4216441,178.0
True,2016-06-30,4216441,194.0
True,2016-07-01,4216441,193.0
False,2016-07-02,4216441,201.0
False,2016-07-03,4216441,194.0
False,2016-07-04,4216441,178.0
True,2016-07-05,4216441,159.0
True,2016-07-06,4216441,199.0
False,2016-07-07,4216441,199.0
False,2016-07-08,4216441,199.0
False,2016-07-09,4216441,199.0
False,2016-07-10,4216441,199.0
False,2016-07-11,4216441,199.0
False,2016-07-12,4216441,161.0
False,2016-07-13,4216441,199.0
False,2016-07-14,4216441,199.0
False,2016-07-15,4216441,199.0
True,2016-07-16,4216441,199.0
True,2016-07-17,4216441,161.0
True,2016-07-18,4216441,199.0
False,2016-07-19,4216441,199.0
False,2016-07-20,4216441,199.0
False,2016-07-21,4216441,199.0
False,2016-07-22,4216441,199.0
False,2016-07-23,4216441,199.0
False,2016-07-24,4216441,199.0
False,2016-07-25,4216441,179.0
False,2016-07-26,4216441,195.0
False,2016-07-27,4216441,196.0
False,2016-07-28,4216441,199.0
False,2016-07-29,4216441,199.0
False,2016-07-30,4216441,199.0
True,2016-07-31,4216441,199.0
True,2016-08-01,4216441,196.0
True,2016-08-02,4216441,186.0
False,2016-08-03,4216441,165.0
False,2016-08-04,4216441,199.0
False,2016-08-05,4216441,199.0
False,2016-08-06,4216441,199.0
False,2016-08-07,4216441,199.0
True,2016-08-08,4216441,199.0
True,2016-08-09,4216441,199.0
True,2016-08-10,4216441,199.0
True,2016-08-11,4216441,199.0
True,2016-08-12,4216441,199.0
True,2016-08-13,4216441,199.0
True,2016-08-14,4216441,199.0
True,2016-08-15,4216441,199.0
True,2016-08-16,4216441,199.0
True,2016-08-17,4216441,199.0
False,2016-08-18,4216441,199.0
False,2016-08-19,4216441,199.0
False,2016-08-20,4216441,199.0
False,2016-08-21,4216441,199.0
False,2016-08-22,4216441,199.0
False,2016-08-23,4216441,199.0
False,2016-08-24,4216441,199.0
False,2016-08-25,4216441,199.0
False,2016-08-26,4216441,199.0
True,2016-08-27,4216441,199.0
True,2016-08-28,4216441,199.0
True,2016-08-29,4216441,199.0
True,2016-08-30,4216441,199.0
True,2016-08-31,4216441,199.0
True,2016-09-01,4216441,199.0
True,2016-09-02,4216441,199.0
True,2016-09-03,4216441,199.0
False,2016-05-29,6107258,171.0
False,2016-05-30,6107258,171.0
False,2016-05-31,6107258,171.0
False,2016-06-01,6107258,171.0
False,2016-06-02,6107258,171.0
False,2016-06-03,6107258,171.0
False,2016-06-04,6107258,169.0
False,2016-06-05,6107258,169.0
False,2016-06-06,6107258,169.0
False,2016-06-07,6107258,169.0
False,2016-06-08,6107258,169.0
False,2016-06-09,6107258,169.0
False,2016-06-10,6107258,169.0
False,2016-06-11,6107258,169.0
False,2016-06-12,6107258,169.0
False,2016-06-13,6107258,169.0
False,2016-06-14,6107258,169.0
False,2016-06-15,6107258,169.0
False,2016-06-16,6107258,169.0
False,2016-06-17,6107258,169.0
False,2016-06-18,6107258,169.0
False,2016-06-19,6107258,169.0
False,2016-06-20,6107258,169.0
False,2016-06-21,6107258,169.0
False,2016-06-22,6107258,169.0
False,2016-06-23,6107258,169.0
False,2016-06-24,6107258,169.0
False,2016-06-25,6107258,169.0
False,2016-06-26,6107258,169.0
False,2016-06-27,6107258,169.0
False,2016-06-28,6107258,169.0
False,2016-06-29,6107258,169.0
False,2016-06-30,6107258,169.0
False,2016-07-01,6107258,169.0
False,2016-07-02,6107258,169.0
False,2016-07-03,6107258,169.0
False,2016-07-04,6107258,169.0
False,2016-07-05,6107258,169.0
False,2016-07-06,6107258,169.0
False,2016-07-07,6107258,169.0
False,2016-07-08,6107258,169.0
False,2016-07-09,6107258,209.0
False,2016-07-10,6107258,209.0
False,2016-07-11,6107258,209.0
False,2016-07-12,6107258,209.0
False,2016-07-13,6107258,209.0
False,2016-07-14,6107258,209.0
False,2016-07-15,6107258,209.0
False,2016-07-16,6107258,209.0
False,2016-07-17,6107258,209.0
False,2016-07-18,6107258,209.0
False,2016-07-19,6107258,209.0
False,2016-07-20,6107258,209.0
False,2016-07-21,6107258,209.0
False,2016-07-22,6107258,209.0
False,2016-07-23,6107258,209.0
False,2016-07-24,6107258,209.0
False,2016-07-25,6107258,209.0
False,2016-07-26,6107258,209.0
False,2016-07-27,6107258,209.0
False,2016-07-28,6107258,209.0
False,2016-07-29,6107258,209.0
False,2016-07-30,6107258,209.0
False,2016-07-31,6107258,209.0
False,2016-08-01,6107258,209.0
False,2016-08-02,6107258,209.0
False,2016-08-03,6107258,209.0
False,2016-08-04,6107258,209.0
False,2016-08-05,6107258,209.0
False,2016-08-06,6107258,209.0
False,2016-08-07,6107258,209.0
False,2016-08-08,6107258,209.0
False,2016-08-09,6107258,209.0
False,2016-08-10,6107258,209.0
False,2016-08-11,6107258,209.0
False,2016-08-12,6107258,209.0
False,2016-08-13,6107258,209.0
False,2016-08-14,6107258,209.0
False,2016-08-15,6107258,209.0
False,2016-08-16,6107258,209.0
False,2016-08-17,6107258,209.0
False,2016-08-18,6107258,209.0
False,2016-08-19,6107258,209.0
False,2016-08-20,6107258,209.0
False,2016-08-21,6107258,209.0
False,2016-08-22,6107258,209.0
False,2016-08-23,6107258,209.0
False,2016-08-24,6107258,209.0
False,2016-08-25,6107258,209.0
False,2016-08-26,6107258,209.0
False,2016-08-27,6107258,209.0
False,2016-08-28,6107258,209.0
False,2016-08-29,6107258,209.0
False,2016-08-30,6107258,209.0
False,2016-08-31,6107258,209.0
False,2016-09-01,6107258,209.0
False,2016-09-02,6107258,209.0
False,2016-09-03,6107258,209.0
False,2016-05-29,238204,165.0
False,2016-05-30,238204,165.0
True,2016-05-31,238204,135.0
True,2016-06-01,238204,145.0
False,2016-06-02,238204,145.0
False,2016-06-03,238204,145.0
False,2016-06-04,238204,155.0
False,2016-06-05,238204,155.0
False,2016-06-06,238204,155.0
True,2016-06-07,238204,155.0
False,2016-06-08,238204,155.0
False,2016-06-09,238204,155.0
False,2016-06-10,238204,155.0
False,2016-06-11,238204,155.0
False,2016-06-12,238204,155.0
False,2016-06-13,238204,155.0
False,2016-06-14,238204,155.0
False,2016-06-15,238204,155.0
False,2016-06-16,238204,155.0
True,2016-06-17,238204,155.0
True,2016-06-18,238204,135.0
True,2016-06-19,238204,145.0
True,2016-06-20,238204,155.0
True,2016-06-21,238204,145.0
False,2016-06-22,238204,155.0
False,2016-06-23,238204,155.0
False,2016-06-24,238204,155.0
False,2016-06-25,238204,155.0
True,2016-06-26,238204,155.0
False,2016-06-27,238204,155.0
False,2016-06-28,238204,155.0
False,2016-06-29,238204,155.0
False,2016-06-30,238204,155.0
True,2016-07-01,238204,155.0
False,2016-07-02,238204,145.0
False,2016-07-03,238204,145.0
False,2016-07-04,238204,155.0
True,2016-07-05,238204,155.0
True,2016-07-06,238204,155.0
True,2016-07-07,238204,155.0
True,2016-07-08,238204,165.0
False,2016-07-09,238204,165.0
False,2016-07-10,238204,165.0
False,2016-07-11,238204,155.0
False,2016-07-12,238204,155.0
False,2016-07-13,238204,155.0
False,2016-07-14,238204,165.0
False,2016-07-15,238204,165.0
True,2016-07-16,238204,165.0
True,2016-07-17,238204,165.0
True,2016-07-18,238204,165.0
False,2016-07-19,238204,155.0
False,2016-07-20,238204,165.0
False,2016-07-21,238204,165.0
True,2016-07-22,238204,165.0
True,2016-07-23,238204,165.0
True,2016-07-24,238204,165.0
True,2016-07-25,238204,165.0
True,2016-07-26,238204,165.0
True,2016-07-27,238204,165.0
False,2016-07-28,238204,165.0
False,2016-07-29,238204,165.0
False,2016-07-30,238204,165.0
True,2016-07-31,238204,165.0
False,2016-08-01,238204,155.0
False,2016-08-02,238204,155.0
False,2016-08-03,238204,165.0
False,2016-08-04,238204,165.0
False,2016-08-05,238204,165.0
False,2016-08-06,238204,165.0
False,2016-08-07,238204,165.0
False,2016-08-08,238204,165.0
False,2016-08-09,238204,165.0
False,2016-08-10,238204,165.0
False,2016-08-11,238204,165.0
False,2016-08-12,238204,165.0
False,2016-08-13,238204,165.0
False,2016-08-14,238204,165.0
False,2016-08-15,238204,165.0
False,2016-08-16,238204,165.0
False,2016-08-17,238204,165.0
False,2016-08-18,238204,165.0
False,2016-08-19,238204,165.0
False,2016-08-20,238204,165.0
False,2016-08-21,238204,165.0
False,2016-08-22,238204,165.0
True,2016-08-23,238204,155.0
False,2016-08-24,238204,155.0
False,2016-08-25,238204,155.0
False,2016-08-26,238204,165.0
False,2016-08-27,238204,165.0
True,2016-08-28,238204,165.0
True,2016-08-29,238204,165.0
True,2016-08-30,238204,165.0
True,2016-08-31,238204,165.0
True,2016-09-01,238204,170.0
True,2016-09-02,238204,170.0
True,2016-09-03,238204,165.0
False,2016-05-29,10971773,150.0
False,2016-05-30,10971773,150.0
False,2016-05-31,10971773,150.0
False,2016-06-01,10971773,150.0
False,2016-06-02,10971773,150.0
False,2016-06-03,10971773,150.0
False,2016-06-04,10971773,150.0
False,2016-06-05,10971773,150.0
False,2016-06-06,10971773,150.0
False,2016-06-07,10971773,150.0
False,2016-06-08,10971773,150.0
False,2016-06-09,10971773,150.0
False,2016-06-10,10971773,150.0
False,2016-06-11,10971773,150.0
False,2016-06-12,10971773,150.0
False,2016-06-13,10971773,150.0
False,2016-06-14,10971773,150.0
False,2016-06-15,10971773,150.0
False,2016-06-16,10971773,150.0
False,2016-06-17,10971773,150.0
False,2016-06-18,10971773,150.0
False,2016-06-19,10971773,155.0
False,2016-06-20,10971773,181.0
False,2016-06-21,10971773,178.0
False,2016-06-22,10971773,161.0
False,2016-06-23,10971773,147.0
False,2016-06-24,10971773,168.0
False,2016-06-25,10971773,168.0
False,2016-06-26,10971773,150.0
False,2016-06-27,10971773,130.0
False,2016-06-28,10971773,130.0
False,2016-06-29,10971773,130.0
False,2016-06-30,10971773,130.0
False,2016-07-01,10971773,130.0
False,2016-07-02,10971773,130.0
False,2016-07-03,10971773,130.0
False,2016-07-04,10971773,130.0
False,2016-07-05,10971773,130.0
False,2016-07-06,10971773,146.0
False,2016-07-07,10971773,168.0
False,2016-07-08,10971773,130.0
False,2016-07-09,10971773,130.0
False,2016-07-10,10971773,130.0
False,2016-07-11,10971773,130.0
False,2016-07-12,10971773,150.0
False,2016-07-13,10971773,150.0
False,2016-07-14,10971773,150.0
False,2016-07-15,10971773,150.0
False,2016-07-16,10971773,150.0
False,2016-07-17,10971773,150.0
False,2016-07-18,10971773,150.0
False,2016-07-19,10971773,150.0
False,2016-07-20,10971773,150.0
False,2016-07-21,10971773,150.0
False,2016-07-22,10971773,150.0
False,2016-07-23,10971773,150.0
False,2016-07-24,10971773,150.0
False,2016-07-25,10971773,150.0
False,2016-07-26,10971773,150.0
False,2016-07-27,10971773,150.0
False,2016-07-28,10971773,150.0
False,2016-07-29,10971773,150.0
False,2016-07-30,10971773,150.0
False,2016-07-31,10971773,150.0
False,2016-08-01,10971773,150.0
False,2016-08-02,10971773,150.0
False,2016-08-03,10971773,150.0
False,2016-08-04,10971773,150.0
False,2016-08-05,10971773,150.0
False,2016-08-06,10971773,150.0
False,2016-08-07,10971773,150.0
False,2016-08-08,10971773,150.0
False,2016-08-09,10971773,150.0
False,2016-08-10,10971773,150.0
False,2016-08-11,10971773,150.0
False,2016-08-12,10971773,150.0
False,2016-08-13,10971773,150.0
False,2016-08-14,10971773,150.0
False,2016-08-15,10971773,150.0
False,2016-08-16,10971773,150.0
False,2016-08-17,10971773,150.0
False,2016-08-18,10971773,150.0
False,2016-08-19,10971773,150.0
False,2016-08-20,10971773,150.0
False,2016-08-21,10971773,150.0
False,2016-08-22,10971773,150.0
False,2016-08-23,10971773,150.0
False,2016-08-24,10971773,150.0
False,2016-08-25,10971773,150.0
False,2016-08-26,10971773,150.0
False,2016-08-27,10971773,150.0
False,2016-08-28,10971773,150.0
False,2016-08-29,10971773,150.0
False,2016-08-30,10971773,150.0
False,2016-08-31,10971773,150.0
False,2016-09-01,10971773,150.0
False,2016-09-02,10971773,150.0
False,2016-09-03,10971773,150.0
False,2016-05-29,8719998,139.0
True,2016-05-30,8719998,139.0
True,2016-05-31,8719998,139.0
False,2016-06-01,8719998,139.0
False,2016-06-02,8719998,139.0
False,2016-06-03,8719998,159.0
False,2016-06-04,8719998,159.0
False,2016-06-05,8719998,139.0
False,2016-06-06,8719998,139.0
False,2016-06-07,8719998,139.0
False,2016-06-08,8719998,139.0
False,2016-06-09,8719998,139.0
False,2016-06-10,8719998,159.0
False,2016-06-11,8719998,159.0
False,2016-06-12,8719998,139.0
False,2016-06-13,8719998,139.0
False,2016-06-14,8719998,139.0
False,2016-06-15,8719998,139.0
False,2016-06-16,8719998,139.0
False,2016-06-17,8719998,159.0
False,2016-06-18,8719998,159.0
False,2016-06-19,8719998,139.0
False,2016-06-20,8719998,139.0
False,2016-06-21,8719998,139.0
False,2016-06-22,8719998,139.0
False,2016-06-23,8719998,139.0
False,2016-06-24,8719998,159.0
False,2016-06-25,8719998,159.0
False,2016-06-26,8719998,139.0
False,2016-06-27,8719998,139.0
False,2016-06-28,8719998,139.0
False,2016-06-29,8719998,139.0
False,2016-06-30,8719998,139.0
False,2016-07-01,8719998,159.0
False,2016-07-02,8719998,159.0
False,2016-07-03,8719998,139.0
False,2016-07-04,8719998,139.0
False,2016-07-05,8719998,139.0
False,2016-07-06,8719998,139.0
False,2016-07-07,8719998,139.0
False,2016-07-08,8719998,159.0
False,2016-07-09,8719998,159.0
False,2016-07-10,8719998,139.0
False,2016-07-11,8719998,139.0
False,2016-07-12,8719998,139.0
False,2016-07-13,8719998,139.0
False,2016-07-14,8719998,139.0
False,2016-07-15,8719998,159.0
False,2016-07-16,8719998,159.0
False,2016-07-17,8719998,139.0
False,2016-07-18,8719998,139.0
False,2016-07-19,8719998,139.0
False,2016-07-20,8719998,139.0
False,2016-07-21,8719998,139.0
False,2016-07-22,8719998,159.0
False,2016-07-23,8719998,159.0
False,2016-07-24,8719998,139.0
False,2016-07-25,8719998,139.0
False,2016-07-26,8719998,139.0
False,2016-07-27,8719998,139.0
False,2016-07-28,8719998,139.0
False,2016-07-29,8719998,159.0
False,2016-07-30,8719998,159.0
False,2016-07-31,8719998,139.0
False,2016-08-01,8719998,139.0
False,2016-08-02,8719998,139.0
False,2016-08-03,8719998,139.0
False,2016-08-04,8719998,139.0
False,2016-08-05,8719998,159.0
False,2016-08-06,8719998,159.0
False,2016-08-07,8719998,139.0
False,2016-08-08,8719998,139.0
False,2016-08-09,8719998,139.0
False,2016-08-10,8719998,139.0
False,2016-08-11,8719998,139.0
False,2016-08-12,8719998,159.0
False,2016-08-13,8719998,159.0
False,2016-08-14,8719998,139.0
False,2016-08-15,8719998,139.0
False,2016-08-16,8719998,139.0
False,2016-08-17,8719998,139.0
False,2016-08-18,8719998,139.0
False,2016-08-19,8719998,159.0
False,2016-08-20,8719998,159.0
False,2016-08-21,8719998,139.0
False,2016-08-22,8719998,139.0
False,2016-08-23,8719998,139.0
False,2016-08-24,8719998,139.0
False,2016-08-25,8719998,139.0
False,2016-08-26,8719998,159.0
False,2016-08-27,8719998,159.0
False,2016-08-28,8719998,139.0
False,2016-08-29,8719998,139.0
False,2016-08-30,8719998,139.0
False,2016-08-31,8719998,139.0
False,2016-09-01,8719998,139.0
False,2016-09-02,8719998,159.0
False,2016-09-03,8719998,159.0
False,2016-05-29,8053887,175.0
False,2016-05-30,8053887,175.0
False,2016-05-31,8053887,175.0
False,2016-06-01,8053887,175.0
False,2016-06-02,8053887,175.0
False,2016-06-03,8053887,175.0
False,2016-06-04,8053887,175.0
False,2016-06-05,8053887,175.0
False,2016-06-06,8053887,175.0
False,2016-06-07,8053887,175.0
False,2016-06-08,8053887,175.0
False,2016-06-09,8053887,175.0
False,2016-06-10,8053887,175.0
False,2016-06-11,8053887,175.0
False,2016-06-12,8053887,175.0
False,2016-06-13,8053887,175.0
False,2016-06-14,8053887,175.0
False,2016-06-15,8053887,175.0
False,2016-06-16,8053887,175.0
True,2016-06-17,8053887,175.0
False,2016-06-18,8053887,175.0
False,2016-06-19,8053887,175.0
False,2016-06-20,8053887,175.0
False,2016-06-21,8053887,175.0
False,2016-06-22,8053887,175.0
False,2016-06-23,8053887,175.0
False,2016-06-24,8053887,175.0
False,2016-06-25,8053887,175.0
False,2016-06-26,8053887,180.0
False,2016-06-27,8053887,180.0
False,2016-06-28,8053887,180.0
False,2016-06-29,8053887,180.0
False,2016-06-30,8053887,180.0
True,2016-07-01,8053887,180.0
False,2016-07-02,8053887,200.0
False,2016-07-03,8053887,200.0
False,2016-07-04,8053887,200.0
False,2016-07-05,8053887,180.0
False,2016-07-06,8053887,180.0
False,2016-07-07,8053887,180.0
False,2016-07-08,8053887,180.0
False,2016-07-09,8053887,180.0
False,2016-07-10,8053887,180.0
False,2016-07-11,8053887,180.0
False,2016-07-12,8053887,180.0
False,2016-07-13,8053887,180.0
False,2016-07-14,8053887,180.0
False,2016-07-15,8053887,180.0
False,2016-07-16,8053887,180.0
False,2016-07-17,8053887,180.0
False,2016-07-18,8053887,180.0
False,2016-07-19,8053887,180.0
False,2016-07-20,8053887,180.0
False,2016-07-21,8053887,180.0
False,2016-07-22,8053887,180.0
True,2016-07-23,8053887,180.0
False,2016-07-24,8053887,180.0
False,2016-07-25,8053887,180.0
False,2016-07-26,8053887,180.0
False,2016-07-27,8053887,180.0
False,2016-07-28,8053887,180.0
False,2016-07-29,8053887,180.0
False,2016-07-30,8053887,180.0
True,2016-07-31,8053887,180.0
False,2016-08-01,8053887,180.0
False,2016-08-02,8053887,180.0
False,2016-08-03,8053887,180.0
False,2016-08-04,8053887,180.0
False,2016-08-05,8053887,180.0
False,2016-08-06,8053887,180.0
True,2016-08-07,8053887,180.0
False,2016-08-08,8053887,180.0
False,2016-08-09,8053887,180.0
False,2016-08-10,8053887,180.0
False,2016-08-11,8053887,180.0
False,2016-08-12,8053887,180.0
False,2016-08-13,8053887,185.0
False,2016-08-14,8053887,185.0
False,2016-08-15,8053887,185.0
False,2016-08-16,8053887,185.0
False,2016-08-17,8053887,185.0
False,2016-08-18,8053887,180.0
False,2016-08-19,8053887,180.0
True,2016-08-20,8053887,180.0
True,2016-08-21,8053887,180.0
False,2016-08-22,8053887,180.0
False,2016-08-23,8053887,180.0
False,2016-08-24,8053887,180.0
False,2016-08-25,8053887,180.0
False,2016-08-26,8053887,180.0
False,2016-08-27,8053887,180.0
False,2016-08-28,8053887,180.0
True,2016-08-29,8053887,180.0
True,2016-08-30,8053887,180.0
False,2016-08-31,8053887,180.0
False,2016-09-01,8053887,180.0
False,2016-09-02,8053887,180.0
False,2016-09-03,8053887,180.0
False,2016-05-29,13186688,400.0
False,2016-05-30,13186688,400.0
False,2016-05-31,13186688,400.0
False,2016-06-01,13186688,400.0
False,2016-06-02,13186688,400.0
False,2016-06-03,13186688,400.0
False,2016-06-04,13186688,400.0
False,2016-06-05,13186688,400.0
False,2016-06-06,13186688,400.0
False,2016-06-07,13186688,400.0
False,2016-06-08,13186688,400.0
False,2016-06-09,13186688,400.0
False,2016-06-10,13186688,400.0
False,2016-06-11,13186688,400.0
False,2016-06-12,13186688,400.0
False,2016-06-13,13186688,300.0
False,2016-06-14,13186688,300.0
False,2016-06-15,13186688,300.0
False,2016-06-16,13186688,300.0
False,2016-06-17,13186688,300.0
True,2016-06-18,13186688,300.0
True,2016-06-19,13186688,300.0
True,2016-06-20,13186688,300.0
False,2016-06-21,13186688,300.0
False,2016-06-22,13186688,300.0
False,2016-06-23,13186688,300.0
False,2016-06-24,13186688,300.0
False,2016-06-25,13186688,300.0
False,2016-06-26,13186688,300.0
False,2016-06-27,13186688,400.0
False,2016-06-28,13186688,400.0
False,2016-06-29,13186688,400.0
False,2016-06-30,13186688,400.0
False,2016-07-01,13186688,400.0
False,2016-07-02,13186688,400.0
False,2016-07-03,13186688,400.0
False,2016-07-04,13186688,400.0
False,2016-07-05,13186688,400.0
False,2016-07-06,13186688,400.0
False,2016-07-07,13186688,400.0
False,2016-07-08,13186688,400.0
False,2016-07-09,13186688,400.0
False,2016-07-10,13186688,400.0
False,2016-07-11,13186688,400.0
False,2016-07-12,13186688,400.0
False,2016-07-13,13186688,400.0
False,2016-07-14,13186688,400.0
False,2016-07-15,13186688,400.0
False,2016-07-16,13186688,400.0
False,2016-07-17,13186688,400.0
False,2016-07-18,13186688,400.0
False,2016-07-19,13186688,400.0
False,2016-07-20,13186688,400.0
False,2016-07-21,13186688,400.0
False,2016-07-22,13186688,400.0
False,2016-07-23,13186688,400.0
False,2016-07-24,13186688,400.0
False,2016-07-25,13186688,400.0
False,2016-07-26,13186688,400.0
False,2016-07-27,13186688,400.0
False,2016-07-28,13186688,400.0
False,2016-07-29,13186688,400.0
False,2016-07-30,13186688,400.0
False,2016-07-31,13186688,400.0
False,2016-08-01,13186688,400.0
False,2016-08-02,13186688,400.0
False,2016-08-03,13186688,400.0
False,2016-08-04,13186688,400.0
False,2016-08-05,13186688,400.0
False,2016-08-06,13186688,400.0
True,2016-08-07,13186688,400.0
True,2016-08-08,13186688,400.0
True,2016-08-09,13186688,400.0
True,2016-08-10,13186688,400.0
False,2016-08-11,13186688,400.0
False,2016-08-12,13186688,400.0
False,2016-08-13,13186688,400.0
False,2016-08-14,13186688,400.0
False,2016-08-15,13186688,400.0
False,2016-08-16,13186688,400.0
False,2016-08-17,13186688,400.0
False,2016-08-18,13186688,400.0
False,2016-08-19,13186688,400.0
False,2016-08-20,13186688,400.0
False,2016-08-21,13186688,400.0
False,2016-08-22,13186688,400.0
False,2016-08-23,13186688,400.0
False,2016-08-24,13186688,400.0
False,2016-08-25,13186688,400.0
False,2016-08-26,13186688,400.0
False,2016-08-27,13186688,400.0
False,2016-08-28,13186688,400.0
False,2016-08-29,13186688,400.0
False,2016-08-30,13186688,400.0
False,2016-08-31,13186688,400.0
False,2016-09-01,13186688,400.0
False,2016-09-02,13186688,400.0
False,2016-09-03,13186688,400.0
False,2016-05-29,201579,295.0
True,2016-05-30,201579,295.0
True,2016-05-31,201579,295.0
True,2016-06-01,201579,295.0
True,2016-06-02,201579,295.0
True,2016-06-03,201579,295.0
True,2016-06-04,201579,295.0
False,2016-06-05,201579,295.0
False,2016-06-06,201579,295.0
False,2016-06-07,201579,295.0
False,2016-06-08,201579,295.0
False,2016-06-09,201579,295.0
False,2016-06-10,201579,295.0
False,2016-06-11,201579,295.0
False,2016-06-12,201579,295.0
False,2016-06-13,201579,295.0
False,2016-06-14,201579,295.0
False,2016-06-15,201579,295.0
False,2016-06-16,201579,295.0
False,2016-06-17,201579,295.0
False,2016-06-18,201579,295.0
False,2016-06-19,201579,295.0
False,2016-06-20,201579,295.0
False,2016-06-21,201579,295.0
False,2016-06-22,201579,295.0
False,2016-06-23,201579,295.0
False,2016-06-24,201579,295.0
False,2016-06-25,201579,295.0
False,2016-06-26,201579,295.0
False,2016-06-27,201579,295.0
False,2016-06-28,201579,295.0
False,2016-06-29,201579,295.0
False,2016-06-30,201579,295.0
False,2016-07-01,201579,295.0
True,2016-07-02,201579,295.0
True,2016-07-03,201579,295.0
True,2016-07-04,201579,295.0
True,2016-07-05,201579,295.0
True,2016-07-06,201579,295.0
False,2016-07-07,201579,295.0
False,2016-07-08,201579,295.0
False,2016-07-09,201579,295.0
False,2016-07-10,201579,295.0
False,2016-07-11,201579,295.0
False,2016-07-12,201579,295.0
False,2016-07-13,201579,295.0
False,2016-07-14,201579,295.0
False,2016-07-15,201579,295.0
False,2016-07-16,201579,295.0
False,2016-07-17,201579,295.0
False,2016-07-18,201579,295.0
False,2016-07-19,201579,295.0
False,2016-07-20,201579,295.0
True,2016-07-21,201579,295.0
True,2016-07-22,201579,295.0
True,2016-07-23,201579,295.0
True,2016-07-24,201579,295.0
True,2016-07-25,201579,295.0
False,2016-07-26,201579,295.0
False,2016-07-27,201579,295.0
False,2016-07-28,201579,295.0
False,2016-07-29,201579,295.0
False,2016-07-30,201579,295.0
False,2016-07-31,201579,295.0
False,2016-08-01,201579,295.0
False,2016-08-02,201579,295.0
True,2016-08-03,201579,295.0
True,2016-08-04,201579,295.0
False,2016-08-05,201579,295.0
False,2016-08-06,201579,295.0
False,2016-08-07,201579,295.0
True,2016-08-08,201579,295.0
False,2016-08-09,201579,295.0
False,2016-08-10,201579,295.0
False,2016-08-11,201579,295.0
True,2016-08-12,201579,295.0
False,2016-08-13,201579,295.0
False,2016-08-14,201579,295.0
False,2016-08-15,201579,295.0
False,2016-08-16,201579,295.0
False,2016-08-17,201579,295.0
False,2016-08-18,201579,295.0
False,2016-08-19,201579,295.0
False,2016-08-20,201579,295.0
True,2016-08-21,201579,295.0
True,2016-08-22,201579,295.0
True,2016-08-23,201579,295.0
True,2016-08-24,201579,295.0
False,2016-08-25,201579,295.0
False,2016-08-26,201579,295.0
False,2016-08-27,201579,295.0
False,2016-08-28,201579,295.0
True,2016-08-29,201579,295.0
True,2016-08-30,201579,295.0
True,2016-08-31,201579,295.0
False,2016-09-01,201579,295.0
False,2016-09-02,201579,295.0
False,2016-09-03,201579,295.0
True,2016-05-29,870532,240.0
True,2016-05-30,870532,240.0
True,2016-05-31,870532,240.0
True,2016-06-01,870532,240.0
False,2016-06-02,870532,240.0
True,2016-06-03,870532,240.0
True,2016-06-04,870532,240.0
True,2016-06-05,870532,240.0
False,2016-06-06,870532,240.0
False,2016-06-07,870532,240.0
False,2016-06-08,870532,240.0
False,2016-06-09,870532,240.0
False,2016-06-10,870532,240.0
False,2016-06-11,870532,240.0
False,2016-06-12,870532,240.0
False,2016-06-13,870532,240.0
False,2016-06-14,870532,240.0
False,2016-06-15,870532,240.0
False,2016-06-16,870532,240.0
False,2016-06-17,870532,240.0
False,2016-06-18,870532,240.0
False,2016-06-19,870532,240.0
True,2016-06-20,870532,240.0
False,2016-06-21,870532,240.0
False,2016-06-22,870532,240.0
False,2016-06-23,870532,240.0
False,2016-06-24,870532,240.0
False,2016-06-25,870532,240.0
False,2016-06-26,870532,240.0
False,2016-06-27,870532,240.0
True,2016-06-28,870532,290.0
True,2016-06-29,870532,290.0
False,2016-06-30,870532,290.0
False,2016-07-01,870532,290.0
False,2016-07-02,870532,290.0
False,2016-07-03,870532,290.0
False,2016-07-04,870532,290.0
False,2016-07-05,870532,290.0
False,2016-07-06,870532,290.0
False,2016-07-07,870532,290.0
False,2016-07-08,870532,290.0
True,2016-07-09,870532,290.0
False,2016-07-10,870532,290.0
False,2016-07-11,870532,290.0
False,2016-07-12,870532,290.0
False,2016-07-13,870532,290.0
False,2016-07-14,870532,290.0
False,2016-07-15,870532,290.0
False,2016-07-16,870532,290.0
False,2016-07-17,870532,290.0
False,2016-07-18,870532,290.0
False,2016-07-19,870532,290.0
False,2016-07-20,870532,290.0
False,2016-07-21,870532,290.0
False,2016-07-22,870532,290.0
False,2016-07-23,870532,290.0
False,2016-07-24,870532,290.0
False,2016-07-25,870532,290.0
False,2016-07-26,870532,290.0
False,2016-07-27,870532,290.0
False,2016-07-28,870532,290.0
False,2016-07-29,870532,290.0
False,2016-07-30,870532,290.0
False,2016-07-31,870532,290.0
False,2016-08-01,870532,240.0
False,2016-08-02,870532,240.0
False,2016-08-03,870532,240.0
False,2016-08-04,870532,240.0
False,2016-08-05,870532,240.0
False,2016-08-06,870532,240.0
False,2016-08-07,870532,240.0
True,2016-08-08,870532,290.0
True,2016-08-09,870532,290.0
True,2016-08-10,870532,290.0
True,2016-08-11,870532,290.0
False,2016-08-12,870532,290.0
False,2016-08-13,870532,290.0
False,2016-08-14,870532,290.0
False,2016-08-15,870532,290.0
False,2016-08-16,870532,290.0
False,2016-08-17,870532,290.0
False,2016-08-18,870532,290.0
True,2016-08-19,870532,290.0
True,2016-08-20,870532,290.0
True,2016-08-21,870532,290.0
False,2016-08-22,870532,240.0
False,2016-08-23,870532,240.0
False,2016-08-24,870532,240.0
False,2016-08-25,870532,240.0
False,2016-08-26,870532,240.0
False,2016-08-27,870532,240.0
False,2016-08-28,870532,240.0
False,2016-08-29,870532,240.0
False,2016-08-30,870532,240.0
False,2016-08-31,870532,240.0
False,2016-09-01,870532,240.0
False,2016-09-02,870532,240.0
False,2016-09-03,870532,240.0
False,2016-05-29,4777415,275.0
False,2016-05-30,4777415,275.0
False,2016-05-31,4777415,275.0
False,2016-06-01,4777415,275.0
False,2016-06-02,4777415,275.0
False,2016-06-03,4777415,275.0
False,2016-06-04,4777415,275.0
False,2016-06-05,4777415,275.0
False,2016-06-06,4777415,275.0
False,2016-06-07,4777415,275.0
False,2016-06-08,4777415,275.0
False,2016-06-09,4777415,275.0
False,2016-06-10,4777415,275.0
False,2016-06-11,4777415,275.0
False,2016-06-12,4777415,275.0
False,2016-06-13,4777415,275.0
False,2016-06-14,4777415,275.0
False,2016-06-15,4777415,275.0
False,2016-06-16,4777415,275.0
False,2016-06-17,4777415,275.0
False,2016-06-18,4777415,275.0
False,2016-06-19,4777415,275.0
False,2016-06-20,4777415,275.0
False,2016-06-21,4777415,275.0
False,2016-06-22,4777415,275.0
False,2016-06-23,4777415,275.0
False,2016-06-24,4777415,275.0
False,2016-06-25,4777415,275.0
False,2016-06-26,4777415,275.0
False,2016-06-27,4777415,275.0
False,2016-06-28,4777415,275.0
False,2016-06-29,4777415,275.0
False,2016-06-30,4777415,275.0
False,2016-07-01,4777415,275.0
False,2016-07-02,4777415,275.0
False,2016-07-03,4777415,275.0
False,2016-07-04,4777415,275.0
False,2016-07-05,4777415,275.0
False,2016-07-06,4777415,275.0
False,2016-07-07,4777415,275.0
False,2016-07-08,4777415,275.0
False,2016-07-09,4777415,275.0
False,2016-07-10,4777415,275.0
False,2016-07-11,4777415,275.0
False,2016-07-12,4777415,275.0
False,2016-07-13,4777415,275.0
False,2016-07-14,4777415,275.0
False,2016-07-15,4777415,275.0
False,2016-07-16,4777415,275.0
False,2016-07-17,4777415,275.0
False,2016-07-18,4777415,275.0
False,2016-07-19,4777415,275.0
False,2016-07-20,4777415,275.0
False,2016-07-21,4777415,275.0
False,2016-07-22,4777415,275.0
False,2016-07-23,4777415,275.0
False,2016-07-24,4777415,275.0
False,2016-07-25,4777415,275.0
False,2016-07-26,4777415,275.0
False,2016-07-27,4777415,275.0
False,2016-07-28,4777415,275.0
False,2016-07-29,4777415,275.0
False,2016-07-30,4777415,275.0
False,2016-07-31,4777415,275.0
False,2016-08-01,4777415,275.0
False,2016-08-02,4777415,275.0
False,2016-08-03,4777415,275.0
False,2016-08-04,4777415,275.0
False,2016-08-05,4777415,275.0
False,2016-08-06,4777415,275.0
False,2016-08-07,4777415,275.0
False,2016-08-08,4777415,275.0
False,2016-08-09,4777415,275.0
False,2016-08-10,4777415,275.0
False,2016-08-11,4777415,275.0
False,2016-08-12,4777415,275.0
False,2016-08-13,4777415,275.0
False,2016-08-14,4777415,275.0
False,2016-08-15,4777415,275.0
False,2016-08-16,4777415,275.0
False,2016-08-17,4777415,275.0
False,2016-08-18,4777415,275.0
False,2016-08-19,4777415,275.0
False,2016-08-20,4777415,275.0
False,2016-08-21,4777415,275.0
False,2016-08-22,4777415,275.0
False,2016-08-23,4777415,275.0
False,2016-08-24,4777415,275.0
False,2016-08-25,4777415,275.0
False,2016-08-26,4777415,275.0
False,2016-08-27,4777415,275.0
False,2016-08-28,4777415,275.0
False,2016-08-29,4777415,275.0
False,2016-08-30,4777415,275.0
False,2016-08-31,4777415,275.0
False,2016-09-01,4777415,275.0
False,2016-09-02,4777415,275.0
False,2016-09-03,4777415,275.0
False,2016-05-29,9387457,150.0
False,2016-05-30,9387457,150.0
False,2016-05-31,9387457,150.0
False,2016-06-01,9387457,150.0
False,2016-06-02,9387457,150.0
False,2016-06-03,9387457,150.0
False,2016-06-04,9387457,150.0
False,2016-06-05,9387457,150.0
False,2016-06-06,9387457,150.0
False,2016-06-07,9387457,150.0
False,2016-06-08,9387457,150.0
False,2016-06-09,9387457,150.0
False,2016-06-10,9387457,150.0
False,2016-06-11,9387457,150.0
False,2016-06-12,9387457,150.0
False,2016-06-13,9387457,150.0
False,2016-06-14,9387457,150.0
False,2016-06-15,9387457,150.0
False,2016-06-16,9387457,150.0
False,2016-06-17,9387457,150.0
False,2016-06-18,9387457,150.0
False,2016-06-19,9387457,150.0
False,2016-06-20,9387457,150.0
False,2016-06-21,9387457,150.0
False,2016-06-22,9387457,150.0
False,2016-06-23,9387457,150.0
False,2016-06-24,9387457,150.0
False,2016-06-25,9387457,150.0
False,2016-06-26,9387457,150.0
False,2016-06-27,9387457,150.0
False,2016-06-28,9387457,150.0
False,2016-06-29,9387457,150.0
False,2016-06-30,9387457,150.0
False,2016-07-01,9387457,150.0
False,2016-07-02,9387457,150.0
False,2016-07-03,9387457,150.0
False,2016-07-04,9387457,150.0
False,2016-07-05,9387457,150.0
False,2016-07-06,9387457,150.0
False,2016-07-07,9387457,150.0
False,2016-07-08,9387457,150.0
False,2016-07-09,9387457,150.0
False,2016-07-10,9387457,150.0
False,2016-07-11,9387457,150.0
False,2016-07-12,9387457,150.0
False,2016-07-13,9387457,150.0
False,2016-07-14,9387457,150.0
False,2016-07-15,9387457,150.0
False,2016-07-16,9387457,150.0
False,2016-07-17,9387457,150.0
False,2016-07-18,9387457,150.0
False,2016-07-19,9387457,150.0
False,2016-07-20,9387457,150.0
False,2016-07-21,9387457,150.0
False,2016-07-22,9387457,150.0
False,2016-07-23,9387457,150.0
False,2016-07-24,9387457,150.0
False,2016-07-25,9387457,150.0
False,2016-07-26,9387457,150.0
False,2016-07-27,9387457,150.0
False,2016-07-28,9387457,150.0
False,2016-07-29,9387457,150.0
False,2016-07-30,9387457,150.0
True,2016-07-31,9387457,150.0
False,2016-08-01,9387457,150.0
False,2016-08-02,9387457,150.0
False,2016-08-03,9387457,150.0
False,2016-08-04,9387457,150.0
False,2016-08-05,9387457,150.0
False,2016-08-06,9387457,150.0
False,2016-08-07,9387457,150.0
False,2016-08-08,9387457,150.0
False,2016-08-09,9387457,150.0
False,2016-08-10,9387457,150.0
False,2016-08-11,9387457,150.0
False,2016-08-12,9387457,150.0
False,2016-08-13,9387457,150.0
False,2016-08-14,9387457,150.0
False,2016-08-15,9387457,150.0
False,2016-08-16,9387457,150.0
False,2016-08-17,9387457,150.0
False,2016-08-18,9387457,150.0
False,2016-08-19,9387457,150.0
False,2016-08-20,9387457,150.0
False,2016-08-21,9387457,150.0
False,2016-08-22,9387457,150.0
False,2016-08-23,9387457,150.0
False,2016-08-24,9387457,150.0
False,2016-08-25,9387457,150.0
False,2016-08-26,9387457,150.0
False,2016-08-27,9387457,150.0
False,2016-08-28,9387457,150.0
False,2016-08-29,9387457,150.0
False,2016-08-30,9387457,150.0
False,2016-08-31,9387457,150.0
False,2016-09-01,9387457,150.0
False,2016-09-02,9387457,150.0
False,2016-09-03,9387457,150.0
False,2016-05-29,11942652,395.0
False,2016-05-30,11942652,395.0
False,2016-05-31,11942652,395.0
False,2016-06-01,11942652,395.0
False,2016-06-02,11942652,395.0
False,2016-06-03,11942652,395.0
False,2016-06-04,11942652,395.0
False,2016-06-05,11942652,395.0
False,2016-06-06,11942652,395.0
False,2016-06-07,11942652,395.0
True,2016-06-08,11942652,395.0
False,2016-06-09,11942652,395.0
False,2016-06-10,11942652,395.0
True,2016-06-11,11942652,395.0
False,2016-06-12,11942652,395.0
False,2016-06-13,11942652,430.0
False,2016-06-14,11942652,431.0
False,2016-06-15,11942652,431.0
False,2016-06-16,11942652,427.0
False,2016-06-17,11942652,395.0
False,2016-06-18,11942652,395.0
False,2016-06-19,11942652,395.0
False,2016-06-20,11942652,395.0
False,2016-06-21,11942652,395.0
False,2016-06-22,11942652,395.0
False,2016-06-23,11942652,395.0
False,2016-06-24,11942652,419.0
False,2016-06-25,11942652,395.0
True,2016-06-26,11942652,395.0
True,2016-06-27,11942652,395.0
True,2016-06-28,11942652,395.0
True,2016-06-29,11942652,395.0
True,2016-06-30,11942652,395.0
True,2016-07-01,11942652,395.0
True,2016-07-02,11942652,395.0
True,2016-07-03,11942652,395.0
True,2016-07-04,11942652,395.0
True,2016-07-05,11942652,395.0
True,2016-07-06,11942652,395.0
True,2016-07-07,11942652,395.0
False,2016-07-08,11942652,395.0
False,2016-07-09,11942652,419.0
False,2016-07-10,11942652,416.0
False,2016-07-11,11942652,437.0
False,2016-07-12,11942652,415.0
False,2016-07-13,11942652,442.0
False,2016-07-14,11942652,455.0
False,2016-07-15,11942652,408.0
False,2016-07-16,11942652,395.0
False,2016-07-17,11942652,395.0
False,2016-07-18,11942652,395.0
False,2016-07-19,11942652,395.0
False,2016-07-20,11942652,395.0
False,2016-07-21,11942652,395.0
False,2016-07-22,11942652,395.0
False,2016-07-23,11942652,395.0
False,2016-07-24,11942652,395.0
False,2016-07-25,11942652,395.0
False,2016-07-26,11942652,395.0
False,2016-07-27,11942652,395.0
False,2016-07-28,11942652,395.0
True,2016-07-29,11942652,398.0
True,2016-07-30,11942652,438.0
True,2016-07-31,11942652,458.0
True,2016-08-01,11942652,435.0
True,2016-08-02,11942652,456.0
True,2016-08-03,11942652,434.0
True,2016-08-04,11942652,395.0
False,2016-08-05,11942652,395.0
False,2016-08-06,11942652,395.0
False,2016-08-07,11942652,395.0
False,2016-08-08,11942652,395.0
False,2016-08-09,11942652,395.0
False,2016-08-10,11942652,395.0
False,2016-08-11,11942652,434.0
False,2016-08-12,11942652,434.0
False,2016-08-13,11942652,435.0
False,2016-08-14,11942652,435.0
False,2016-08-15,11942652,439.0
False,2016-08-16,11942652,439.0
False,2016-08-17,11942652,439.0
False,2016-08-18,11942652,437.0
False,2016-08-19,11942652,438.0
False,2016-08-20,11942652,438.0
False,2016-08-21,11942652,440.0
False,2016-08-22,11942652,465.0
True,2016-08-23,11942652,465.0
True,2016-08-24,11942652,465.0
True,2016-08-25,11942652,453.0
True,2016-08-26,11942652,453.0
True,2016-08-27,11942652,454.0
True,2016-08-28,11942652,454.0
True,2016-08-29,11942652,425.0
True,2016-08-30,11942652,425.0
True,2016-08-31,11942652,426.0
True,2016-09-01,11942652,455.0
True,2016-09-02,11942652,456.0
True,2016-09-03,11942652,456.0
True,2016-05-29,12952172,225.0
True,2016-05-30,12952172,225.0
True,2016-05-31,12952172,225.0
True,2016-06-01,12952172,225.0
True,2016-06-02,12952172,225.0
True,2016-06-03,12952172,259.0
True,2016-06-04,12952172,259.0
True,2016-06-05,12952172,158.0
False,2016-06-06,12952172,225.0
False,2016-06-07,12952172,225.0
False,2016-06-08,12952172,225.0
True,2016-06-09,12952172,148.0
True,2016-06-10,12952172,259.0
True,2016-06-11,12952172,259.0
True,2016-06-12,12952172,128.0
True,2016-06-13,12952172,225.0
True,2016-06-14,12952172,225.0
True,2016-06-15,12952172,225.0
True,2016-06-16,12952172,225.0
False,2016-06-17,12952172,175.0
False,2016-06-18,12952172,177.0
True,2016-06-19,12952172,225.0
True,2016-06-20,12952172,225.0
True,2016-06-21,12952172,225.0
True,2016-06-22,12952172,225.0
True,2016-06-23,12952172,225.0
True,2016-06-24,12952172,259.0
True,2016-06-25,12952172,259.0
False,2016-06-26,12952172,197.0
False,2016-06-27,12952172,206.0
True,2016-06-28,12952172,183.0
True,2016-06-29,12952172,182.0
True,2016-06-30,12952172,182.0
True,2016-07-01,12952172,198.0
True,2016-07-02,12952172,259.0
True,2016-07-03,12952172,225.0
True,2016-07-04,12952172,225.0
False,2016-07-05,12952172,187.0
False,2016-07-06,12952172,212.0
True,2016-07-07,12952172,225.0
True,2016-07-08,12952172,259.0
False,2016-07-09,12952172,259.0
False,2016-07-10,12952172,225.0
True,2016-07-11,12952172,204.0
False,2016-07-12,12952172,225.0
False,2016-07-13,12952172,225.0
False,2016-07-14,12952172,225.0
False,2016-07-15,12952172,236.0
False,2016-07-16,12952172,243.0
False,2016-07-17,12952172,249.0
False,2016-07-18,12952172,249.0
False,2016-07-19,12952172,251.0
False,2016-07-20,12952172,250.0
True,2016-07-21,12952172,238.0
False,2016-07-22,12952172,259.0
False,2016-07-23,12952172,259.0
False,2016-07-24,12952172,225.0
False,2016-07-25,12952172,225.0
False,2016-07-26,12952172,225.0
False,2016-07-27,12952172,225.0
False,2016-07-28,12952172,225.0
False,2016-07-29,12952172,259.0
False,2016-07-30,12952172,259.0
False,2016-07-31,12952172,225.0
False,2016-08-01,12952172,225.0
False,2016-08-02,12952172,235.0
False,2016-08-03,12952172,245.0
False,2016-08-04,12952172,260.0
False,2016-08-05,12952172,599.0
False,2016-08-06,12952172,599.0
False,2016-08-07,12952172,599.0
False,2016-08-08,12952172,225.0
True,2016-08-09,12952172,225.0
True,2016-08-10,12952172,225.0
True,2016-08-11,12952172,225.0
False,2016-08-12,12952172,259.0
False,2016-08-13,12952172,259.0
False,2016-08-14,12952172,225.0
True,2016-08-15,12952172,225.0
True,2016-08-16,12952172,225.0
True,2016-08-17,12952172,225.0
False,2016-08-18,12952172,225.0
False,2016-08-19,12952172,259.0
False,2016-08-20,12952172,259.0
True,2016-08-21,12952172,225.0
True,2016-08-22,12952172,225.0
True,2016-08-23,12952172,225.0
False,2016-08-24,12952172,225.0
False,2016-08-25,12952172,225.0
False,2016-08-26,12952172,259.0
False,2016-08-27,12952172,259.0
False,2016-08-28,12952172,225.0
True,2016-08-29,12952172,225.0
True,2016-08-30,12952172,225.0
True,2016-08-31,12952172,225.0
True,2016-09-01,12952172,225.0
True,2016-09-02,12952172,259.0
True,2016-09-03,12952172,259.0
False,2016-05-29,12784778,150.0
False,2016-05-30,12784778,150.0
False,2016-05-31,12784778,150.0
False,2016-06-01,12784778,150.0
False,2016-06-02,12784778,150.0
False,2016-06-03,12784778,150.0
False,2016-06-04,12784778,150.0
False,2016-06-05,12784778,150.0
False,2016-06-06,12784778,150.0
False,2016-06-07,12784778,150.0
False,2016-06-08,12784778,150.0
False,2016-06-09,12784778,150.0
False,2016-06-10,12784778,150.0
False,2016-06-11,12784778,150.0
False,2016-06-12,12784778,150.0
False,2016-06-13,12784778,150.0
False,2016-06-14,12784778,150.0
False,2016-06-15,12784778,150.0
False,2016-06-16,12784778,245.0
False,2016-06-17,12784778,174.0
False,2016-06-18,12784778,209.0
False,2016-06-19,12784778,150.0
False,2016-06-20,12784778,157.0
False,2016-06-21,12784778,150.0
False,2016-06-22,12784778,288.0
False,2016-06-23,12784778,286.0
False,2016-06-24,12784778,306.0
False,2016-06-25,12784778,150.0
False,2016-06-26,12784778,150.0
False,2016-06-27,12784778,150.0
False,2016-06-28,12784778,150.0
False,2016-06-29,12784778,150.0
False,2016-06-30,12784778,150.0
False,2016-07-01,12784778,212.0
False,2016-07-02,12784778,292.0
False,2016-07-03,12784778,261.0
False,2016-07-04,12784778,261.0
True,2016-07-05,12784778,150.0
False,2016-07-06,12784778,172.0
False,2016-07-07,12784778,174.0
False,2016-07-08,12784778,191.0
False,2016-07-09,12784778,150.0
False,2016-07-10,12784778,150.0
False,2016-07-11,12784778,150.0
False,2016-07-12,12784778,150.0
False,2016-07-13,12784778,150.0
False,2016-07-14,12784778,150.0
False,2016-07-15,12784778,150.0
False,2016-07-16,12784778,150.0
False,2016-07-17,12784778,150.0
False,2016-07-18,12784778,150.0
False,2016-07-19,12784778,150.0
False,2016-07-20,12784778,150.0
False,2016-07-21,12784778,152.0
False,2016-07-22,12784778,157.0
False,2016-07-23,12784778,162.0
False,2016-07-24,12784778,163.0
False,2016-07-25,12784778,161.0
False,2016-07-26,12784778,162.0
False,2016-07-27,12784778,168.0
False,2016-07-28,12784778,166.0
False,2016-07-29,12784778,175.0
False,2016-07-30,12784778,176.0
False,2016-07-31,12784778,177.0
False,2016-08-01,12784778,175.0
False,2016-08-02,12784778,180.0
False,2016-08-03,12784778,183.0
False,2016-08-04,12784778,188.0
False,2016-08-05,12784778,188.0
False,2016-08-06,12784778,188.0
False,2016-08-07,12784778,186.0
False,2016-08-08,12784778,183.0
False,2016-08-09,12784778,184.0
False,2016-08-10,12784778,181.0
False,2016-08-11,12784778,198.0
False,2016-08-12,12784778,198.0
False,2016-08-13,12784778,199.0
False,2016-08-14,12784778,189.0
False,2016-08-15,12784778,181.0
False,2016-08-16,12784778,181.0
False,2016-08-17,12784778,184.0
False,2016-08-18,12784778,201.0
False,2016-08-19,12784778,201.0
False,2016-08-20,12784778,201.0
False,2016-08-21,12784778,193.0
False,2016-08-22,12784778,190.0
False,2016-08-23,12784778,190.0
False,2016-08-24,12784778,190.0
False,2016-08-25,12784778,204.0
False,2016-08-26,12784778,203.0
False,2016-08-27,12784778,204.0
False,2016-08-28,12784778,195.0
False,2016-08-29,12784778,194.0
False,2016-08-30,12784778,194.0
False,2016-08-31,12784778,194.0
False,2016-09-01,12784778,206.0
False,2016-09-02,12784778,202.0
False,2016-09-03,12784778,202.0
False,2016-05-29,10070039,325.0
False,2016-05-30,10070039,325.0
False,2016-05-31,10070039,325.0
False,2016-06-01,10070039,325.0
False,2016-06-02,10070039,325.0
False,2016-06-03,10070039,325.0
False,2016-06-04,10070039,325.0
False,2016-06-05,10070039,450.0
False,2016-06-06,10070039,450.0
False,2016-06-07,10070039,450.0
False,2016-06-08,10070039,325.0
False,2016-06-09,10070039,325.0
False,2016-06-10,10070039,325.0
False,2016-06-11,10070039,325.0
False,2016-06-12,10070039,325.0
False,2016-06-13,10070039,325.0
False,2016-06-14,10070039,325.0
False,2016-06-15,10070039,325.0
False,2016-06-16,10070039,325.0
False,2016-06-17,10070039,325.0
False,2016-06-18,10070039,325.0
False,2016-06-19,10070039,325.0
False,2016-06-20,10070039,325.0
False,2016-06-21,10070039,325.0
False,2016-06-22,10070039,325.0
False,2016-06-23,10070039,325.0
False,2016-06-24,10070039,325.0
False,2016-06-25,10070039,325.0
False,2016-06-26,10070039,325.0
False,2016-06-27,10070039,325.0
False,2016-06-28,10070039,325.0
False,2016-06-29,10070039,325.0
False,2016-06-30,10070039,325.0
False,2016-07-01,10070039,325.0
False,2016-07-02,10070039,325.0
False,2016-07-03,10070039,325.0
False,2016-07-04,10070039,325.0
False,2016-07-05,10070039,325.0
False,2016-07-06,10070039,325.0
False,2016-07-07,10070039,325.0
False,2016-07-08,10070039,325.0
False,2016-07-09,10070039,325.0
False,2016-07-10,10070039,325.0
False,2016-07-11,10070039,325.0
False,2016-07-12,10070039,325.0
False,2016-07-13,10070039,325.0
False,2016-07-14,10070039,325.0
False,2016-07-15,10070039,325.0
False,2016-07-16,10070039,325.0
False,2016-07-17,10070039,325.0
False,2016-07-18,10070039,325.0
False,2016-07-19,10070039,325.0
False,2016-07-20,10070039,325.0
False,2016-07-21,10070039,325.0
False,2016-07-22,10070039,325.0
False,2016-07-23,10070039,325.0
False,2016-07-24,10070039,325.0
False,2016-07-25,10070039,325.0
False,2016-07-26,10070039,325.0
False,2016-07-27,10070039,325.0
False,2016-07-28,10070039,325.0
False,2016-07-29,10070039,325.0
False,2016-07-30,10070039,325.0
False,2016-07-31,10070039,325.0
False,2016-08-01,10070039,325.0
False,2016-08-02,10070039,325.0
False,2016-08-03,10070039,325.0
False,2016-08-04,10070039,325.0
False,2016-08-05,10070039,325.0
False,2016-08-06,10070039,325.0
False,2016-08-07,10070039,325.0
False,2016-08-08,10070039,325.0
False,2016-08-09,10070039,325.0
False,2016-08-10,10070039,325.0
False,2016-08-11,10070039,325.0
False,2016-08-12,10070039,325.0
False,2016-08-13,10070039,325.0
False,2016-08-14,10070039,325.0
False,2016-08-15,10070039,325.0
False,2016-08-16,10070039,325.0
False,2016-08-17,10070039,325.0
False,2016-08-18,10070039,325.0
False,2016-08-19,10070039,325.0
False,2016-08-20,10070039,325.0
False,2016-08-21,10070039,325.0
False,2016-08-22,10070039,325.0
False,2016-08-23,10070039,325.0
False,2016-08-24,10070039,325.0
False,2016-08-25,10070039,325.0
False,2016-08-26,10070039,325.0
False,2016-08-27,10070039,325.0
False,2016-08-28,10070039,325.0
False,2016-08-29,10070039,325.0
False,2016-08-30,10070039,325.0
False,2016-08-31,10070039,325.0
False,2016-09-01,10070039,325.0
False,2016-09-02,10070039,325.0
False,2016-09-03,10070039,325.0
False,2016-05-29,10363020,150.0
False,2016-05-30,10363020,150.0
False,2016-05-31,10363020,150.0
False,2016-06-01,10363020,150.0
False,2016-06-02,10363020,150.0
False,2016-06-03,10363020,150.0
False,2016-06-04,10363020,150.0
False,2016-06-05,10363020,150.0
True,2016-06-06,10363020,150.0
True,2016-06-07,10363020,150.0
False,2016-06-08,10363020,150.0
False,2016-06-09,10363020,150.0
False,2016-06-10,10363020,150.0
False,2016-06-11,10363020,150.0
False,2016-06-12,10363020,150.0
True,2016-06-13,10363020,150.0
True,2016-06-14,10363020,150.0
True,2016-06-15,10363020,150.0
False,2016-06-16,10363020,150.0
False,2016-06-17,10363020,150.0
False,2016-06-18,10363020,150.0
False,2016-06-19,10363020,150.0
False,2016-06-20,10363020,150.0
False,2016-06-21,10363020,150.0
False,2016-06-22,10363020,150.0
False,2016-06-23,10363020,150.0
False,2016-06-24,10363020,150.0
False,2016-06-25,10363020,150.0
False,2016-06-26,10363020,150.0
False,2016-06-27,10363020,150.0
False,2016-06-28,10363020,150.0
False,2016-06-29,10363020,150.0
False,2016-06-30,10363020,150.0
False,2016-07-01,10363020,180.0
False,2016-07-02,10363020,180.0
False,2016-07-03,10363020,180.0
False,2016-07-04,10363020,180.0
False,2016-07-05,10363020,180.0
False,2016-07-06,10363020,150.0
False,2016-07-07,10363020,150.0
False,2016-07-08,10363020,150.0
False,2016-07-09,10363020,150.0
False,2016-07-10,10363020,150.0
False,2016-07-11,10363020,150.0
False,2016-07-12,10363020,150.0
False,2016-07-13,10363020,150.0
False,2016-07-14,10363020,150.0
False,2016-07-15,10363020,150.0
False,2016-07-16,10363020,150.0
False,2016-07-17,10363020,150.0
False,2016-07-18,10363020,150.0
False,2016-07-19,10363020,150.0
False,2016-07-20,10363020,150.0
True,2016-07-21,10363020,150.0
True,2016-07-22,10363020,150.0
False,2016-07-23,10363020,150.0
False,2016-07-24,10363020,150.0
False,2016-07-25,10363020,150.0
False,2016-07-26,10363020,150.0
False,2016-07-27,10363020,150.0
False,2016-07-28,10363020,150.0
False,2016-07-29,10363020,150.0
False,2016-07-30,10363020,150.0
False,2016-07-31,10363020,150.0
True,2016-08-01,10363020,150.0
False,2016-08-02,10363020,150.0
False,2016-08-03,10363020,150.0
False,2016-08-04,10363020,150.0
False,2016-08-05,10363020,150.0
False,2016-08-06,10363020,150.0
False,2016-08-07,10363020,150.0
False,2016-08-08,10363020,150.0
False,2016-08-09,10363020,150.0
True,2016-08-10,10363020,150.0
True,2016-08-11,10363020,150.0
False,2016-08-12,10363020,150.0
False,2016-08-13,10363020,150.0
False,2016-08-14,10363020,150.0
False,2016-08-15,10363020,150.0
False,2016-08-16,10363020,150.0
False,2016-08-17,10363020,150.0
False,2016-08-18,10363020,150.0
False,2016-08-19,10363020,150.0
False,2016-08-20,10363020,150.0
False,2016-08-21,10363020,150.0
False,2016-08-22,10363020,150.0
False,2016-08-23,10363020,150.0
False,2016-08-24,10363020,150.0
False,2016-08-25,10363020,150.0
False,2016-08-26,10363020,150.0
True,2016-08-27,10363020,150.0
False,2016-08-28,10363020,150.0
False,2016-08-29,10363020,150.0
False,2016-08-30,10363020,150.0
False,2016-08-31,10363020,150.0
False,2016-09-01,10363020,150.0
False,2016-09-02,10363020,150.0
False,2016-09-03,10363020,150.0
True,2016-05-29,6156195,249.0
False,2016-05-30,6156195,249.0
False,2016-05-31,6156195,249.0
False,2016-06-01,6156195,199.0
False,2016-06-02,6156195,199.0
False,2016-06-03,6156195,199.0
False,2016-06-04,6156195,199.0
False,2016-06-05,6156195,199.0
False,2016-06-06,6156195,199.0
False,2016-06-07,6156195,199.0
False,2016-06-08,6156195,199.0
False,2016-06-09,6156195,199.0
False,2016-06-10,6156195,199.0
False,2016-06-11,6156195,199.0
False,2016-06-12,6156195,199.0
False,2016-06-13,6156195,199.0
False,2016-06-14,6156195,199.0
False,2016-06-15,6156195,199.0
False,2016-06-16,6156195,199.0
False,2016-06-17,6156195,199.0
False,2016-06-18,6156195,199.0
False,2016-06-19,6156195,199.0
False,2016-06-20,6156195,199.0
False,2016-06-21,6156195,199.0
False,2016-06-22,6156195,199.0
False,2016-06-23,6156195,199.0
False,2016-06-24,6156195,199.0
False,2016-06-25,6156195,199.0
False,2016-06-26,6156195,199.0
False,2016-06-27,6156195,199.0
False,2016-06-28,6156195,199.0
False,2016-06-29,6156195,199.0
False,2016-06-30,6156195,199.0
True,2016-07-01,6156195,179.0
False,2016-07-02,6156195,179.0
False,2016-07-03,6156195,179.0
False,2016-07-04,6156195,179.0
False,2016-07-05,6156195,179.0
False,2016-07-06,6156195,179.0
False,2016-07-07,6156195,179.0
False,2016-07-08,6156195,179.0
False,2016-07-09,6156195,179.0
False,2016-07-10,6156195,179.0
False,2016-07-11,6156195,179.0
False,2016-07-12,6156195,179.0
False,2016-07-13,6156195,179.0
False,2016-07-14,6156195,179.0
False,2016-07-15,6156195,179.0
False,2016-07-16,6156195,179.0
False,2016-07-17,6156195,199.0
False,2016-07-18,6156195,199.0
False,2016-07-19,6156195,199.0
False,2016-07-20,6156195,199.0
False,2016-07-21,6156195,199.0
False,2016-07-22,6156195,199.0
False,2016-07-23,6156195,199.0
True,2016-07-24,6156195,199.0
True,2016-07-25,6156195,199.0
True,2016-07-26,6156195,199.0
False,2016-07-27,6156195,199.0
False,2016-07-28,6156195,199.0
False,2016-07-29,6156195,199.0
False,2016-07-30,6156195,199.0
False,2016-07-31,6156195,199.0
False,2016-08-01,6156195,199.0
False,2016-08-02,6156195,199.0
False,2016-08-03,6156195,199.0
False,2016-08-04,6156195,179.0
False,2016-08-05,6156195,179.0
False,2016-08-06,6156195,179.0
False,2016-08-07,6156195,179.0
False,2016-08-08,6156195,179.0
False,2016-08-09,6156195,199.0
False,2016-08-10,6156195,199.0
False,2016-08-11,6156195,199.0
False,2016-08-12,6156195,199.0
False,2016-08-13,6156195,199.0
False,2016-08-14,6156195,199.0
False,2016-08-15,6156195,199.0
False,2016-08-16,6156195,199.0
False,2016-08-17,6156195,199.0
False,2016-08-18,6156195,199.0
False,2016-08-19,6156195,199.0
False,2016-08-20,6156195,199.0
False,2016-08-21,6156195,199.0
False,2016-08-22,6156195,199.0
False,2016-08-23,6156195,199.0
True,2016-08-24,6156195,199.0
False,2016-08-25,6156195,199.0
False,2016-08-26,6156195,199.0
False,2016-08-27,6156195,199.0
False,2016-08-28,6156195,199.0
False,2016-08-29,6156195,199.0
False,2016-08-30,6156195,199.0
True,2016-08-31,6156195,199.0
False,2016-09-01,6156195,179.0
False,2016-09-02,6156195,179.0
False,2016-09-03,6156195,179.0
False,2016-05-29,664206,275.0
False,2016-05-30,664206,275.0
False,2016-05-31,664206,275.0
False,2016-06-01,664206,275.0
False,2016-06-02,664206,275.0
False,2016-06-03,664206,275.0
False,2016-06-04,664206,275.0
False,2016-06-05,664206,275.0
False,2016-06-06,664206,275.0
False,2016-06-07,664206,275.0
False,2016-06-08,664206,275.0
False,2016-06-09,664206,275.0
False,2016-06-10,664206,275.0
False,2016-06-11,664206,275.0
False,2016-06-12,664206,275.0
False,2016-06-13,664206,275.0
False,2016-06-14,664206,275.0
False,2016-06-15,664206,275.0
False,2016-06-16,664206,275.0
False,2016-06-17,664206,275.0
False,2016-06-18,664206,275.0
False,2016-06-19,664206,275.0
False,2016-06-20,664206,275.0
False,2016-06-21,664206,275.0
False,2016-06-22,664206,275.0
False,2016-06-23,664206,275.0
False,2016-06-24,664206,275.0
False,2016-06-25,664206,275.0
False,2016-06-26,664206,275.0
False,2016-06-27,664206,275.0
False,2016-06-28,664206,275.0
False,2016-06-29,664206,275.0
False,2016-06-30,664206,275.0
False,2016-07-01,664206,275.0
True,2016-07-02,664206,275.0
True,2016-07-03,664206,275.0
False,2016-07-04,664206,285.0
False,2016-07-05,664206,286.0
False,2016-07-06,664206,286.0
False,2016-07-07,664206,286.0
False,2016-07-08,664206,286.0
False,2016-07-09,664206,275.0
False,2016-07-10,664206,275.0
False,2016-07-11,664206,275.0
False,2016-07-12,664206,275.0
False,2016-07-13,664206,275.0
False,2016-07-14,664206,275.0
False,2016-07-15,664206,275.0
False,2016-07-16,664206,275.0
False,2016-07-17,664206,275.0
False,2016-07-18,664206,275.0
False,2016-07-19,664206,275.0
False,2016-07-20,664206,275.0
False,2016-07-21,664206,275.0
False,2016-07-22,664206,275.0
False,2016-07-23,664206,275.0
False,2016-07-24,664206,275.0
False,2016-07-25,664206,275.0
False,2016-07-26,664206,275.0
False,2016-07-27,664206,275.0
False,2016-07-28,664206,275.0
False,2016-07-29,664206,275.0
False,2016-07-30,664206,275.0
False,2016-07-31,664206,275.0
False,2016-08-01,664206,275.0
False,2016-08-02,664206,275.0
False,2016-08-03,664206,275.0
False,2016-08-04,664206,275.0
False,2016-08-05,664206,275.0
False,2016-08-06,664206,275.0
False,2016-08-07,664206,275.0
False,2016-08-08,664206,275.0
False,2016-08-09,664206,275.0
True,2016-08-10,664206,275.0
True,2016-08-11,664206,275.0
False,2016-08-12,664206,296.0
False,2016-08-13,664206,296.0
False,2016-08-14,664206,296.0
False,2016-08-15,664206,296.0
False,2016-08-16,664206,296.0
False,2016-08-17,664206,296.0
False,2016-08-18,664206,296.0
False,2016-08-19,664206,296.0
False,2016-08-20,664206,276.0
True,2016-08-21,664206,275.0
False,2016-08-22,664206,275.0
False,2016-08-23,664206,275.0
False,2016-08-24,664206,275.0
False,2016-08-25,664206,275.0
False,2016-08-26,664206,275.0
False,2016-08-27,664206,275.0
False,2016-08-28,664206,275.0
False,2016-08-29,664206,275.0
False,2016-08-30,664206,275.0
False,2016-08-31,664206,275.0
False,2016-09-01,664206,275.0
False,2016-09-02,664206,275.0
False,2016-09-03,664206,275.0
True,2016-05-29,13478765,165.0
True,2016-05-30,13478765,165.0
True,2016-05-31,13478765,165.0
True,2016-06-01,13478765,165.0
True,2016-06-02,13478765,165.0
True,2016-06-03,13478765,165.0
True,2016-06-04,13478765,165.0
True,2016-06-05,13478765,165.0
True,2016-06-06,13478765,165.0
True,2016-06-07,13478765,165.0
True,2016-06-08,13478765,165.0
True,2016-06-09,13478765,165.0
True,2016-06-10,13478765,165.0
True,2016-06-11,13478765,165.0
False,2016-06-12,13478765,165.0
False,2016-06-13,13478765,165.0
False,2016-06-14,13478765,165.0
False,2016-06-15,13478765,165.0
False,2016-06-16,13478765,165.0
False,2016-06-17,13478765,165.0
False,2016-06-18,13478765,165.0
True,2016-06-19,13478765,138.0
True,2016-06-20,13478765,138.0
True,2016-06-21,13478765,138.0
True,2016-06-22,13478765,138.0
True,2016-06-23,13478765,138.0
True,2016-06-24,13478765,138.0
False,2016-06-25,13478765,168.0
True,2016-06-26,13478765,165.0
True,2016-06-27,13478765,165.0
True,2016-06-28,13478765,165.0
True,2016-06-29,13478765,165.0
True,2016-06-30,13478765,165.0
True,2016-07-01,13478765,165.0
True,2016-07-02,13478765,165.0
True,2016-07-03,13478765,165.0
True,2016-07-04,13478765,165.0
False,2016-07-05,13478765,165.0
False,2016-07-06,13478765,165.0
False,2016-07-07,13478765,165.0
False,2016-07-08,13478765,165.0
False,2016-07-09,13478765,165.0
False,2016-07-10,13478765,165.0
False,2016-07-11,13478765,165.0
False,2016-07-12,13478765,165.0
False,2016-07-13,13478765,165.0
False,2016-07-14,13478765,165.0
False,2016-07-15,13478765,170.0
False,2016-07-16,13478765,170.0
False,2016-07-17,13478765,170.0
False,2016-07-18,13478765,170.0
False,2016-07-19,13478765,171.0
False,2016-07-20,13478765,171.0
False,2016-07-21,13478765,171.0
False,2016-07-22,13478765,165.0
True,2016-07-23,13478765,165.0
True,2016-07-24,13478765,165.0
True,2016-07-25,13478765,165.0
False,2016-07-26,13478765,165.0
False,2016-07-27,13478765,165.0
False,2016-07-28,13478765,165.0
False,2016-07-29,13478765,165.0
False,2016-07-30,13478765,165.0
False,2016-07-31,13478765,165.0
False,2016-08-01,13478765,165.0
False,2016-08-02,13478765,165.0
False,2016-08-03,13478765,165.0
False,2016-08-04,13478765,165.0
False,2016-08-05,13478765,165.0
False,2016-08-06,13478765,165.0
False,2016-08-07,13478765,165.0
False,2016-08-08,13478765,165.0
False,2016-08-09,13478765,165.0
False,2016-08-10,13478765,165.0
True,2016-08-11,13478765,165.0
False,2016-08-12,13478765,165.0
False,2016-08-13,13478765,185.0
False,2016-08-14,13478765,185.0
False,2016-08-15,13478765,185.0
False,2016-08-16,13478765,188.0
False,2016-08-17,13478765,188.0
False,2016-08-18,13478765,188.0
False,2016-08-19,13478765,188.0
False,2016-08-20,13478765,165.0
True,2016-08-21,13478765,165.0
True,2016-08-22,13478765,170.0
True,2016-08-23,13478765,172.0
True,2016-08-24,13478765,178.0
True,2016-08-25,13478765,178.0
True,2016-08-26,13478765,178.0
True,2016-08-27,13478765,178.0
True,2016-08-28,13478765,165.0
False,2016-08-29,13478765,165.0
False,2016-08-30,13478765,165.0
False,2016-08-31,13478765,165.0
False,2016-09-01,13478765,165.0
False,2016-09-02,13478765,165.0
False,2016-09-03,13478765,165.0
False,2016-05-29,12159120,425.0
True,2016-05-30,12159120,325.0
False,2016-05-31,12159120,300.0
False,2016-06-01,12159120,300.0
False,2016-06-02,12159120,425.0
False,2016-06-03,12159120,475.0
False,2016-06-04,12159120,475.0
False,2016-06-05,12159120,425.0
False,2016-06-06,12159120,425.0
False,2016-06-07,12159120,425.0
False,2016-06-08,12159120,425.0
False,2016-06-09,12159120,425.0
False,2016-06-10,12159120,475.0
False,2016-06-11,12159120,475.0
False,2016-06-12,12159120,425.0
False,2016-06-13,12159120,425.0
False,2016-06-14,12159120,425.0
False,2016-06-15,12159120,375.0
False,2016-06-16,12159120,425.0
False,2016-06-17,12159120,475.0
False,2016-06-18,12159120,475.0
True,2016-06-19,12159120,275.0
False,2016-06-20,12159120,325.0
False,2016-06-21,12159120,325.0
False,2016-06-22,12159120,325.0
False,2016-06-23,12159120,325.0
False,2016-06-24,12159120,475.0
False,2016-06-25,12159120,475.0
False,2016-06-26,12159120,425.0
False,2016-06-27,12159120,275.0
False,2016-06-28,12159120,425.0
False,2016-06-29,12159120,425.0
False,2016-06-30,12159120,425.0
False,2016-07-01,12159120,335.0
False,2016-07-02,12159120,300.0
False,2016-07-03,12159120,475.0
False,2016-07-04,12159120,425.0
False,2016-07-05,12159120,425.0
True,2016-07-06,12159120,275.0
False,2016-07-07,12159120,364.0
False,2016-07-08,12159120,365.0
False,2016-07-09,12159120,475.0
False,2016-07-10,12159120,425.0
False,2016-07-11,12159120,425.0
False,2016-07-12,12159120,425.0
False,2016-07-13,12159120,425.0
False,2016-07-14,12159120,425.0
False,2016-07-15,12159120,475.0
False,2016-07-16,12159120,275.0
False,2016-07-17,12159120,425.0
False,2016-07-18,12159120,425.0
False,2016-07-19,12159120,425.0
False,2016-07-20,12159120,425.0
False,2016-07-21,12159120,425.0
False,2016-07-22,12159120,475.0
False,2016-07-23,12159120,406.0
True,2016-07-24,12159120,286.0
False,2016-07-25,12159120,350.0
False,2016-07-26,12159120,350.0
False,2016-07-27,12159120,305.0
False,2016-07-28,12159120,305.0
False,2016-07-29,12159120,475.0
False,2016-07-30,12159120,475.0
False,2016-07-31,12159120,325.0
False,2016-08-01,12159120,350.0
False,2016-08-02,12159120,350.0
True,2016-08-03,12159120,339.0
False,2016-08-04,12159120,645.0
False,2016-08-05,12159120,475.0
False,2016-08-06,12159120,475.0
False,2016-08-07,12159120,645.0
False,2016-08-08,12159120,375.0
False,2016-08-09,12159120,375.0
False,2016-08-10,12159120,375.0
True,2016-08-11,12159120,333.0
False,2016-08-12,12159120,475.0
False,2016-08-13,12159120,475.0
False,2016-08-14,12159120,425.0
True,2016-08-15,12159120,366.0
True,2016-08-16,12159120,367.0
False,2016-08-17,12159120,453.0
False,2016-08-18,12159120,453.0
False,2016-08-19,12159120,453.0
True,2016-08-20,12159120,434.0
True,2016-08-21,12159120,435.0
True,2016-08-22,12159120,435.0
True,2016-08-23,12159120,384.0
True,2016-08-24,12159120,388.0
False,2016-08-25,12159120,400.0
False,2016-08-26,12159120,475.0
False,2016-08-27,12159120,475.0
False,2016-08-28,12159120,475.0
False,2016-08-29,12159120,475.0
True,2016-08-30,12159120,391.0
True,2016-08-31,12159120,391.0
False,2016-09-01,12159120,446.0
False,2016-09-02,12159120,449.0
False,2016-09-03,12159120,449.0
True,2016-05-29,11532945,180.0
True,2016-05-30,11532945,180.0
True,2016-05-31,11532945,180.0
True,2016-06-01,11532945,180.0
True,2016-06-02,11532945,180.0
False,2016-06-03,11532945,180.0
False,2016-06-04,11532945,180.0
False,2016-06-05,11532945,180.0
False,2016-06-06,11532945,180.0
False,2016-06-07,11532945,180.0
False,2016-06-08,11532945,180.0
False,2016-06-09,11532945,180.0
True,2016-06-10,11532945,180.0
True,2016-06-11,11532945,180.0
False,2016-06-12,11532945,180.0
False,2016-06-13,11532945,180.0
False,2016-06-14,11532945,180.0
False,2016-06-15,11532945,180.0
False,2016-06-16,11532945,175.0
False,2016-06-17,11532945,175.0
False,2016-06-18,11532945,175.0
False,2016-06-19,11532945,200.0
False,2016-06-20,11532945,200.0
False,2016-06-21,11532945,180.0
False,2016-06-22,11532945,180.0
False,2016-06-23,11532945,180.0
True,2016-06-24,11532945,175.0
True,2016-06-25,11532945,175.0
False,2016-06-26,11532945,295.0
False,2016-06-27,11532945,295.0
False,2016-06-28,11532945,180.0
False,2016-06-29,11532945,180.0
False,2016-06-30,11532945,180.0
False,2016-07-01,11532945,180.0
False,2016-07-02,11532945,180.0
False,2016-07-03,11532945,180.0
False,2016-07-04,11532945,180.0
False,2016-07-05,11532945,195.0
False,2016-07-06,11532945,195.0
False,2016-07-07,11532945,195.0
False,2016-07-08,11532945,195.0
False,2016-07-09,11532945,195.0
False,2016-07-10,11532945,195.0
False,2016-07-11,11532945,195.0
False,2016-07-12,11532945,195.0
False,2016-07-13,11532945,195.0
False,2016-07-14,11532945,195.0
False,2016-07-15,11532945,195.0
False,2016-07-16,11532945,180.0
False,2016-07-17,11532945,180.0
False,2016-07-18,11532945,180.0
False,2016-07-19,11532945,180.0
False,2016-07-20,11532945,180.0
False,2016-07-21,11532945,180.0
False,2016-07-22,11532945,180.0
False,2016-07-23,11532945,180.0
False,2016-07-24,11532945,180.0
False,2016-07-25,11532945,180.0
False,2016-07-26,11532945,180.0
False,2016-07-27,11532945,180.0
False,2016-07-28,11532945,180.0
False,2016-07-29,11532945,180.0
False,2016-07-30,11532945,180.0
False,2016-07-31,11532945,180.0
False,2016-08-01,11532945,180.0
False,2016-08-02,11532945,180.0
False,2016-08-03,11532945,180.0
False,2016-08-04,11532945,180.0
False,2016-08-05,11532945,180.0
False,2016-08-06,11532945,180.0
False,2016-08-07,11532945,180.0
False,2016-08-08,11532945,180.0
False,2016-08-09,11532945,180.0
False,2016-08-10,11532945,180.0
False,2016-08-11,11532945,180.0
False,2016-08-12,11532945,180.0
False,2016-08-13,11532945,180.0
False,2016-08-14,11532945,180.0
False,2016-08-15,11532945,180.0
False,2016-08-16,11532945,180.0
False,2016-08-17,11532945,180.0
False,2016-08-18,11532945,180.0
False,2016-08-19,11532945,180.0
False,2016-08-20,11532945,180.0
False,2016-08-21,11532945,180.0
False,2016-08-22,11532945,180.0
False,2016-08-23,11532945,180.0
False,2016-08-24,11532945,180.0
False,2016-08-25,11532945,180.0
False,2016-08-26,11532945,180.0
False,2016-08-27,11532945,180.0
False,2016-08-28,11532945,180.0
False,2016-08-29,11532945,180.0
False,2016-08-30,11532945,180.0
False,2016-08-31,11532945,180.0
False,2016-09-01,11532945,180.0
False,2016-09-02,11532945,180.0
False,2016-09-03,11532945,180.0
False,2016-05-29,2876562,200.0
True,2016-05-30,2876562,175.0
False,2016-05-31,2876562,175.0
False,2016-06-01,2876562,175.0
False,2016-06-02,2876562,175.0
False,2016-06-03,2876562,200.0
True,2016-06-04,2876562,200.0
False,2016-06-05,2876562,175.0
False,2016-06-06,2876562,175.0
False,2016-06-07,2876562,175.0
False,2016-06-08,2876562,175.0
False,2016-06-09,2876562,175.0
False,2016-06-10,2876562,200.0
False,2016-06-11,2876562,200.0
False,2016-06-12,2876562,175.0
False,2016-06-13,2876562,175.0
False,2016-06-14,2876562,175.0
False,2016-06-15,2876562,175.0
False,2016-06-16,2876562,175.0
True,2016-06-17,2876562,200.0
False,2016-06-18,2876562,200.0
False,2016-06-19,2876562,175.0
False,2016-06-20,2876562,175.0
True,2016-06-21,2876562,175.0
False,2016-06-22,2876562,175.0
False,2016-06-23,2876562,175.0
False,2016-06-24,2876562,200.0
False,2016-06-25,2876562,200.0
False,2016-06-26,2876562,175.0
False,2016-06-27,2876562,175.0
False,2016-06-28,2876562,175.0
False,2016-06-29,2876562,175.0
False,2016-06-30,2876562,175.0
False,2016-07-01,2876562,200.0
False,2016-07-02,2876562,200.0
False,2016-07-03,2876562,175.0
False,2016-07-04,2876562,175.0
True,2016-07-05,2876562,175.0
False,2016-07-06,2876562,175.0
False,2016-07-07,2876562,175.0
False,2016-07-08,2876562,200.0
True,2016-07-09,2876562,200.0
False,2016-07-10,2876562,175.0
False,2016-07-11,2876562,175.0
False,2016-07-12,2876562,175.0
False,2016-07-13,2876562,175.0
False,2016-07-14,2876562,175.0
False,2016-07-15,2876562,200.0
False,2016-07-16,2876562,200.0
False,2016-07-17,2876562,175.0
True,2016-07-18,2876562,175.0
False,2016-07-19,2876562,175.0
False,2016-07-20,2876562,175.0
False,2016-07-21,2876562,175.0
False,2016-07-22,2876562,200.0
False,2016-07-23,2876562,200.0
False,2016-07-24,2876562,175.0
False,2016-07-25,2876562,175.0
False,2016-07-26,2876562,175.0
False,2016-07-27,2876562,175.0
False,2016-07-28,2876562,175.0
True,2016-07-29,2876562,200.0
False,2016-07-30,2876562,200.0
False,2016-07-31,2876562,175.0
False,2016-08-01,2876562,175.0
False,2016-08-02,2876562,175.0
False,2016-08-03,2876562,175.0
False,2016-08-04,2876562,175.0
False,2016-08-05,2876562,200.0
False,2016-08-06,2876562,200.0
False,2016-08-07,2876562,175.0
False,2016-08-08,2876562,175.0
True,2016-08-09,2876562,175.0
False,2016-08-10,2876562,175.0
False,2016-08-11,2876562,175.0
False,2016-08-12,2876562,200.0
False,2016-08-13,2876562,200.0
False,2016-08-14,2876562,175.0
False,2016-08-15,2876562,175.0
False,2016-08-16,2876562,175.0
False,2016-08-17,2876562,175.0
False,2016-08-18,2876562,175.0
False,2016-08-19,2876562,200.0
False,2016-08-20,2876562,200.0
False,2016-08-21,2876562,175.0
True,2016-08-22,2876562,175.0
False,2016-08-23,2876562,175.0
False,2016-08-24,2876562,175.0
False,2016-08-25,2876562,175.0
False,2016-08-26,2876562,200.0
False,2016-08-27,2876562,200.0
False,2016-08-28,2876562,175.0
False,2016-08-29,2876562,175.0
False,2016-08-30,2876562,175.0
False,2016-08-31,2876562,175.0
False,2016-09-01,2876562,175.0
False,2016-09-02,2876562,200.0
False,2016-09-03,2876562,200.0
False,2016-05-29,10878099,550.0
False,2016-05-30,10878099,550.0
False,2016-05-31,10878099,550.0
False,2016-06-01,10878099,550.0
False,2016-06-02,10878099,550.0
False,2016-06-03,10878099,550.0
False,2016-06-04,10878099,550.0
False,2016-06-05,10878099,550.0
False,2016-06-06,10878099,550.0
False,2016-06-07,10878099,550.0
False,2016-06-08,10878099,550.0
False,2016-06-09,10878099,550.0
False,2016-06-10,10878099,550.0
False,2016-06-11,10878099,550.0
False,2016-06-12,10878099,550.0
False,2016-06-13,10878099,550.0
False,2016-06-14,10878099,550.0
False,2016-06-15,10878099,550.0
False,2016-06-16,10878099,550.0
False,2016-06-17,10878099,550.0
False,2016-06-18,10878099,550.0
False,2016-06-19,10878099,550.0
False,2016-06-20,10878099,550.0
False,2016-06-21,10878099,550.0
False,2016-06-22,10878099,550.0
False,2016-06-23,10878099,550.0
False,2016-06-24,10878099,550.0
False,2016-06-25,10878099,550.0
False,2016-06-26,10878099,550.0
False,2016-06-27,10878099,550.0
False,2016-06-28,10878099,550.0
False,2016-06-29,10878099,550.0
False,2016-06-30,10878099,550.0
False,2016-07-01,10878099,550.0
False,2016-07-02,10878099,550.0
False,2016-07-03,10878099,550.0
False,2016-07-04,10878099,550.0
False,2016-07-05,10878099,550.0
False,2016-07-06,10878099,550.0
False,2016-07-07,10878099,550.0
False,2016-07-08,10878099,550.0
False,2016-07-09,10878099,550.0
False,2016-07-10,10878099,550.0
False,2016-07-11,10878099,550.0
False,2016-07-12,10878099,550.0
False,2016-07-13,10878099,550.0
False,2016-07-14,10878099,550.0
False,2016-07-15,10878099,550.0
False,2016-07-16,10878099,550.0
False,2016-07-17,10878099,550.0
False,2016-07-18,10878099,550.0
False,2016-07-19,10878099,550.0
False,2016-07-20,10878099,550.0
False,2016-07-21,10878099,550.0
False,2016-07-22,10878099,550.0
False,2016-07-23,10878099,550.0
False,2016-07-24,10878099,550.0
False,2016-07-25,10878099,550.0
False,2016-07-26,10878099,550.0
False,2016-07-27,10878099,550.0
False,2016-07-28,10878099,550.0
False,2016-07-29,10878099,550.0
False,2016-07-30,10878099,550.0
False,2016-07-31,10878099,550.0
False,2016-08-01,10878099,550.0
False,2016-08-02,10878099,550.0
False,2016-08-03,10878099,550.0
False,2016-08-04,10878099,550.0
False,2016-08-05,10878099,550.0
False,2016-08-06,10878099,550.0
False,2016-08-07,10878099,550.0
False,2016-08-08,10878099,550.0
False,2016-08-09,10878099,550.0
False,2016-08-10,10878099,550.0
False,2016-08-11,10878099,550.0
False,2016-08-12,10878099,550.0
False,2016-08-13,10878099,550.0
False,2016-08-14,10878099,550.0
False,2016-08-15,10878099,550.0
False,2016-08-16,10878099,550.0
False,2016-08-17,10878099,550.0
False,2016-08-18,10878099,550.0
False,2016-08-19,10878099,550.0
False,2016-08-20,10878099,550.0
False,2016-08-21,10878099,550.0
False,2016-08-22,10878099,550.0
False,2016-08-23,10878099,550.0
False,2016-08-24,10878099,550.0
False,2016-08-25,10878099,550.0
False,2016-08-26,10878099,550.0
False,2016-08-27,10878099,550.0
False,2016-08-28,10878099,550.0
False,2016-08-29,10878099,550.0
False,2016-08-30,10878099,550.0
False,2016-08-31,10878099,550.0
False,2016-09-01,10878099,550.0
False,2016-09-02,10878099,550.0
False,2016-09-03,10878099,550.0
False,2016-05-29,713877,175.0
False,2016-05-30,713877,155.0
False,2016-05-31,713877,145.0
False,2016-06-01,713877,145.0
False,2016-06-02,713877,145.0
False,2016-06-03,713877,165.0
False,2016-06-04,713877,165.0
False,2016-06-05,713877,145.0
False,2016-06-06,713877,145.0
False,2016-06-07,713877,145.0
False,2016-06-08,713877,145.0
False,2016-06-09,713877,145.0
False,2016-06-10,713877,165.0
False,2016-06-11,713877,165.0
False,2016-06-12,713877,145.0
False,2016-06-13,713877,145.0
False,2016-06-14,713877,145.0
False,2016-06-15,713877,145.0
False,2016-06-16,713877,145.0
False,2016-06-17,713877,165.0
False,2016-06-18,713877,165.0
False,2016-06-19,713877,145.0
False,2016-06-20,713877,145.0
False,2016-06-21,713877,145.0
False,2016-06-22,713877,145.0
False,2016-06-23,713877,145.0
False,2016-06-24,713877,165.0
False,2016-06-25,713877,165.0
False,2016-06-26,713877,145.0
False,2016-06-27,713877,145.0
False,2016-06-28,713877,145.0
False,2016-06-29,713877,145.0
False,2016-06-30,713877,145.0
False,2016-07-01,713877,175.0
False,2016-07-02,713877,175.0
False,2016-07-03,713877,175.0
False,2016-07-04,713877,165.0
False,2016-07-05,713877,145.0
False,2016-07-06,713877,145.0
False,2016-07-07,713877,145.0
False,2016-07-08,713877,165.0
False,2016-07-09,713877,165.0
False,2016-07-10,713877,145.0
False,2016-07-11,713877,145.0
False,2016-07-12,713877,145.0
False,2016-07-13,713877,145.0
False,2016-07-14,713877,145.0
False,2016-07-15,713877,165.0
False,2016-07-16,713877,165.0
False,2016-07-17,713877,145.0
False,2016-07-18,713877,145.0
False,2016-07-19,713877,145.0
False,2016-07-20,713877,145.0
False,2016-07-21,713877,145.0
False,2016-07-22,713877,165.0
False,2016-07-23,713877,165.0
False,2016-07-24,713877,145.0
False,2016-07-25,713877,145.0
False,2016-07-26,713877,145.0
False,2016-07-27,713877,145.0
False,2016-07-28,713877,145.0
False,2016-07-29,713877,165.0
False,2016-07-30,713877,165.0
False,2016-07-31,713877,145.0
False,2016-08-01,713877,145.0
False,2016-08-02,713877,145.0
False,2016-08-03,713877,145.0
False,2016-08-04,713877,145.0
False,2016-08-05,713877,165.0
False,2016-08-06,713877,165.0
False,2016-08-07,713877,145.0
False,2016-08-08,713877,145.0
False,2016-08-09,713877,145.0
False,2016-08-10,713877,145.0
False,2016-08-11,713877,200.0
False,2016-08-12,713877,200.0
False,2016-08-13,713877,200.0
True,2016-08-14,713877,185.0
False,2016-08-15,713877,145.0
False,2016-08-16,713877,145.0
False,2016-08-17,713877,145.0
False,2016-08-18,713877,145.0
False,2016-08-19,713877,165.0
False,2016-08-20,713877,165.0
False,2016-08-21,713877,165.0
False,2016-08-22,713877,145.0
False,2016-08-23,713877,145.0
False,2016-08-24,713877,145.0
False,2016-08-25,713877,145.0
False,2016-08-26,713877,165.0
False,2016-08-27,713877,165.0
False,2016-08-28,713877,145.0
False,2016-08-29,713877,145.0
False,2016-08-30,713877,145.0
False,2016-08-31,713877,145.0
False,2016-09-01,713877,145.0
False,2016-09-02,713877,175.0
True,2016-09-03,713877,175.0
False,2016-05-29,7483031,148.0
False,2016-05-30,7483031,148.0
False,2016-05-31,7483031,148.0
False,2016-06-01,7483031,148.0
False,2016-06-02,7483031,148.0
False,2016-06-03,7483031,168.0
False,2016-06-04,7483031,168.0
False,2016-06-05,7483031,148.0
False,2016-06-06,7483031,148.0
False,2016-06-07,7483031,148.0
False,2016-06-08,7483031,148.0
False,2016-06-09,7483031,148.0
False,2016-06-10,7483031,168.0
False,2016-06-11,7483031,168.0
False,2016-06-12,7483031,148.0
False,2016-06-13,7483031,148.0
False,2016-06-14,7483031,148.0
False,2016-06-15,7483031,148.0
False,2016-06-16,7483031,148.0
False,2016-06-17,7483031,168.0
False,2016-06-18,7483031,168.0
False,2016-06-19,7483031,148.0
False,2016-06-20,7483031,148.0
False,2016-06-21,7483031,148.0
False,2016-06-22,7483031,148.0
False,2016-06-23,7483031,148.0
False,2016-06-24,7483031,168.0
False,2016-06-25,7483031,168.0
False,2016-06-26,7483031,148.0
False,2016-06-27,7483031,148.0
False,2016-06-28,7483031,148.0
False,2016-06-29,7483031,148.0
False,2016-06-30,7483031,148.0
False,2016-07-01,7483031,168.0
False,2016-07-02,7483031,168.0
False,2016-07-03,7483031,148.0
False,2016-07-04,7483031,148.0
False,2016-07-05,7483031,148.0
False,2016-07-06,7483031,148.0
False,2016-07-07,7483031,148.0
False,2016-07-08,7483031,168.0
False,2016-07-09,7483031,168.0
False,2016-07-10,7483031,148.0
False,2016-07-11,7483031,148.0
False,2016-07-12,7483031,148.0
False,2016-07-13,7483031,148.0
False,2016-07-14,7483031,148.0
False,2016-07-15,7483031,168.0
False,2016-07-16,7483031,168.0
False,2016-07-17,7483031,148.0
False,2016-07-18,7483031,148.0
False,2016-07-19,7483031,148.0
False,2016-07-20,7483031,148.0
False,2016-07-21,7483031,148.0
False,2016-07-22,7483031,168.0
False,2016-07-23,7483031,168.0
False,2016-07-24,7483031,148.0
False,2016-07-25,7483031,148.0
False,2016-07-26,7483031,148.0
False,2016-07-27,7483031,148.0
False,2016-07-28,7483031,148.0
False,2016-07-29,7483031,168.0
False,2016-07-30,7483031,168.0
False,2016-07-31,7483031,148.0
False,2016-08-01,7483031,148.0
False,2016-08-02,7483031,148.0
False,2016-08-03,7483031,148.0
False,2016-08-04,7483031,148.0
False,2016-08-05,7483031,168.0
False,2016-08-06,7483031,168.0
False,2016-08-07,7483031,148.0
False,2016-08-08,7483031,148.0
False,2016-08-09,7483031,148.0
False,2016-08-10,7483031,148.0
False,2016-08-11,7483031,148.0
False,2016-08-12,7483031,168.0
False,2016-08-13,7483031,168.0
False,2016-08-14,7483031,148.0
False,2016-08-15,7483031,148.0
False,2016-08-16,7483031,148.0
False,2016-08-17,7483031,148.0
False,2016-08-18,7483031,148.0
False,2016-08-19,7483031,168.0
False,2016-08-20,7483031,168.0
False,2016-08-21,7483031,148.0
False,2016-08-22,7483031,148.0
False,2016-08-23,7483031,148.0
False,2016-08-24,7483031,148.0
False,2016-08-25,7483031,148.0
False,2016-08-26,7483031,168.0
False,2016-08-27,7483031,168.0
False,2016-08-28,7483031,148.0
False,2016-08-29,7483031,148.0
False,2016-08-30,7483031,148.0
False,2016-08-31,7483031,148.0
False,2016-09-01,7483031,148.0
False,2016-09-02,7483031,168.0
False,2016-09-03,7483031,168.0
False,2016-05-29,6221976,159.0
False,2016-05-30,6221976,146.0
False,2016-05-31,6221976,131.0
False,2016-06-01,6221976,204.0
False,2016-06-02,6221976,204.0
False,2016-06-03,6221976,204.0
False,2016-06-04,6221976,204.0
False,2016-06-05,6221976,204.0
False,2016-06-06,6221976,204.0
False,2016-06-07,6221976,204.0
False,2016-06-08,6221976,204.0
False,2016-06-09,6221976,204.0
False,2016-06-10,6221976,204.0
False,2016-06-11,6221976,204.0
False,2016-06-12,6221976,204.0
False,2016-06-13,6221976,204.0
False,2016-06-14,6221976,204.0
False,2016-06-15,6221976,204.0
False,2016-06-16,6221976,204.0
False,2016-06-17,6221976,204.0
False,2016-06-18,6221976,204.0
False,2016-06-19,6221976,204.0
False,2016-06-20,6221976,204.0
False,2016-06-21,6221976,204.0
False,2016-06-22,6221976,204.0
False,2016-06-23,6221976,204.0
False,2016-06-24,6221976,204.0
False,2016-06-25,6221976,204.0
False,2016-06-26,6221976,204.0
False,2016-06-27,6221976,204.0
False,2016-06-28,6221976,204.0
False,2016-06-29,6221976,204.0
False,2016-06-30,6221976,204.0
False,2016-07-01,6221976,234.0
False,2016-07-02,6221976,234.0
False,2016-07-03,6221976,234.0
False,2016-07-04,6221976,234.0
False,2016-07-05,6221976,234.0
False,2016-07-06,6221976,234.0
False,2016-07-07,6221976,234.0
False,2016-07-08,6221976,234.0
False,2016-07-09,6221976,234.0
False,2016-07-10,6221976,234.0
False,2016-07-11,6221976,234.0
False,2016-07-12,6221976,234.0
False,2016-07-13,6221976,234.0
False,2016-07-14,6221976,234.0
False,2016-07-15,6221976,234.0
False,2016-07-16,6221976,234.0
False,2016-07-17,6221976,234.0
False,2016-07-18,6221976,234.0
False,2016-07-19,6221976,234.0
False,2016-07-20,6221976,234.0
False,2016-07-21,6221976,234.0
False,2016-07-22,6221976,234.0
False,2016-07-23,6221976,234.0
False,2016-07-24,6221976,234.0
False,2016-07-25,6221976,234.0
False,2016-07-26,6221976,234.0
False,2016-07-27,6221976,234.0
False,2016-07-28,6221976,234.0
False,2016-07-29,6221976,234.0
False,2016-07-30,6221976,234.0
False,2016-07-31,6221976,234.0
False,2016-08-01,6221976,234.0
False,2016-08-02,6221976,234.0
False,2016-08-03,6221976,234.0
False,2016-08-04,6221976,234.0
False,2016-08-05,6221976,234.0
False,2016-08-06,6221976,234.0
False,2016-08-07,6221976,234.0
False,2016-08-08,6221976,234.0
False,2016-08-09,6221976,234.0
False,2016-08-10,6221976,234.0
False,2016-08-11,6221976,234.0
False,2016-08-12,6221976,234.0
False,2016-08-13,6221976,234.0
False,2016-08-14,6221976,234.0
False,2016-08-15,6221976,234.0
False,2016-08-16,6221976,234.0
False,2016-08-17,6221976,234.0
False,2016-08-18,6221976,234.0
False,2016-08-19,6221976,234.0
False,2016-08-20,6221976,234.0
False,2016-08-21,6221976,234.0
False,2016-08-22,6221976,234.0
False,2016-08-23,6221976,234.0
False,2016-08-24,6221976,234.0
False,2016-08-25,6221976,234.0
False,2016-08-26,6221976,234.0
False,2016-08-27,6221976,234.0
False,2016-08-28,6221976,234.0
False,2016-08-29,6221976,234.0
False,2016-08-30,6221976,234.0
False,2016-08-31,6221976,234.0
False,2016-09-01,6221976,234.0
False,2016-09-02,6221976,234.0
False,2016-09-03,6221976,234.0
False,2016-05-29,7349913,500.0
False,2016-05-30,7349913,500.0
False,2016-05-31,7349913,500.0
False,2016-06-01,7349913,500.0
False,2016-06-02,7349913,500.0
False,2016-06-03,7349913,500.0
False,2016-06-04,7349913,500.0
False,2016-06-05,7349913,500.0
False,2016-06-06,7349913,500.0
False,2016-06-07,7349913,500.0
False,2016-06-08,7349913,500.0
False,2016-06-09,7349913,500.0
False,2016-06-10,7349913,500.0
False,2016-06-11,7349913,500.0
False,2016-06-12,7349913,500.0
False,2016-06-13,7349913,500.0
False,2016-06-14,7349913,500.0
False,2016-06-15,7349913,500.0
False,2016-06-16,7349913,500.0
False,2016-06-17,7349913,500.0
False,2016-06-18,7349913,500.0
False,2016-06-19,7349913,500.0
False,2016-06-20,7349913,500.0
False,2016-06-21,7349913,500.0
False,2016-06-22,7349913,500.0
False,2016-06-23,7349913,500.0
False,2016-06-24,7349913,500.0
False,2016-06-25,7349913,500.0
False,2016-06-26,7349913,500.0
False,2016-06-27,7349913,500.0
False,2016-06-28,7349913,500.0
False,2016-06-29,7349913,500.0
False,2016-06-30,7349913,500.0
False,2016-07-01,7349913,500.0
False,2016-07-02,7349913,500.0
False,2016-07-03,7349913,500.0
False,2016-07-04,7349913,500.0
False,2016-07-05,7349913,500.0
False,2016-07-06,7349913,500.0
False,2016-07-07,7349913,500.0
False,2016-07-08,7349913,500.0
False,2016-07-09,7349913,500.0
False,2016-07-10,7349913,500.0
False,2016-07-11,7349913,500.0
False,2016-07-12,7349913,500.0
False,2016-07-13,7349913,500.0
False,2016-07-14,7349913,500.0
False,2016-07-15,7349913,500.0
False,2016-07-16,7349913,500.0
False,2016-07-17,7349913,500.0
False,2016-07-18,7349913,500.0
False,2016-07-19,7349913,500.0
False,2016-07-20,7349913,500.0
False,2016-07-21,7349913,500.0
False,2016-07-22,7349913,500.0
False,2016-07-23,7349913,500.0
False,2016-07-24,7349913,500.0
False,2016-07-25,7349913,500.0
False,2016-07-26,7349913,500.0
False,2016-07-27,7349913,500.0
False,2016-07-28,7349913,500.0
False,2016-07-29,7349913,500.0
False,2016-07-30,7349913,500.0
False,2016-07-31,7349913,500.0
False,2016-08-01,7349913,500.0
False,2016-08-02,7349913,500.0
False,2016-08-03,7349913,500.0
False,2016-08-04,7349913,500.0
False,2016-08-05,7349913,500.0
False,2016-08-06,7349913,500.0
False,2016-08-07,7349913,500.0
False,2016-08-08,7349913,500.0
False,2016-08-09,7349913,500.0
False,2016-08-10,7349913,500.0
False,2016-08-11,7349913,500.0
False,2016-08-12,7349913,500.0
False,2016-08-13,7349913,500.0
False,2016-08-14,7349913,500.0
False,2016-08-15,7349913,500.0
False,2016-08-16,7349913,500.0
False,2016-08-17,7349913,500.0
False,2016-08-18,7349913,500.0
False,2016-08-19,7349913,500.0
False,2016-08-20,7349913,500.0
False,2016-08-21,7349913,500.0
False,2016-08-22,7349913,500.0
False,2016-08-23,7349913,500.0
False,2016-08-24,7349913,500.0
False,2016-08-25,7349913,500.0
False,2016-08-26,7349913,500.0
False,2016-08-27,7349913,500.0
False,2016-08-28,7349913,500.0
False,2016-08-29,7349913,500.0
False,2016-08-30,7349913,500.0
False,2016-08-31,7349913,500.0
False,2016-09-01,7349913,500.0
False,2016-09-02,7349913,500.0
False,2016-09-03,7349913,500.0
True,2016-05-29,12739738,365.0
True,2016-05-30,12739738,365.0
True,2016-05-31,12739738,365.0
True,2016-06-01,12739738,365.0
True,2016-06-02,12739738,365.0
True,2016-06-03,12739738,365.0
False,2016-06-04,12739738,365.0
False,2016-06-05,12739738,365.0
False,2016-06-06,12739738,365.0
False,2016-06-07,12739738,365.0
False,2016-06-08,12739738,365.0
False,2016-06-09,12739738,365.0
False,2016-06-10,12739738,365.0
False,2016-06-11,12739738,365.0
True,2016-06-12,12739738,365.0
True,2016-06-13,12739738,355.0
False,2016-06-14,12739738,355.0
False,2016-06-15,12739738,355.0
False,2016-06-16,12739738,355.0
False,2016-06-17,12739738,355.0
True,2016-06-18,12739738,355.0
True,2016-06-19,12739738,365.0
True,2016-06-20,12739738,365.0
False,2016-06-21,12739738,365.0
False,2016-06-22,12739738,365.0
False,2016-06-23,12739738,365.0
False,2016-06-24,12739738,365.0
False,2016-06-25,12739738,365.0
True,2016-06-26,12739738,365.0
True,2016-06-27,12739738,365.0
True,2016-06-28,12739738,365.0
False,2016-06-29,12739738,365.0
False,2016-06-30,12739738,365.0
False,2016-07-01,12739738,365.0
False,2016-07-02,12739738,365.0
False,2016-07-03,12739738,365.0
False,2016-07-04,12739738,365.0
True,2016-07-05,12739738,365.0
True,2016-07-06,12739738,365.0
True,2016-07-07,12739738,365.0
True,2016-07-08,12739738,365.0
False,2016-07-09,12739738,365.0
False,2016-07-10,12739738,365.0
False,2016-07-11,12739738,365.0
False,2016-07-12,12739738,365.0
False,2016-07-13,12739738,365.0
False,2016-07-14,12739738,365.0
False,2016-07-15,12739738,365.0
False,2016-07-16,12739738,365.0
False,2016-07-17,12739738,365.0
False,2016-07-18,12739738,365.0
False,2016-07-19,12739738,365.0
False,2016-07-20,12739738,365.0
False,2016-07-21,12739738,365.0
False,2016-07-22,12739738,365.0
False,2016-07-23,12739738,365.0
False,2016-07-24,12739738,365.0
False,2016-07-25,12739738,365.0
False,2016-07-26,12739738,365.0
False,2016-07-27,12739738,365.0
False,2016-07-28,12739738,365.0
False,2016-07-29,12739738,365.0
False,2016-07-30,12739738,365.0
False,2016-07-31,12739738,365.0
False,2016-08-01,12739738,365.0
True,2016-08-02,12739738,365.0
False,2016-08-03,12739738,365.0
False,2016-08-04,12739738,355.0
False,2016-08-05,12739738,355.0
True,2016-08-06,12739738,355.0
True,2016-08-07,12739738,365.0
False,2016-08-08,12739738,365.0
False,2016-08-09,12739738,365.0
False,2016-08-10,12739738,365.0
False,2016-08-11,12739738,365.0
False,2016-08-12,12739738,365.0
False,2016-08-13,12739738,365.0
False,2016-08-14,12739738,365.0
False,2016-08-15,12739738,365.0
False,2016-08-16,12739738,365.0
False,2016-08-17,12739738,365.0
False,2016-08-18,12739738,365.0
False,2016-08-19,12739738,365.0
False,2016-08-20,12739738,365.0
False,2016-08-21,12739738,365.0
False,2016-08-22,12739738,365.0
False,2016-08-23,12739738,365.0
False,2016-08-24,12739738,365.0
False,2016-08-25,12739738,365.0
True,2016-08-26,12739738,365.0
True,2016-08-27,12739738,365.0
True,2016-08-28,12739738,365.0
True,2016-08-29,12739738,365.0
True,2016-08-30,12739738,365.0
True,2016-08-31,12739738,365.0
False,2016-09-01,12739738,365.0
False,2016-09-02,12739738,365.0
False,2016-09-03,12739738,365.0
False,2016-05-29,8456859,150.0
False,2016-05-30,8456859,150.0
False,2016-05-31,8456859,150.0
False,2016-06-01,8456859,161.0
False,2016-06-02,8456859,150.0
False,2016-06-03,8456859,150.0
False,2016-06-04,8456859,150.0
False,2016-06-05,8456859,150.0
False,2016-06-06,8456859,150.0
False,2016-06-07,8456859,150.0
False,2016-06-08,8456859,150.0
False,2016-06-09,8456859,150.0
False,2016-06-10,8456859,150.0
False,2016-06-11,8456859,150.0
False,2016-06-12,8456859,150.0
False,2016-06-13,8456859,150.0
False,2016-06-14,8456859,150.0
False,2016-06-15,8456859,150.0
False,2016-06-16,8456859,150.0
False,2016-06-17,8456859,163.0
False,2016-06-18,8456859,163.0
False,2016-06-19,8456859,150.0
False,2016-06-20,8456859,150.0
False,2016-06-21,8456859,150.0
False,2016-06-22,8456859,150.0
False,2016-06-23,8456859,150.0
False,2016-06-24,8456859,165.0
False,2016-06-25,8456859,165.0
False,2016-06-26,8456859,150.0
False,2016-06-27,8456859,150.0
True,2016-06-28,8456859,150.0
False,2016-06-29,8456859,150.0
False,2016-06-30,8456859,150.0
False,2016-07-01,8456859,150.0
False,2016-07-02,8456859,150.0
False,2016-07-03,8456859,200.0
False,2016-07-04,8456859,200.0
False,2016-07-05,8456859,150.0
False,2016-07-06,8456859,150.0
False,2016-07-07,8456859,150.0
False,2016-07-08,8456859,150.0
True,2016-07-09,8456859,150.0
False,2016-07-10,8456859,150.0
False,2016-07-11,8456859,150.0
False,2016-07-12,8456859,150.0
False,2016-07-13,8456859,150.0
False,2016-07-14,8456859,150.0
True,2016-07-15,8456859,150.0
False,2016-07-16,8456859,150.0
False,2016-07-17,8456859,150.0
False,2016-07-18,8456859,150.0
False,2016-07-19,8456859,150.0
False,2016-07-20,8456859,150.0
False,2016-07-21,8456859,150.0
False,2016-07-22,8456859,150.0
False,2016-07-23,8456859,150.0
False,2016-07-24,8456859,150.0
False,2016-07-25,8456859,150.0
False,2016-07-26,8456859,150.0
False,2016-07-27,8456859,150.0
False,2016-07-28,8456859,150.0
False,2016-07-29,8456859,150.0
False,2016-07-30,8456859,150.0
False,2016-07-31,8456859,150.0
False,2016-08-01,8456859,150.0
False,2016-08-02,8456859,150.0
False,2016-08-03,8456859,150.0
False,2016-08-04,8456859,150.0
False,2016-08-05,8456859,150.0
False,2016-08-06,8456859,150.0
False,2016-08-07,8456859,150.0
False,2016-08-08,8456859,150.0
False,2016-08-09,8456859,150.0
False,2016-08-10,8456859,150.0
False,2016-08-11,8456859,150.0
False,2016-08-12,8456859,150.0
False,2016-08-13,8456859,150.0
False,2016-08-14,8456859,150.0
False,2016-08-15,8456859,150.0
False,2016-08-16,8456859,150.0
False,2016-08-17,8456859,150.0
False,2016-08-18,8456859,150.0
False,2016-08-19,8456859,150.0
False,2016-08-20,8456859,150.0
False,2016-08-21,8456859,150.0
True,2016-08-22,8456859,150.0
False,2016-08-23,8456859,150.0
False,2016-08-24,8456859,150.0
False,2016-08-25,8456859,150.0
False,2016-08-26,8456859,150.0
False,2016-08-27,8456859,150.0
False,2016-08-28,8456859,150.0
False,2016-08-29,8456859,150.0
False,2016-08-30,8456859,150.0
False,2016-08-31,8456859,150.0
False,2016-09-01,8456859,150.0
False,2016-09-02,8456859,150.0
False,2016-09-03,8456859,150.0
False,2016-05-29,1462428,217.0
False,2016-05-30,1462428,201.0
False,2016-05-31,1462428,200.0
False,2016-06-01,1462428,205.0
True,2016-06-02,1462428,171.0
False,2016-06-03,1462428,226.0
False,2016-06-04,1462428,229.0
True,2016-06-05,1462428,172.0
False,2016-06-06,1462428,180.0
False,2016-06-07,1462428,187.0
True,2016-06-08,1462428,177.0
False,2016-06-09,1462428,190.0
False,2016-06-10,1462428,200.0
False,2016-06-11,1462428,210.0
False,2016-06-12,1462428,195.0
True,2016-06-13,1462428,154.0
False,2016-06-14,1462428,160.0
False,2016-06-15,1462428,167.0
False,2016-06-16,1462428,174.0
False,2016-06-17,1462428,175.0
False,2016-06-18,1462428,179.0
False,2016-06-19,1462428,169.0
False,2016-06-20,1462428,167.0
False,2016-06-21,1462428,170.0
False,2016-06-22,1462428,179.0
False,2016-06-23,1462428,199.0
False,2016-06-24,1462428,217.0
False,2016-06-25,1462428,220.0
False,2016-06-26,1462428,211.0
False,2016-06-27,1462428,155.0
False,2016-06-28,1462428,157.0
True,2016-06-29,1462428,155.0
True,2016-06-30,1462428,158.0
True,2016-07-01,1462428,169.0
False,2016-07-02,1462428,170.0
False,2016-07-03,1462428,161.0
True,2016-07-04,1462428,154.0
True,2016-07-05,1462428,152.0
False,2016-07-06,1462428,173.0
False,2016-07-07,1462428,179.0
False,2016-07-08,1462428,194.0
False,2016-07-09,1462428,199.0
False,2016-07-10,1462428,193.0
False,2016-07-11,1462428,192.0
False,2016-07-12,1462428,207.0
False,2016-07-13,1462428,210.0
False,2016-07-14,1462428,216.0
False,2016-07-15,1462428,199.0
False,2016-07-16,1462428,199.0
False,2016-07-17,1462428,199.0
False,2016-07-18,1462428,199.0
False,2016-07-19,1462428,199.0
False,2016-07-20,1462428,199.0
False,2016-07-21,1462428,199.0
False,2016-07-22,1462428,199.0
False,2016-07-23,1462428,199.0
False,2016-07-24,1462428,199.0
False,2016-07-25,1462428,199.0
False,2016-07-26,1462428,199.0
False,2016-07-27,1462428,199.0
False,2016-07-28,1462428,199.0
False,2016-07-29,1462428,199.0
False,2016-07-30,1462428,199.0
False,2016-07-31,1462428,199.0
False,2016-08-01,1462428,199.0
False,2016-08-02,1462428,199.0
False,2016-08-03,1462428,199.0
False,2016-08-04,1462428,199.0
False,2016-08-05,1462428,199.0
False,2016-08-06,1462428,199.0
False,2016-08-07,1462428,199.0
False,2016-08-08,1462428,199.0
False,2016-08-09,1462428,199.0
False,2016-08-10,1462428,199.0
False,2016-08-11,1462428,199.0
False,2016-08-12,1462428,199.0
False,2016-08-13,1462428,199.0
False,2016-08-14,1462428,199.0
False,2016-08-15,1462428,199.0
False,2016-08-16,1462428,199.0
False,2016-08-17,1462428,199.0
False,2016-08-18,1462428,199.0
False,2016-08-19,1462428,199.0
False,2016-08-20,1462428,199.0
False,2016-08-21,1462428,199.0
False,2016-08-22,1462428,199.0
False,2016-08-23,1462428,199.0
False,2016-08-24,1462428,199.0
False,2016-08-25,1462428,199.0
False,2016-08-26,1462428,199.0
False,2016-08-27,1462428,199.0
False,2016-08-28,1462428,199.0
False,2016-08-29,1462428,199.0
False,2016-08-30,1462428,199.0
False,2016-08-31,1462428,199.0
False,2016-09-01,1462428,199.0
False,2016-09-02,1462428,199.0
False,2016-09-03,1462428,199.0
True,2016-05-29,6587037,170.0
True,2016-05-30,6587037,170.0
True,2016-05-31,6587037,170.0
True,2016-06-01,6587037,170.0
True,2016-06-02,6587037,170.0
True,2016-06-03,6587037,235.0
True,2016-06-04,6587037,235.0
True,2016-06-05,6587037,170.0
False,2016-06-06,6587037,170.0
False,2016-06-07,6587037,170.0
False,2016-06-08,6587037,170.0
False,2016-06-09,6587037,170.0
False,2016-06-10,6587037,170.0
False,2016-06-11,6587037,170.0
False,2016-06-12,6587037,170.0
False,2016-06-13,6587037,170.0
False,2016-06-14,6587037,170.0
False,2016-06-15,6587037,170.0
False,2016-06-16,6587037,170.0
False,2016-06-17,6587037,170.0
False,2016-06-18,6587037,170.0
False,2016-06-19,6587037,170.0
False,2016-06-20,6587037,170.0
False,2016-06-21,6587037,170.0
False,2016-06-22,6587037,170.0
False,2016-06-23,6587037,170.0
False,2016-06-24,6587037,235.0
False,2016-06-25,6587037,235.0
False,2016-06-26,6587037,170.0
True,2016-06-27,6587037,165.0
False,2016-06-28,6587037,165.0
False,2016-06-29,6587037,165.0
False,2016-06-30,6587037,165.0
False,2016-07-01,6587037,235.0
False,2016-07-02,6587037,235.0
False,2016-07-03,6587037,235.0
True,2016-07-04,6587037,235.0
True,2016-07-05,6587037,170.0
True,2016-07-06,6587037,170.0
False,2016-07-07,6587037,170.0
False,2016-07-08,6587037,235.0
False,2016-07-09,6587037,235.0
True,2016-07-10,6587037,170.0
True,2016-07-11,6587037,170.0
False,2016-07-12,6587037,170.0
False,2016-07-13,6587037,170.0
False,2016-07-14,6587037,170.0
True,2016-07-15,6587037,195.0
True,2016-07-16,6587037,185.0
True,2016-07-17,6587037,170.0
True,2016-07-18,6587037,170.0
False,2016-07-19,6587037,173.0
False,2016-07-20,6587037,173.0
False,2016-07-21,6587037,180.0
True,2016-07-22,6587037,225.0
False,2016-07-23,6587037,225.0
False,2016-07-24,6587037,170.0
True,2016-07-25,6587037,170.0
False,2016-07-26,6587037,170.0
False,2016-07-27,6587037,170.0
False,2016-07-28,6587037,170.0
False,2016-07-29,6587037,235.0
True,2016-07-30,6587037,225.0
False,2016-07-31,6587037,170.0
False,2016-08-01,6587037,170.0
False,2016-08-02,6587037,170.0
False,2016-08-03,6587037,170.0
False,2016-08-04,6587037,170.0
True,2016-08-05,6587037,200.0
True,2016-08-06,6587037,200.0
False,2016-08-07,6587037,350.0
False,2016-08-08,6587037,170.0
False,2016-08-09,6587037,170.0
True,2016-08-10,6587037,180.0
False,2016-08-11,6587037,177.0
False,2016-08-12,6587037,235.0
False,2016-08-13,6587037,235.0
False,2016-08-14,6587037,172.0
False,2016-08-15,6587037,172.0
True,2016-08-16,6587037,170.0
True,2016-08-17,6587037,170.0
False,2016-08-18,6587037,216.0
False,2016-08-19,6587037,235.0
False,2016-08-20,6587037,235.0
False,2016-08-21,6587037,215.0
False,2016-08-22,6587037,212.0
False,2016-08-23,6587037,204.0
True,2016-08-24,6587037,170.0
False,2016-08-25,6587037,170.0
False,2016-08-26,6587037,235.0
False,2016-08-27,6587037,235.0
True,2016-08-28,6587037,170.0
True,2016-08-29,6587037,170.0
True,2016-08-30,6587037,170.0
False,2016-08-31,6587037,170.0
False,2016-09-01,6587037,170.0
False,2016-09-02,6587037,235.0
True,2016-09-03,6587037,225.0
False,2016-05-29,12673183,207.0
False,2016-05-30,12673183,200.0
False,2016-05-31,12673183,200.0
False,2016-06-01,12673183,200.0
False,2016-06-02,12673183,200.0
False,2016-06-03,12673183,200.0
False,2016-06-04,12673183,200.0
False,2016-06-05,12673183,200.0
False,2016-06-06,12673183,200.0
False,2016-06-07,12673183,200.0
False,2016-06-08,12673183,200.0
False,2016-06-09,12673183,200.0
False,2016-06-10,12673183,200.0
False,2016-06-11,12673183,200.0
False,2016-06-12,12673183,200.0
False,2016-06-13,12673183,200.0
False,2016-06-14,12673183,200.0
False,2016-06-15,12673183,200.0
False,2016-06-16,12673183,200.0
False,2016-06-17,12673183,200.0
False,2016-06-18,12673183,200.0
False,2016-06-19,12673183,200.0
False,2016-06-20,12673183,200.0
False,2016-06-21,12673183,200.0
False,2016-06-22,12673183,200.0
False,2016-06-23,12673183,200.0
False,2016-06-24,12673183,200.0
False,2016-06-25,12673183,200.0
False,2016-06-26,12673183,200.0
False,2016-06-27,12673183,200.0
False,2016-06-28,12673183,200.0
False,2016-06-29,12673183,200.0
False,2016-06-30,12673183,200.0
False,2016-07-01,12673183,200.0
False,2016-07-02,12673183,350.0
False,2016-07-03,12673183,350.0
False,2016-07-04,12673183,200.0
False,2016-07-05,12673183,200.0
False,2016-07-06,12673183,200.0
False,2016-07-07,12673183,200.0
False,2016-07-08,12673183,200.0
False,2016-07-09,12673183,200.0
False,2016-07-10,12673183,200.0
False,2016-07-11,12673183,200.0
False,2016-07-12,12673183,200.0
False,2016-07-13,12673183,200.0
False,2016-07-14,12673183,200.0
False,2016-07-15,12673183,200.0
False,2016-07-16,12673183,200.0
False,2016-07-17,12673183,200.0
False,2016-07-18,12673183,203.0
False,2016-07-19,12673183,206.0
False,2016-07-20,12673183,208.0
False,2016-07-21,12673183,213.0
False,2016-07-22,12673183,219.0
False,2016-07-23,12673183,221.0
False,2016-07-24,12673183,228.0
False,2016-07-25,12673183,231.0
False,2016-07-26,12673183,233.0
False,2016-07-27,12673183,234.0
False,2016-07-28,12673183,237.0
False,2016-07-29,12673183,238.0
False,2016-07-30,12673183,241.0
False,2016-07-31,12673183,242.0
False,2016-08-01,12673183,243.0
False,2016-08-02,12673183,246.0
False,2016-08-03,12673183,246.0
False,2016-08-04,12673183,248.0
False,2016-08-05,12673183,257.0
False,2016-08-06,12673183,257.0
False,2016-08-07,12673183,253.0
False,2016-08-08,12673183,254.0
False,2016-08-09,12673183,254.0
False,2016-08-10,12673183,254.0
False,2016-08-11,12673183,254.0
False,2016-08-12,12673183,300.0
False,2016-08-13,12673183,300.0
False,2016-08-14,12673183,255.0
False,2016-08-15,12673183,255.0
False,2016-08-16,12673183,255.0
False,2016-08-17,12673183,256.0
False,2016-08-18,12673183,256.0
False,2016-08-19,12673183,255.0
False,2016-08-20,12673183,256.0
False,2016-08-21,12673183,255.0
False,2016-08-22,12673183,252.0
False,2016-08-23,12673183,252.0
False,2016-08-24,12673183,253.0
False,2016-08-25,12673183,253.0
False,2016-08-26,12673183,252.0
False,2016-08-27,12673183,252.0
False,2016-08-28,12673183,253.0
False,2016-08-29,12673183,249.0
False,2016-08-30,12673183,249.0
False,2016-08-31,12673183,249.0
False,2016-09-01,12673183,254.0
False,2016-09-02,12673183,254.0
False,2016-09-03,12673183,254.0
False,2016-05-29,7344289,500.0
False,2016-05-30,7344289,350.0
False,2016-05-31,7344289,350.0
False,2016-06-01,7344289,350.0
False,2016-06-02,7344289,350.0
False,2016-06-03,7344289,450.0
False,2016-06-04,7344289,450.0
False,2016-06-05,7344289,350.0
False,2016-06-06,7344289,350.0
False,2016-06-07,7344289,350.0
False,2016-06-08,7344289,350.0
False,2016-06-09,7344289,350.0
False,2016-06-10,7344289,450.0
False,2016-06-11,7344289,450.0
False,2016-06-12,7344289,350.0
False,2016-06-13,7344289,350.0
False,2016-06-14,7344289,300.0
False,2016-06-15,7344289,350.0
False,2016-06-16,7344289,350.0
False,2016-06-17,7344289,450.0
False,2016-06-18,7344289,450.0
False,2016-06-19,7344289,375.0
False,2016-06-20,7344289,375.0
False,2016-06-21,7344289,350.0
False,2016-06-22,7344289,350.0
False,2016-06-23,7344289,200.0
False,2016-06-24,7344289,450.0
False,2016-06-25,7344289,450.0
False,2016-06-26,7344289,316.0
False,2016-06-27,7344289,250.0
False,2016-06-28,7344289,250.0
False,2016-06-29,7344289,300.0
False,2016-06-30,7344289,300.0
False,2016-07-01,7344289,350.0
False,2016-07-02,7344289,350.0
False,2016-07-03,7344289,240.0
False,2016-07-04,7344289,500.0
False,2016-07-05,7344289,350.0
False,2016-07-06,7344289,350.0
False,2016-07-07,7344289,350.0
False,2016-07-08,7344289,475.0
False,2016-07-09,7344289,475.0
False,2016-07-10,7344289,300.0
False,2016-07-11,7344289,300.0
False,2016-07-12,7344289,375.0
False,2016-07-13,7344289,350.0
False,2016-07-14,7344289,350.0
False,2016-07-15,7344289,450.0
False,2016-07-16,7344289,450.0
False,2016-07-17,7344289,350.0
False,2016-07-18,7344289,300.0
False,2016-07-19,7344289,300.0
False,2016-07-20,7344289,300.0
False,2016-07-21,7344289,300.0
False,2016-07-22,7344289,350.0
False,2016-07-23,7344289,350.0
False,2016-07-24,7344289,350.0
False,2016-07-25,7344289,300.0
False,2016-07-26,7344289,300.0
False,2016-07-27,7344289,300.0
False,2016-07-28,7344289,350.0
False,2016-07-29,7344289,450.0
False,2016-07-30,7344289,450.0
True,2016-07-31,7344289,350.0
False,2016-08-01,7344289,300.0
False,2016-08-02,7344289,300.0
False,2016-08-03,7344289,300.0
False,2016-08-04,7344289,300.0
False,2016-08-05,7344289,450.0
False,2016-08-06,7344289,450.0
False,2016-08-07,7344289,400.0
False,2016-08-08,7344289,400.0
False,2016-08-09,7344289,400.0
False,2016-08-10,7344289,400.0
False,2016-08-11,7344289,300.0
False,2016-08-12,7344289,350.0
False,2016-08-13,7344289,350.0
False,2016-08-14,7344289,300.0
False,2016-08-15,7344289,300.0
False,2016-08-16,7344289,300.0
False,2016-08-17,7344289,385.0
False,2016-08-18,7344289,422.0
True,2016-08-19,7344289,475.0
True,2016-08-20,7344289,475.0
True,2016-08-21,7344289,394.0
False,2016-08-22,7344289,407.0
False,2016-08-23,7344289,417.0
False,2016-08-24,7344289,417.0
False,2016-08-25,7344289,402.0
True,2016-08-26,7344289,475.0
False,2016-08-27,7344289,350.0
False,2016-08-28,7344289,300.0
False,2016-08-29,7344289,300.0
True,2016-08-30,7344289,400.0
True,2016-08-31,7344289,400.0
True,2016-09-01,7344289,400.0
False,2016-09-02,7344289,475.0
False,2016-09-03,7344289,475.0
False,2016-05-29,12304321,220.0
False,2016-05-30,12304321,220.0
False,2016-05-31,12304321,220.0
True,2016-06-01,12304321,300.0
False,2016-06-02,12304321,300.0
False,2016-06-03,12304321,300.0
False,2016-06-04,12304321,300.0
True,2016-06-05,12304321,300.0
False,2016-06-06,12304321,300.0
False,2016-06-07,12304321,300.0
False,2016-06-08,12304321,300.0
False,2016-06-09,12304321,300.0
False,2016-06-10,12304321,300.0
False,2016-06-11,12304321,300.0
False,2016-06-12,12304321,300.0
False,2016-06-13,12304321,300.0
False,2016-06-14,12304321,300.0
False,2016-06-15,12304321,300.0
False,2016-06-16,12304321,300.0
False,2016-06-17,12304321,300.0
False,2016-06-18,12304321,300.0
False,2016-06-19,12304321,300.0
False,2016-06-20,12304321,300.0
False,2016-06-21,12304321,250.0
False,2016-06-22,12304321,250.0
True,2016-06-23,12304321,250.0
False,2016-06-24,12304321,300.0
False,2016-06-25,12304321,300.0
False,2016-06-26,12304321,300.0
False,2016-06-27,12304321,300.0
False,2016-06-28,12304321,300.0
False,2016-06-29,12304321,300.0
False,2016-06-30,12304321,300.0
False,2016-07-01,12304321,300.0
False,2016-07-02,12304321,300.0
False,2016-07-03,12304321,300.0
False,2016-07-04,12304321,300.0
False,2016-07-05,12304321,300.0
False,2016-07-06,12304321,300.0
False,2016-07-07,12304321,300.0
True,2016-07-08,12304321,300.0
True,2016-07-09,12304321,300.0
False,2016-07-10,12304321,300.0
False,2016-07-11,12304321,300.0
True,2016-07-12,12304321,300.0
False,2016-07-13,12304321,300.0
False,2016-07-14,12304321,300.0
False,2016-07-15,12304321,300.0
False,2016-07-16,12304321,300.0
False,2016-07-17,12304321,300.0
False,2016-07-18,12304321,300.0
False,2016-07-19,12304321,300.0
False,2016-07-20,12304321,300.0
True,2016-07-21,12304321,300.0
False,2016-07-22,12304321,300.0
False,2016-07-23,12304321,300.0
False,2016-07-24,12304321,300.0
False,2016-07-25,12304321,300.0
False,2016-07-26,12304321,300.0
False,2016-07-27,12304321,300.0
False,2016-07-28,12304321,300.0
True,2016-07-29,12304321,300.0
False,2016-07-30,12304321,300.0
False,2016-07-31,12304321,300.0
False,2016-08-01,12304321,300.0
False,2016-08-02,12304321,300.0
False,2016-08-03,12304321,300.0
False,2016-08-04,12304321,300.0
False,2016-08-05,12304321,300.0
False,2016-08-06,12304321,300.0
False,2016-08-07,12304321,300.0
False,2016-08-08,12304321,300.0
False,2016-08-09,12304321,300.0
False,2016-08-10,12304321,250.0
False,2016-08-11,12304321,250.0
False,2016-08-12,12304321,250.0
False,2016-08-13,12304321,250.0
True,2016-08-14,12304321,250.0
True,2016-08-15,12304321,250.0
True,2016-08-16,12304321,250.0
False,2016-08-17,12304321,250.0
False,2016-08-18,12304321,250.0
False,2016-08-19,12304321,300.0
False,2016-08-20,12304321,300.0
False,2016-08-21,12304321,300.0
False,2016-08-22,12304321,300.0
False,2016-08-23,12304321,300.0
False,2016-08-24,12304321,300.0
False,2016-08-25,12304321,300.0
True,2016-08-26,12304321,240.0
True,2016-08-27,12304321,240.0
True,2016-08-28,12304321,240.0
False,2016-08-29,12304321,240.0
False,2016-08-30,12304321,240.0
True,2016-08-31,12304321,240.0
True,2016-09-01,12304321,240.0
True,2016-09-02,12304321,240.0
True,2016-09-03,12304321,240.0
False,2016-05-29,6923940,190.0
False,2016-05-30,6923940,190.0
False,2016-05-31,6923940,190.0
False,2016-06-01,6923940,190.0
False,2016-06-02,6923940,190.0
False,2016-06-03,6923940,210.0
False,2016-06-04,6923940,210.0
True,2016-06-05,6923940,190.0
True,2016-06-06,6923940,190.0
False,2016-06-07,6923940,190.0
False,2016-06-08,6923940,190.0
False,2016-06-09,6923940,190.0
False,2016-06-10,6923940,210.0
True,2016-06-11,6923940,210.0
False,2016-06-12,6923940,190.0
False,2016-06-13,6923940,190.0
False,2016-06-14,6923940,190.0
False,2016-06-15,6923940,190.0
False,2016-06-16,6923940,190.0
False,2016-06-17,6923940,190.0
False,2016-06-18,6923940,190.0
False,2016-06-19,6923940,190.0
False,2016-06-20,6923940,190.0
False,2016-06-21,6923940,190.0
False,2016-06-22,6923940,190.0
False,2016-06-23,6923940,190.0
False,2016-06-24,6923940,190.0
False,2016-06-25,6923940,190.0
False,2016-06-26,6923940,190.0
False,2016-06-27,6923940,190.0
False,2016-06-28,6923940,190.0
False,2016-06-29,6923940,190.0
False,2016-06-30,6923940,190.0
True,2016-07-01,6923940,210.0
False,2016-07-02,6923940,210.0
False,2016-07-03,6923940,210.0
True,2016-07-04,6923940,210.0
False,2016-07-05,6923940,190.0
False,2016-07-06,6923940,190.0
False,2016-07-07,6923940,190.0
False,2016-07-08,6923940,190.0
False,2016-07-09,6923940,190.0
False,2016-07-10,6923940,190.0
False,2016-07-11,6923940,190.0
False,2016-07-12,6923940,190.0
False,2016-07-13,6923940,190.0
False,2016-07-14,6923940,190.0
False,2016-07-15,6923940,190.0
False,2016-07-16,6923940,190.0
False,2016-07-17,6923940,190.0
False,2016-07-18,6923940,190.0
False,2016-07-19,6923940,190.0
False,2016-07-20,6923940,190.0
False,2016-07-21,6923940,190.0
False,2016-07-22,6923940,190.0
False,2016-07-23,6923940,190.0
False,2016-07-24,6923940,190.0
False,2016-07-25,6923940,190.0
False,2016-07-26,6923940,190.0
False,2016-07-27,6923940,190.0
False,2016-07-28,6923940,190.0
False,2016-07-29,6923940,190.0
False,2016-07-30,6923940,190.0
False,2016-07-31,6923940,190.0
False,2016-08-01,6923940,190.0
False,2016-08-02,6923940,190.0
False,2016-08-03,6923940,190.0
False,2016-08-04,6923940,190.0
False,2016-08-05,6923940,190.0
False,2016-08-06,6923940,190.0
False,2016-08-07,6923940,190.0
False,2016-08-08,6923940,190.0
False,2016-08-09,6923940,190.0
False,2016-08-10,6923940,190.0
False,2016-08-11,6923940,190.0
False,2016-08-12,6923940,190.0
False,2016-08-13,6923940,190.0
False,2016-08-14,6923940,190.0
False,2016-08-15,6923940,190.0
False,2016-08-16,6923940,190.0
False,2016-08-17,6923940,190.0
False,2016-08-18,6923940,190.0
False,2016-08-19,6923940,190.0
False,2016-08-20,6923940,190.0
False,2016-08-21,6923940,190.0
False,2016-08-22,6923940,190.0
False,2016-08-23,6923940,190.0
False,2016-08-24,6923940,190.0
False,2016-08-25,6923940,190.0
False,2016-08-26,6923940,190.0
False,2016-08-27,6923940,190.0
False,2016-08-28,6923940,190.0
False,2016-08-29,6923940,190.0
False,2016-08-30,6923940,190.0
False,2016-08-31,6923940,190.0
False,2016-09-01,6923940,190.0
False,2016-09-02,6923940,190.0
False,2016-09-03,6923940,190.0
False,2016-05-29,8488103,275.0
False,2016-05-30,8488103,275.0
False,2016-05-31,8488103,275.0
False,2016-06-01,8488103,275.0
False,2016-06-02,8488103,275.0
False,2016-06-03,8488103,325.0
False,2016-06-04,8488103,325.0
False,2016-06-05,8488103,275.0
False,2016-06-06,8488103,275.0
False,2016-06-07,8488103,275.0
False,2016-06-08,8488103,275.0
False,2016-06-09,8488103,275.0
False,2016-06-10,8488103,325.0
True,2016-06-11,8488103,325.0
True,2016-06-12,8488103,275.0
False,2016-06-13,8488103,275.0
False,2016-06-14,8488103,275.0
False,2016-06-15,8488103,275.0
False,2016-06-16,8488103,275.0
False,2016-06-17,8488103,325.0
False,2016-06-18,8488103,325.0
False,2016-06-19,8488103,275.0
False,2016-06-20,8488103,275.0
False,2016-06-21,8488103,275.0
False,2016-06-22,8488103,275.0
False,2016-06-23,8488103,275.0
True,2016-06-24,8488103,375.0
True,2016-06-25,8488103,375.0
True,2016-06-26,8488103,375.0
True,2016-06-27,8488103,375.0
False,2016-06-28,8488103,275.0
True,2016-06-29,8488103,275.0
False,2016-06-30,8488103,275.0
False,2016-07-01,8488103,325.0
False,2016-07-02,8488103,325.0
False,2016-07-03,8488103,275.0
False,2016-07-04,8488103,275.0
True,2016-07-05,8488103,275.0
False,2016-07-06,8488103,275.0
False,2016-07-07,8488103,275.0
False,2016-07-08,8488103,325.0
False,2016-07-09,8488103,325.0
False,2016-07-10,8488103,275.0
False,2016-07-11,8488103,275.0
False,2016-07-12,8488103,275.0
False,2016-07-13,8488103,275.0
False,2016-07-14,8488103,275.0
False,2016-07-15,8488103,325.0
True,2016-07-16,8488103,325.0
True,2016-07-17,8488103,275.0
False,2016-07-18,8488103,275.0
False,2016-07-19,8488103,275.0
False,2016-07-20,8488103,275.0
False,2016-07-21,8488103,275.0
True,2016-07-22,8488103,325.0
True,2016-07-23,8488103,325.0
False,2016-07-24,8488103,275.0
False,2016-07-25,8488103,275.0
False,2016-07-26,8488103,275.0
False,2016-07-27,8488103,275.0
False,2016-07-28,8488103,275.0
False,2016-07-29,8488103,325.0
False,2016-07-30,8488103,325.0
False,2016-07-31,8488103,275.0
False,2016-08-01,8488103,275.0
False,2016-08-02,8488103,275.0
False,2016-08-03,8488103,275.0
False,2016-08-04,8488103,275.0
False,2016-08-05,8488103,325.0
False,2016-08-06,8488103,325.0
False,2016-08-07,8488103,275.0
False,2016-08-08,8488103,275.0
False,2016-08-09,8488103,275.0
True,2016-08-10,8488103,275.0
False,2016-08-11,8488103,275.0
False,2016-08-12,8488103,325.0
False,2016-08-13,8488103,325.0
True,2016-08-14,8488103,275.0
False,2016-08-15,8488103,275.0
False,2016-08-16,8488103,275.0
False,2016-08-17,8488103,275.0
False,2016-08-18,8488103,275.0
False,2016-08-19,8488103,325.0
True,2016-08-20,8488103,325.0
True,2016-08-21,8488103,275.0
True,2016-08-22,8488103,275.0
True,2016-08-23,8488103,275.0
True,2016-08-24,8488103,275.0
True,2016-08-25,8488103,275.0
True,2016-08-26,8488103,325.0
True,2016-08-27,8488103,325.0
True,2016-08-28,8488103,275.0
True,2016-08-29,8488103,275.0
True,2016-08-30,8488103,275.0
True,2016-08-31,8488103,275.0
False,2016-09-01,8488103,275.0
False,2016-09-02,8488103,325.0
False,2016-09-03,8488103,325.0
False,2016-05-29,13415594,150.0
False,2016-05-30,13415594,150.0
False,2016-05-31,13415594,150.0
False,2016-06-01,13415594,150.0
False,2016-06-02,13415594,150.0
False,2016-06-03,13415594,150.0
False,2016-06-04,13415594,150.0
False,2016-06-05,13415594,150.0
False,2016-06-06,13415594,150.0
False,2016-06-07,13415594,150.0
False,2016-06-08,13415594,150.0
False,2016-06-09,13415594,150.0
False,2016-06-10,13415594,150.0
False,2016-06-11,13415594,150.0
False,2016-06-12,13415594,150.0
False,2016-06-13,13415594,150.0
False,2016-06-14,13415594,150.0
False,2016-06-15,13415594,150.0
False,2016-06-16,13415594,150.0
False,2016-06-17,13415594,150.0
False,2016-06-18,13415594,150.0
False,2016-06-19,13415594,150.0
False,2016-06-20,13415594,150.0
False,2016-06-21,13415594,150.0
False,2016-06-22,13415594,150.0
False,2016-06-23,13415594,150.0
False,2016-06-24,13415594,150.0
False,2016-06-25,13415594,150.0
False,2016-06-26,13415594,150.0
False,2016-06-27,13415594,150.0
False,2016-06-28,13415594,150.0
True,2016-06-29,13415594,150.0
False,2016-06-30,13415594,150.0
False,2016-07-01,13415594,150.0
False,2016-07-02,13415594,150.0
False,2016-07-03,13415594,150.0
False,2016-07-04,13415594,150.0
False,2016-07-05,13415594,150.0
False,2016-07-06,13415594,150.0
False,2016-07-07,13415594,150.0
False,2016-07-08,13415594,150.0
False,2016-07-09,13415594,150.0
False,2016-07-10,13415594,150.0
False,2016-07-11,13415594,150.0
False,2016-07-12,13415594,150.0
False,2016-07-13,13415594,150.0
False,2016-07-14,13415594,150.0
False,2016-07-15,13415594,150.0
False,2016-07-16,13415594,150.0
False,2016-07-17,13415594,150.0
False,2016-07-18,13415594,150.0
False,2016-07-19,13415594,150.0
False,2016-07-20,13415594,150.0
False,2016-07-21,13415594,150.0
False,2016-07-22,13415594,150.0
False,2016-07-23,13415594,150.0
False,2016-07-24,13415594,150.0
False,2016-07-25,13415594,150.0
False,2016-07-26,13415594,150.0
False,2016-07-27,13415594,150.0
False,2016-07-28,13415594,150.0
False,2016-07-29,13415594,150.0
False,2016-07-30,13415594,150.0
False,2016-07-31,13415594,150.0
False,2016-08-01,13415594,150.0
False,2016-08-02,13415594,150.0
False,2016-08-03,13415594,150.0
False,2016-08-04,13415594,150.0
False,2016-08-05,13415594,150.0
False,2016-08-06,13415594,150.0
False,2016-08-07,13415594,150.0
False,2016-08-08,13415594,150.0
False,2016-08-09,13415594,150.0
False,2016-08-10,13415594,150.0
False,2016-08-11,13415594,150.0
False,2016-08-12,13415594,150.0
False,2016-08-13,13415594,150.0
False,2016-08-14,13415594,150.0
False,2016-08-15,13415594,150.0
False,2016-08-16,13415594,150.0
False,2016-08-17,13415594,150.0
False,2016-08-18,13415594,150.0
False,2016-08-19,13415594,150.0
False,2016-08-20,13415594,150.0
False,2016-08-21,13415594,150.0
False,2016-08-22,13415594,150.0
False,2016-08-23,13415594,150.0
False,2016-08-24,13415594,150.0
False,2016-08-25,13415594,150.0
False,2016-08-26,13415594,150.0
False,2016-08-27,13415594,150.0
False,2016-08-28,13415594,150.0
False,2016-08-29,13415594,150.0
False,2016-08-30,13415594,150.0
False,2016-08-31,13415594,150.0
False,2016-09-01,13415594,150.0
False,2016-09-02,13415594,150.0
False,2016-09-03,13415594,150.0
True,2016-05-29,13282475,150.0
False,2016-05-30,13282475,150.0
False,2016-05-31,13282475,150.0
False,2016-06-01,13282475,150.0
False,2016-06-02,13282475,150.0
False,2016-06-03,13282475,150.0
False,2016-06-04,13282475,150.0
False,2016-06-05,13282475,150.0
False,2016-06-06,13282475,150.0
False,2016-06-07,13282475,150.0
False,2016-06-08,13282475,150.0
False,2016-06-09,13282475,150.0
False,2016-06-10,13282475,150.0
False,2016-06-11,13282475,150.0
False,2016-06-12,13282475,150.0
False,2016-06-13,13282475,150.0
False,2016-06-14,13282475,150.0
False,2016-06-15,13282475,150.0
False,2016-06-16,13282475,150.0
False,2016-06-17,13282475,150.0
False,2016-06-18,13282475,150.0
False,2016-06-19,13282475,150.0
False,2016-06-20,13282475,190.0
False,2016-06-21,13282475,190.0
False,2016-06-22,13282475,190.0
False,2016-06-23,13282475,183.0
False,2016-06-24,13282475,191.0
False,2016-06-25,13282475,191.0
False,2016-06-26,13282475,180.0
False,2016-06-27,13282475,173.0
False,2016-06-28,13282475,173.0
False,2016-06-29,13282475,177.0
False,2016-06-30,13282475,180.0
False,2016-07-01,13282475,184.0
False,2016-07-02,13282475,185.0
False,2016-07-03,13282475,174.0
False,2016-07-04,13282475,172.0
False,2016-07-05,13282475,173.0
False,2016-07-06,13282475,163.0
False,2016-07-07,13282475,165.0
False,2016-07-08,13282475,160.0
False,2016-07-09,13282475,165.0
False,2016-07-10,13282475,160.0
False,2016-07-11,13282475,175.0
False,2016-07-12,13282475,187.0
False,2016-07-13,13282475,189.0
False,2016-07-14,13282475,194.0
False,2016-07-15,13282475,208.0
False,2016-07-16,13282475,194.0
False,2016-07-17,13282475,183.0
False,2016-07-18,13282475,191.0
False,2016-07-19,13282475,192.0
False,2016-07-20,13282475,201.0
False,2016-07-21,13282475,199.0
False,2016-07-22,13282475,194.0
False,2016-07-23,13282475,196.0
False,2016-07-24,13282475,187.0
False,2016-07-25,13282475,185.0
False,2016-07-26,13282475,186.0
False,2016-07-27,13282475,192.0
False,2016-07-28,13282475,195.0
True,2016-07-29,13282475,197.0
True,2016-07-30,13282475,198.0
True,2016-07-31,13282475,188.0
False,2016-08-01,13282475,197.0
False,2016-08-02,13282475,198.0
False,2016-08-03,13282475,190.0
False,2016-08-04,13282475,195.0
False,2016-08-05,13282475,201.0
False,2016-08-06,13282475,201.0
False,2016-08-07,13282475,190.0
False,2016-08-08,13282475,173.0
False,2016-08-09,13282475,170.0
False,2016-08-10,13282475,166.0
False,2016-08-11,13282475,203.0
False,2016-08-12,13282475,212.0
False,2016-08-13,13282475,212.0
False,2016-08-14,13282475,200.0
False,2016-08-15,13282475,197.0
False,2016-08-16,13282475,200.0
False,2016-08-17,13282475,201.0
False,2016-08-18,13282475,205.0
False,2016-08-19,13282475,207.0
False,2016-08-20,13282475,177.0
False,2016-08-21,13282475,168.0
False,2016-08-22,13282475,163.0
True,2016-08-23,13282475,182.0
True,2016-08-24,13282475,183.0
True,2016-08-25,13282475,186.0
False,2016-08-26,13282475,204.0
False,2016-08-27,13282475,205.0
False,2016-08-28,13282475,192.0
False,2016-08-29,13282475,195.0
False,2016-08-30,13282475,169.0
False,2016-08-31,13282475,170.0
False,2016-09-01,13282475,172.0
False,2016-09-02,13282475,175.0
False,2016-09-03,13282475,176.0
False,2016-05-29,2648748,160.0
False,2016-05-30,2648748,160.0
False,2016-05-31,2648748,160.0
False,2016-06-01,2648748,160.0
False,2016-06-02,2648748,160.0
False,2016-06-03,2648748,160.0
False,2016-06-04,2648748,160.0
False,2016-06-05,2648748,160.0
False,2016-06-06,2648748,160.0
False,2016-06-07,2648748,160.0
False,2016-06-08,2648748,160.0
False,2016-06-09,2648748,160.0
False,2016-06-10,2648748,160.0
False,2016-06-11,2648748,160.0
False,2016-06-12,2648748,160.0
False,2016-06-13,2648748,160.0
False,2016-06-14,2648748,160.0
False,2016-06-15,2648748,160.0
False,2016-06-16,2648748,160.0
False,2016-06-17,2648748,160.0
False,2016-06-18,2648748,160.0
False,2016-06-19,2648748,160.0
False,2016-06-20,2648748,160.0
False,2016-06-21,2648748,160.0
False,2016-06-22,2648748,160.0
False,2016-06-23,2648748,160.0
False,2016-06-24,2648748,160.0
False,2016-06-25,2648748,160.0
False,2016-06-26,2648748,160.0
False,2016-06-27,2648748,160.0
False,2016-06-28,2648748,160.0
False,2016-06-29,2648748,160.0
False,2016-06-30,2648748,160.0
False,2016-07-01,2648748,160.0
False,2016-07-02,2648748,160.0
False,2016-07-03,2648748,160.0
False,2016-07-04,2648748,160.0
False,2016-07-05,2648748,160.0
False,2016-07-06,2648748,160.0
False,2016-07-07,2648748,160.0
False,2016-07-08,2648748,160.0
False,2016-07-09,2648748,160.0
False,2016-07-10,2648748,160.0
False,2016-07-11,2648748,160.0
False,2016-07-12,2648748,160.0
False,2016-07-13,2648748,160.0
False,2016-07-14,2648748,160.0
False,2016-07-15,2648748,160.0
False,2016-07-16,2648748,160.0
False,2016-07-17,2648748,160.0
False,2016-07-18,2648748,150.0
False,2016-07-19,2648748,150.0
False,2016-07-20,2648748,150.0
False,2016-07-21,2648748,150.0
False,2016-07-22,2648748,150.0
False,2016-07-23,2648748,150.0
False,2016-07-24,2648748,150.0
False,2016-07-25,2648748,160.0
False,2016-07-26,2648748,160.0
False,2016-07-27,2648748,160.0
False,2016-07-28,2648748,160.0
False,2016-07-29,2648748,160.0
False,2016-07-30,2648748,160.0
False,2016-07-31,2648748,160.0
False,2016-08-01,2648748,160.0
False,2016-08-02,2648748,160.0
False,2016-08-03,2648748,160.0
False,2016-08-04,2648748,160.0
False,2016-08-05,2648748,150.0
False,2016-08-06,2648748,150.0
False,2016-08-07,2648748,150.0
False,2016-08-08,2648748,160.0
False,2016-08-09,2648748,160.0
False,2016-08-10,2648748,160.0
False,2016-08-11,2648748,160.0
False,2016-08-12,2648748,160.0
False,2016-08-13,2648748,160.0
False,2016-08-14,2648748,160.0
False,2016-08-15,2648748,160.0
False,2016-08-16,2648748,160.0
True,2016-08-17,2648748,160.0
False,2016-08-18,2648748,160.0
False,2016-08-19,2648748,160.0
False,2016-08-20,2648748,160.0
True,2016-08-21,2648748,160.0
False,2016-08-22,2648748,160.0
False,2016-08-23,2648748,160.0
False,2016-08-24,2648748,160.0
False,2016-08-25,2648748,160.0
True,2016-08-26,2648748,160.0
False,2016-08-27,2648748,160.0
False,2016-08-28,2648748,160.0
False,2016-08-29,2648748,160.0
False,2016-08-30,2648748,160.0
False,2016-08-31,2648748,160.0
False,2016-09-01,2648748,160.0
False,2016-09-02,2648748,160.0
False,2016-09-03,2648748,160.0
False,2016-05-29,5406893,450.0
False,2016-05-30,5406893,450.0
True,2016-05-31,5406893,450.0
False,2016-06-01,5406893,450.0
False,2016-06-02,5406893,450.0
False,2016-06-03,5406893,450.0
False,2016-06-04,5406893,450.0
False,2016-06-05,5406893,450.0
False,2016-06-06,5406893,450.0
False,2016-06-07,5406893,450.0
False,2016-06-08,5406893,450.0
False,2016-06-09,5406893,450.0
False,2016-06-10,5406893,450.0
False,2016-06-11,5406893,450.0
False,2016-06-12,5406893,450.0
False,2016-06-13,5406893,450.0
False,2016-06-14,5406893,450.0
False,2016-06-15,5406893,450.0
False,2016-06-16,5406893,450.0
False,2016-06-17,5406893,450.0
False,2016-06-18,5406893,450.0
False,2016-06-19,5406893,450.0
False,2016-06-20,5406893,450.0
False,2016-06-21,5406893,450.0
False,2016-06-22,5406893,450.0
False,2016-06-23,5406893,450.0
False,2016-06-24,5406893,450.0
False,2016-06-25,5406893,450.0
True,2016-06-26,5406893,450.0
False,2016-06-27,5406893,450.0
False,2016-06-28,5406893,450.0
False,2016-06-29,5406893,450.0
False,2016-06-30,5406893,450.0
False,2016-07-01,5406893,450.0
False,2016-07-02,5406893,450.0
False,2016-07-03,5406893,450.0
False,2016-07-04,5406893,450.0
False,2016-07-05,5406893,450.0
False,2016-07-06,5406893,450.0
False,2016-07-07,5406893,450.0
False,2016-07-08,5406893,520.0
False,2016-07-09,5406893,520.0
False,2016-07-10,5406893,450.0
False,2016-07-11,5406893,450.0
False,2016-07-12,5406893,450.0
False,2016-07-13,5406893,450.0
False,2016-07-14,5406893,450.0
False,2016-07-15,5406893,450.0
False,2016-07-16,5406893,450.0
False,2016-07-17,5406893,450.0
False,2016-07-18,5406893,450.0
False,2016-07-19,5406893,455.0
False,2016-07-20,5406893,500.0
False,2016-07-21,5406893,500.0
False,2016-07-22,5406893,500.0
False,2016-07-23,5406893,500.0
False,2016-07-24,5406893,500.0
False,2016-07-25,5406893,500.0
False,2016-07-26,5406893,500.0
False,2016-07-27,5406893,450.0
False,2016-07-28,5406893,500.0
False,2016-07-29,5406893,500.0
False,2016-07-30,5406893,500.0
True,2016-07-31,5406893,450.0
False,2016-08-01,5406893,450.0
False,2016-08-02,5406893,450.0
False,2016-08-03,5406893,450.0
False,2016-08-04,5406893,450.0
False,2016-08-05,5406893,450.0
False,2016-08-06,5406893,450.0
False,2016-08-07,5406893,450.0
False,2016-08-08,5406893,450.0
False,2016-08-09,5406893,450.0
False,2016-08-10,5406893,450.0
False,2016-08-11,5406893,500.0
False,2016-08-12,5406893,500.0
False,2016-08-13,5406893,500.0
False,2016-08-14,5406893,500.0
False,2016-08-15,5406893,450.0
False,2016-08-16,5406893,450.0
False,2016-08-17,5406893,450.0
False,2016-08-18,5406893,500.0
False,2016-08-19,5406893,500.0
False,2016-08-20,5406893,500.0
False,2016-08-21,5406893,500.0
False,2016-08-22,5406893,500.0
False,2016-08-23,5406893,500.0
False,2016-08-24,5406893,500.0
False,2016-08-25,5406893,500.0
False,2016-08-26,5406893,500.0
False,2016-08-27,5406893,500.0
True,2016-08-28,5406893,500.0
True,2016-08-29,5406893,500.0
True,2016-08-30,5406893,500.0
False,2016-08-31,5406893,500.0
False,2016-09-01,5406893,450.0
False,2016-09-02,5406893,473.0
False,2016-09-03,5406893,469.0
False,2016-05-29,53934,210.0
False,2016-05-30,53934,210.0
False,2016-05-31,53934,210.0
False,2016-06-01,53934,210.0
True,2016-06-02,53934,188.0
False,2016-06-03,53934,215.0
False,2016-06-04,53934,220.0
False,2016-06-05,53934,200.0
False,2016-06-06,53934,217.0
False,2016-06-07,53934,220.0
False,2016-06-08,53934,216.0
False,2016-06-09,53934,210.0
False,2016-06-10,53934,210.0
False,2016-06-11,53934,210.0
False,2016-06-12,53934,210.0
False,2016-06-13,53934,210.0
False,2016-06-14,53934,210.0
False,2016-06-15,53934,210.0
False,2016-06-16,53934,210.0
False,2016-06-17,53934,210.0
False,2016-06-18,53934,210.0
False,2016-06-19,53934,210.0
False,2016-06-20,53934,210.0
False,2016-06-21,53934,210.0
False,2016-06-22,53934,210.0
False,2016-06-23,53934,210.0
False,2016-06-24,53934,210.0
False,2016-06-25,53934,210.0
False,2016-06-26,53934,210.0
False,2016-06-27,53934,210.0
False,2016-06-28,53934,210.0
False,2016-06-29,53934,210.0
False,2016-06-30,53934,210.0
False,2016-07-01,53934,210.0
False,2016-07-02,53934,210.0
False,2016-07-03,53934,210.0
False,2016-07-04,53934,210.0
False,2016-07-05,53934,210.0
False,2016-07-06,53934,210.0
False,2016-07-07,53934,210.0
False,2016-07-08,53934,210.0
False,2016-07-09,53934,210.0
False,2016-07-10,53934,210.0
False,2016-07-11,53934,210.0
False,2016-07-12,53934,210.0
False,2016-07-13,53934,210.0
False,2016-07-14,53934,210.0
False,2016-07-15,53934,210.0
False,2016-07-16,53934,210.0
False,2016-07-17,53934,210.0
False,2016-07-18,53934,210.0
False,2016-07-19,53934,210.0
False,2016-07-20,53934,210.0
False,2016-07-21,53934,210.0
False,2016-07-22,53934,210.0
False,2016-07-23,53934,210.0
False,2016-07-24,53934,210.0
False,2016-07-25,53934,210.0
False,2016-07-26,53934,210.0
False,2016-07-27,53934,210.0
False,2016-07-28,53934,210.0
False,2016-07-29,53934,210.0
False,2016-07-30,53934,210.0
False,2016-07-31,53934,210.0
False,2016-08-01,53934,210.0
False,2016-08-02,53934,210.0
False,2016-08-03,53934,210.0
False,2016-08-04,53934,210.0
False,2016-08-05,53934,210.0
False,2016-08-06,53934,210.0
False,2016-08-07,53934,210.0
False,2016-08-08,53934,210.0
False,2016-08-09,53934,210.0
False,2016-08-10,53934,210.0
False,2016-08-11,53934,210.0
False,2016-08-12,53934,210.0
False,2016-08-13,53934,210.0
False,2016-08-14,53934,210.0
True,2016-08-15,53934,160.0
False,2016-08-16,53934,200.0
False,2016-08-17,53934,200.0
False,2016-08-18,53934,200.0
False,2016-08-19,53934,209.0
False,2016-08-20,53934,210.0
False,2016-08-21,53934,203.0
False,2016-08-22,53934,184.0
True,2016-08-23,53934,165.0
False,2016-08-24,53934,234.0
False,2016-08-25,53934,234.0
False,2016-08-26,53934,234.0
False,2016-08-27,53934,231.0
True,2016-08-28,53934,169.0
False,2016-08-29,53934,217.0
False,2016-08-30,53934,215.0
False,2016-08-31,53934,225.0
False,2016-09-01,53934,210.0
False,2016-09-02,53934,210.0
False,2016-09-03,53934,210.0
False,2016-05-29,1738415,175.0
False,2016-05-30,1738415,131.0
False,2016-05-31,1738415,137.0
False,2016-06-01,1738415,176.0
False,2016-06-02,1738415,175.0
False,2016-06-03,1738415,175.0
False,2016-06-04,1738415,129.0
False,2016-06-05,1738415,95.0
False,2016-06-06,1738415,168.0
False,2016-06-07,1738415,168.0
False,2016-06-08,1738415,168.0
False,2016-06-09,1738415,168.0
False,2016-06-10,1738415,185.0
False,2016-06-11,1738415,185.0
False,2016-06-12,1738415,168.0
False,2016-06-13,1738415,169.0
False,2016-06-14,1738415,179.0
False,2016-06-15,1738415,179.0
False,2016-06-16,1738415,164.0
False,2016-06-17,1738415,185.0
False,2016-06-18,1738415,185.0
True,2016-06-19,1738415,113.0
False,2016-06-20,1738415,177.0
False,2016-06-21,1738415,165.0
False,2016-06-22,1738415,165.0
False,2016-06-23,1738415,165.0
False,2016-06-24,1738415,178.0
False,2016-06-25,1738415,178.0
False,2016-06-26,1738415,148.0
False,2016-06-27,1738415,148.0
False,2016-06-28,1738415,95.0
False,2016-06-29,1738415,164.0
False,2016-06-30,1738415,164.0
False,2016-07-01,1738415,164.0
False,2016-07-02,1738415,176.0
False,2016-07-03,1738415,176.0
False,2016-07-04,1738415,175.0
False,2016-07-05,1738415,175.0
False,2016-07-06,1738415,175.0
False,2016-07-07,1738415,95.0
False,2016-07-08,1738415,185.0
False,2016-07-09,1738415,185.0
False,2016-07-10,1738415,175.0
False,2016-07-11,1738415,126.0
False,2016-07-12,1738415,126.0
False,2016-07-13,1738415,168.0
False,2016-07-14,1738415,168.0
False,2016-07-15,1738415,185.0
False,2016-07-16,1738415,185.0
True,2016-07-17,1738415,109.0
False,2016-07-18,1738415,180.0
False,2016-07-19,1738415,180.0
False,2016-07-20,1738415,180.0
False,2016-07-21,1738415,180.0
False,2016-07-22,1738415,185.0
False,2016-07-23,1738415,185.0
True,2016-07-24,1738415,101.0
False,2016-07-25,1738415,122.0
False,2016-07-26,1738415,161.0
False,2016-07-27,1738415,161.0
False,2016-07-28,1738415,180.0
False,2016-07-29,1738415,185.0
False,2016-07-30,1738415,185.0
False,2016-07-31,1738415,187.0
False,2016-08-01,1738415,174.0
False,2016-08-02,1738415,174.0
False,2016-08-03,1738415,174.0
False,2016-08-04,1738415,171.0
False,2016-08-05,1738415,185.0
False,2016-08-06,1738415,185.0
False,2016-08-07,1738415,165.0
False,2016-08-08,1738415,155.0
False,2016-08-09,1738415,155.0
False,2016-08-10,1738415,114.0
False,2016-08-11,1738415,165.0
False,2016-08-12,1738415,185.0
False,2016-08-13,1738415,185.0
False,2016-08-14,1738415,166.0
True,2016-08-15,1738415,119.0
False,2016-08-16,1738415,224.0
False,2016-08-17,1738415,224.0
False,2016-08-18,1738415,229.0
False,2016-08-19,1738415,178.0
False,2016-08-20,1738415,181.0
False,2016-08-21,1738415,180.0
False,2016-08-22,1738415,122.0
False,2016-08-23,1738415,122.0
False,2016-08-24,1738415,206.0
False,2016-08-25,1738415,183.0
False,2016-08-26,1738415,183.0
False,2016-08-27,1738415,183.0
False,2016-08-28,1738415,182.0
False,2016-08-29,1738415,181.0
False,2016-08-30,1738415,177.0
False,2016-08-31,1738415,177.0
False,2016-09-01,1738415,177.0
False,2016-09-02,1738415,177.0
False,2016-09-03,1738415,164.0
False,2016-05-29,4013746,145.0
True,2016-05-30,4013746,145.0
True,2016-05-31,4013746,145.0
False,2016-06-01,4013746,145.0
False,2016-06-02,4013746,145.0
False,2016-06-03,4013746,145.0
False,2016-06-04,4013746,145.0
False,2016-06-05,4013746,145.0
False,2016-06-06,4013746,145.0
False,2016-06-07,4013746,145.0
False,2016-06-08,4013746,145.0
False,2016-06-09,4013746,145.0
False,2016-06-10,4013746,145.0
True,2016-06-11,4013746,145.0
False,2016-06-12,4013746,145.0
False,2016-06-13,4013746,145.0
True,2016-06-14,4013746,145.0
False,2016-06-15,4013746,145.0
False,2016-06-16,4013746,145.0
False,2016-06-17,4013746,145.0
True,2016-06-18,4013746,145.0
False,2016-06-19,4013746,145.0
False,2016-06-20,4013746,145.0
False,2016-06-21,4013746,145.0
False,2016-06-22,4013746,145.0
False,2016-06-23,4013746,145.0
False,2016-06-24,4013746,145.0
False,2016-06-25,4013746,145.0
False,2016-06-26,4013746,145.0
False,2016-06-27,4013746,145.0
False,2016-06-28,4013746,145.0
False,2016-06-29,4013746,145.0
False,2016-06-30,4013746,145.0
False,2016-07-01,4013746,145.0
False,2016-07-02,4013746,145.0
True,2016-07-03,4013746,145.0
False,2016-07-04,4013746,145.0
False,2016-07-05,4013746,145.0
False,2016-07-06,4013746,145.0
False,2016-07-07,4013746,145.0
False,2016-07-08,4013746,145.0
False,2016-07-09,4013746,145.0
False,2016-07-10,4013746,145.0
False,2016-07-11,4013746,145.0
False,2016-07-12,4013746,145.0
False,2016-07-13,4013746,145.0
False,2016-07-14,4013746,145.0
False,2016-07-15,4013746,145.0
False,2016-07-16,4013746,145.0
False,2016-07-17,4013746,145.0
False,2016-07-18,4013746,145.0
False,2016-07-19,4013746,145.0
False,2016-07-20,4013746,145.0
False,2016-07-21,4013746,145.0
False,2016-07-22,4013746,145.0
False,2016-07-23,4013746,145.0
False,2016-07-24,4013746,145.0
False,2016-07-25,4013746,145.0
False,2016-07-26,4013746,145.0
False,2016-07-27,4013746,145.0
False,2016-07-28,4013746,145.0
True,2016-07-29,4013746,145.0
True,2016-07-30,4013746,145.0
False,2016-07-31,4013746,145.0
False,2016-08-01,4013746,145.0
False,2016-08-02,4013746,145.0
True,2016-08-03,4013746,145.0
False,2016-08-04,4013746,145.0
False,2016-08-05,4013746,145.0
False,2016-08-06,4013746,145.0
False,2016-08-07,4013746,145.0
False,2016-08-08,4013746,145.0
False,2016-08-09,4013746,145.0
False,2016-08-10,4013746,145.0
False,2016-08-11,4013746,145.0
False,2016-08-12,4013746,145.0
False,2016-08-13,4013746,145.0
False,2016-08-14,4013746,145.0
True,2016-08-15,4013746,145.0
False,2016-08-16,4013746,145.0
False,2016-08-17,4013746,145.0
False,2016-08-18,4013746,145.0
False,2016-08-19,4013746,145.0
False,2016-08-20,4013746,145.0
False,2016-08-21,4013746,145.0
False,2016-08-22,4013746,145.0
True,2016-08-23,4013746,145.0
True,2016-08-24,4013746,145.0
True,2016-08-25,4013746,145.0
False,2016-08-26,4013746,145.0
False,2016-08-27,4013746,145.0
False,2016-08-28,4013746,145.0
True,2016-08-29,4013746,145.0
True,2016-08-30,4013746,145.0
False,2016-08-31,4013746,145.0
False,2016-09-01,4013746,145.0
True,2016-09-02,4013746,145.0
False,2016-09-03,4013746,145.0
False,2016-05-29,10945139,255.0
False,2016-05-30,10945139,255.0
False,2016-05-31,10945139,255.0
False,2016-06-01,10945139,255.0
False,2016-06-02,10945139,255.0
False,2016-06-03,10945139,350.0
False,2016-06-04,10945139,350.0
False,2016-06-05,10945139,255.0
False,2016-06-06,10945139,255.0
False,2016-06-07,10945139,255.0
False,2016-06-08,10945139,255.0
False,2016-06-09,10945139,255.0
False,2016-06-10,10945139,350.0
False,2016-06-11,10945139,350.0
False,2016-06-12,10945139,255.0
False,2016-06-13,10945139,255.0
False,2016-06-14,10945139,255.0
False,2016-06-15,10945139,255.0
False,2016-06-16,10945139,255.0
False,2016-06-17,10945139,350.0
False,2016-06-18,10945139,350.0
False,2016-06-19,10945139,255.0
False,2016-06-20,10945139,255.0
False,2016-06-21,10945139,255.0
False,2016-06-22,10945139,255.0
False,2016-06-23,10945139,255.0
False,2016-06-24,10945139,350.0
False,2016-06-25,10945139,350.0
False,2016-06-26,10945139,255.0
False,2016-06-27,10945139,255.0
False,2016-06-28,10945139,255.0
False,2016-06-29,10945139,255.0
False,2016-06-30,10945139,233.0
False,2016-07-01,10945139,350.0
False,2016-07-02,10945139,350.0
True,2016-07-03,10945139,222.0
True,2016-07-04,10945139,242.0
False,2016-07-05,10945139,240.0
False,2016-07-06,10945139,220.0
False,2016-07-07,10945139,275.0
False,2016-07-08,10945139,275.0
False,2016-07-09,10945139,350.0
False,2016-07-10,10945139,350.0
False,2016-07-11,10945139,275.0
False,2016-07-12,10945139,255.0
False,2016-07-13,10945139,255.0
False,2016-07-14,10945139,255.0
False,2016-07-15,10945139,350.0
False,2016-07-16,10945139,350.0
False,2016-07-17,10945139,255.0
False,2016-07-18,10945139,255.0
False,2016-07-19,10945139,255.0
False,2016-07-20,10945139,255.0
False,2016-07-21,10945139,255.0
False,2016-07-22,10945139,350.0
False,2016-07-23,10945139,350.0
False,2016-07-24,10945139,255.0
False,2016-07-25,10945139,255.0
False,2016-07-26,10945139,255.0
False,2016-07-27,10945139,255.0
False,2016-07-28,10945139,255.0
False,2016-07-29,10945139,350.0
False,2016-07-30,10945139,350.0
False,2016-07-31,10945139,255.0
False,2016-08-01,10945139,255.0
False,2016-08-02,10945139,255.0
False,2016-08-03,10945139,255.0
False,2016-08-04,10945139,255.0
False,2016-08-05,10945139,350.0
False,2016-08-06,10945139,350.0
False,2016-08-07,10945139,255.0
False,2016-08-08,10945139,255.0
False,2016-08-09,10945139,255.0
False,2016-08-10,10945139,255.0
False,2016-08-11,10945139,255.0
False,2016-08-12,10945139,350.0
False,2016-08-13,10945139,350.0
False,2016-08-14,10945139,255.0
False,2016-08-15,10945139,255.0
False,2016-08-16,10945139,255.0
False,2016-08-17,10945139,255.0
False,2016-08-18,10945139,255.0
False,2016-08-19,10945139,350.0
False,2016-08-20,10945139,350.0
False,2016-08-21,10945139,255.0
False,2016-08-22,10945139,255.0
False,2016-08-23,10945139,255.0
False,2016-08-24,10945139,255.0
False,2016-08-25,10945139,255.0
False,2016-08-26,10945139,350.0
False,2016-08-27,10945139,350.0
True,2016-08-28,10945139,255.0
True,2016-08-29,10945139,255.0
True,2016-08-30,10945139,255.0
False,2016-08-31,10945139,255.0
False,2016-09-01,10945139,255.0
False,2016-09-02,10945139,350.0
False,2016-09-03,10945139,350.0
True,2016-05-29,7116305,205.0
True,2016-05-30,7116305,145.0
True,2016-05-31,7116305,145.0
True,2016-06-01,7116305,205.0
True,2016-06-02,7116305,205.0
False,2016-06-03,7116305,205.0
False,2016-06-04,7116305,205.0
True,2016-06-05,7116305,205.0
True,2016-06-06,7116305,205.0
False,2016-06-07,7116305,205.0
False,2016-06-08,7116305,205.0
False,2016-06-09,7116305,205.0
False,2016-06-10,7116305,205.0
False,2016-06-11,7116305,205.0
False,2016-06-12,7116305,205.0
False,2016-06-13,7116305,205.0
False,2016-06-14,7116305,205.0
False,2016-06-15,7116305,205.0
False,2016-06-16,7116305,205.0
False,2016-06-17,7116305,205.0
False,2016-06-18,7116305,205.0
False,2016-06-19,7116305,205.0
False,2016-06-20,7116305,205.0
False,2016-06-21,7116305,205.0
False,2016-06-22,7116305,205.0
False,2016-06-23,7116305,205.0
False,2016-06-24,7116305,205.0
False,2016-06-25,7116305,205.0
False,2016-06-26,7116305,205.0
False,2016-06-27,7116305,205.0
False,2016-06-28,7116305,205.0
False,2016-06-29,7116305,205.0
False,2016-06-30,7116305,205.0
False,2016-07-01,7116305,205.0
True,2016-07-02,7116305,225.0
False,2016-07-03,7116305,225.0
False,2016-07-04,7116305,205.0
True,2016-07-05,7116305,155.0
True,2016-07-06,7116305,155.0
True,2016-07-07,7116305,155.0
False,2016-07-08,7116305,205.0
False,2016-07-09,7116305,205.0
False,2016-07-10,7116305,205.0
False,2016-07-11,7116305,205.0
False,2016-07-12,7116305,205.0
False,2016-07-13,7116305,205.0
False,2016-07-14,7116305,205.0
False,2016-07-15,7116305,205.0
False,2016-07-16,7116305,205.0
False,2016-07-17,7116305,205.0
False,2016-07-18,7116305,205.0
False,2016-07-19,7116305,205.0
False,2016-07-20,7116305,205.0
False,2016-07-21,7116305,205.0
False,2016-07-22,7116305,205.0
False,2016-07-23,7116305,205.0
False,2016-07-24,7116305,205.0
False,2016-07-25,7116305,205.0
False,2016-07-26,7116305,205.0
False,2016-07-27,7116305,205.0
False,2016-07-28,7116305,205.0
False,2016-07-29,7116305,205.0
False,2016-07-30,7116305,205.0
False,2016-07-31,7116305,205.0
False,2016-08-01,7116305,205.0
False,2016-08-02,7116305,205.0
False,2016-08-03,7116305,205.0
False,2016-08-04,7116305,205.0
False,2016-08-05,7116305,205.0
False,2016-08-06,7116305,205.0
False,2016-08-07,7116305,205.0
False,2016-08-08,7116305,205.0
False,2016-08-09,7116305,205.0
False,2016-08-10,7116305,205.0
False,2016-08-11,7116305,205.0
False,2016-08-12,7116305,205.0
False,2016-08-13,7116305,205.0
True,2016-08-14,7116305,205.0
False,2016-08-15,7116305,205.0
False,2016-08-16,7116305,205.0
False,2016-08-17,7116305,205.0
False,2016-08-18,7116305,205.0
False,2016-08-19,7116305,205.0
False,2016-08-20,7116305,205.0
False,2016-08-21,7116305,205.0
False,2016-08-22,7116305,205.0
False,2016-08-23,7116305,205.0
False,2016-08-24,7116305,205.0
False,2016-08-25,7116305,205.0
False,2016-08-26,7116305,205.0
False,2016-08-27,7116305,205.0
False,2016-08-28,7116305,205.0
False,2016-08-29,7116305,205.0
False,2016-08-30,7116305,205.0
False,2016-08-31,7116305,205.0
False,2016-09-01,7116305,205.0
False,2016-09-02,7116305,205.0
False,2016-09-03,7116305,205.0
False,2016-05-29,8598197,700.0
False,2016-05-30,8598197,700.0
False,2016-05-31,8598197,700.0
False,2016-06-01,8598197,700.0
False,2016-06-02,8598197,700.0
False,2016-06-03,8598197,700.0
False,2016-06-04,8598197,700.0
False,2016-06-05,8598197,700.0
False,2016-06-06,8598197,700.0
False,2016-06-07,8598197,700.0
False,2016-06-08,8598197,700.0
False,2016-06-09,8598197,700.0
False,2016-06-10,8598197,700.0
False,2016-06-11,8598197,700.0
False,2016-06-12,8598197,700.0
False,2016-06-13,8598197,700.0
False,2016-06-14,8598197,700.0
False,2016-06-15,8598197,700.0
False,2016-06-16,8598197,700.0
False,2016-06-17,8598197,700.0
False,2016-06-18,8598197,700.0
False,2016-06-19,8598197,750.0
False,2016-06-20,8598197,750.0
False,2016-06-21,8598197,750.0
True,2016-06-22,8598197,750.0
False,2016-06-23,8598197,750.0
False,2016-06-24,8598197,700.0
False,2016-06-25,8598197,700.0
True,2016-06-26,8598197,750.0
True,2016-06-27,8598197,750.0
True,2016-06-28,8598197,750.0
True,2016-06-29,8598197,750.0
False,2016-06-30,8598197,700.0
False,2016-07-01,8598197,700.0
False,2016-07-02,8598197,700.0
False,2016-07-03,8598197,700.0
False,2016-07-04,8598197,495.0
False,2016-07-05,8598197,495.0
False,2016-07-06,8598197,495.0
False,2016-07-07,8598197,495.0
False,2016-07-08,8598197,495.0
False,2016-07-09,8598197,495.0
False,2016-07-10,8598197,495.0
False,2016-07-11,8598197,495.0
False,2016-07-12,8598197,495.0
False,2016-07-13,8598197,495.0
False,2016-07-14,8598197,495.0
False,2016-07-15,8598197,495.0
False,2016-07-16,8598197,495.0
False,2016-07-17,8598197,535.0
False,2016-07-18,8598197,495.0
False,2016-07-19,8598197,517.0
False,2016-07-20,8598197,495.0
False,2016-07-21,8598197,583.0
False,2016-07-22,8598197,595.0
False,2016-07-23,8598197,597.0
False,2016-07-24,8598197,605.0
False,2016-07-25,8598197,557.0
False,2016-07-26,8598197,591.0
False,2016-07-27,8598197,593.0
False,2016-07-28,8598197,584.0
False,2016-07-29,8598197,691.0
False,2016-07-30,8598197,691.0
False,2016-07-31,8598197,661.0
False,2016-08-01,8598197,550.0
False,2016-08-02,8598197,661.0
False,2016-08-03,8598197,662.0
False,2016-08-04,8598197,712.0
False,2016-08-05,8598197,672.0
False,2016-08-06,8598197,673.0
False,2016-08-07,8598197,654.0
False,2016-08-08,8598197,667.0
False,2016-08-09,8598197,653.0
False,2016-08-10,8598197,654.0
False,2016-08-11,8598197,721.0
False,2016-08-12,8598197,684.0
False,2016-08-13,8598197,700.0
False,2016-08-14,8598197,659.0
False,2016-08-15,8598197,665.0
False,2016-08-16,8598197,652.0
False,2016-08-17,8598197,653.0
False,2016-08-18,8598197,712.0
False,2016-08-19,8598197,691.0
False,2016-08-20,8598197,692.0
False,2016-08-21,8598197,634.0
False,2016-08-22,8598197,606.0
False,2016-08-23,8598197,637.0
False,2016-08-24,8598197,637.0
False,2016-08-25,8598197,706.0
False,2016-08-26,8598197,680.0
False,2016-08-27,8598197,680.0
False,2016-08-28,8598197,637.0
False,2016-08-29,8598197,619.0
False,2016-08-30,8598197,620.0
False,2016-08-31,8598197,620.0
False,2016-09-01,8598197,709.0
False,2016-09-02,8598197,681.0
False,2016-09-03,8598197,663.0
True,2016-05-29,5394104,295.0
True,2016-05-30,5394104,295.0
True,2016-05-31,5394104,267.0
False,2016-06-01,5394104,295.0
False,2016-06-02,5394104,295.0
False,2016-06-03,5394104,350.0
False,2016-06-04,5394104,350.0
False,2016-06-05,5394104,295.0
False,2016-06-06,5394104,295.0
False,2016-06-07,5394104,295.0
False,2016-06-08,5394104,281.0
False,2016-06-09,5394104,308.0
False,2016-06-10,5394104,309.0
False,2016-06-11,5394104,350.0
False,2016-06-12,5394104,295.0
False,2016-06-13,5394104,295.0
False,2016-06-14,5394104,295.0
False,2016-06-15,5394104,295.0
False,2016-06-16,5394104,295.0
False,2016-06-17,5394104,350.0
False,2016-06-18,5394104,350.0
False,2016-06-19,5394104,295.0
True,2016-06-20,5394104,250.0
False,2016-06-21,5394104,295.0
False,2016-06-22,5394104,295.0
False,2016-06-23,5394104,295.0
False,2016-06-24,5394104,350.0
False,2016-06-25,5394104,350.0
True,2016-06-26,5394104,332.0
False,2016-06-27,5394104,332.0
False,2016-06-28,5394104,332.0
True,2016-06-29,5394104,332.0
True,2016-06-30,5394104,334.0
False,2016-07-01,5394104,350.0
False,2016-07-02,5394104,350.0
False,2016-07-03,5394104,295.0
False,2016-07-04,5394104,295.0
False,2016-07-05,5394104,295.0
False,2016-07-06,5394104,295.0
False,2016-07-07,5394104,295.0
False,2016-07-08,5394104,350.0
False,2016-07-09,5394104,350.0
False,2016-07-10,5394104,295.0
False,2016-07-11,5394104,295.0
True,2016-07-12,5394104,295.0
False,2016-07-13,5394104,295.0
False,2016-07-14,5394104,295.0
False,2016-07-15,5394104,350.0
False,2016-07-16,5394104,350.0
False,2016-07-17,5394104,295.0
False,2016-07-18,5394104,295.0
False,2016-07-19,5394104,295.0
False,2016-07-20,5394104,295.0
False,2016-07-21,5394104,295.0
False,2016-07-22,5394104,350.0
False,2016-07-23,5394104,350.0
False,2016-07-24,5394104,295.0
False,2016-07-25,5394104,295.0
False,2016-07-26,5394104,295.0
False,2016-07-27,5394104,295.0
False,2016-07-28,5394104,295.0
False,2016-07-29,5394104,350.0
False,2016-07-30,5394104,380.0
False,2016-07-31,5394104,325.0
False,2016-08-01,5394104,295.0
False,2016-08-02,5394104,295.0
False,2016-08-03,5394104,295.0
False,2016-08-04,5394104,295.0
False,2016-08-05,5394104,350.0
False,2016-08-06,5394104,350.0
False,2016-08-07,5394104,295.0
False,2016-08-08,5394104,295.0
False,2016-08-09,5394104,295.0
False,2016-08-10,5394104,295.0
False,2016-08-11,5394104,295.0
False,2016-08-12,5394104,350.0
False,2016-08-13,5394104,350.0
False,2016-08-14,5394104,295.0
False,2016-08-15,5394104,295.0
False,2016-08-16,5394104,295.0
False,2016-08-17,5394104,295.0
False,2016-08-18,5394104,295.0
False,2016-08-19,5394104,350.0
False,2016-08-20,5394104,350.0
False,2016-08-21,5394104,295.0
False,2016-08-22,5394104,295.0
False,2016-08-23,5394104,295.0
False,2016-08-24,5394104,295.0
False,2016-08-25,5394104,315.0
False,2016-08-26,5394104,375.0
False,2016-08-27,5394104,375.0
True,2016-08-28,5394104,295.0
True,2016-08-29,5394104,295.0
True,2016-08-30,5394104,295.0
False,2016-08-31,5394104,295.0
False,2016-09-01,5394104,295.0
False,2016-09-02,5394104,350.0
False,2016-09-03,5394104,350.0
False,2016-05-29,7069881,225.0
False,2016-05-30,7069881,225.0
True,2016-05-31,7069881,300.0
True,2016-06-01,7069881,300.0
True,2016-06-02,7069881,300.0
True,2016-06-03,7069881,300.0
False,2016-06-04,7069881,300.0
False,2016-06-05,7069881,200.0
False,2016-06-06,7069881,200.0
False,2016-06-07,7069881,250.0
False,2016-06-08,7069881,250.0
False,2016-06-09,7069881,250.0
False,2016-06-10,7069881,300.0
False,2016-06-11,7069881,300.0
False,2016-06-12,7069881,250.0
False,2016-06-13,7069881,250.0
False,2016-06-14,7069881,250.0
False,2016-06-15,7069881,250.0
False,2016-06-16,7069881,250.0
False,2016-06-17,7069881,300.0
False,2016-06-18,7069881,300.0
False,2016-06-19,7069881,250.0
False,2016-06-20,7069881,250.0
False,2016-06-21,7069881,250.0
False,2016-06-22,7069881,250.0
False,2016-06-23,7069881,250.0
False,2016-06-24,7069881,300.0
True,2016-06-25,7069881,300.0
True,2016-06-26,7069881,250.0
False,2016-06-27,7069881,250.0
False,2016-06-28,7069881,250.0
False,2016-06-29,7069881,250.0
False,2016-06-30,7069881,250.0
True,2016-07-01,7069881,250.0
True,2016-07-02,7069881,250.0
False,2016-07-03,7069881,250.0
False,2016-07-04,7069881,250.0
False,2016-07-05,7069881,250.0
False,2016-07-06,7069881,250.0
False,2016-07-07,7069881,250.0
False,2016-07-08,7069881,300.0
False,2016-07-09,7069881,300.0
False,2016-07-10,7069881,250.0
False,2016-07-11,7069881,250.0
False,2016-07-12,7069881,235.0
False,2016-07-13,7069881,235.0
False,2016-07-14,7069881,235.0
True,2016-07-15,7069881,250.0
False,2016-07-16,7069881,250.0
False,2016-07-17,7069881,235.0
False,2016-07-18,7069881,235.0
False,2016-07-19,7069881,250.0
False,2016-07-20,7069881,250.0
False,2016-07-21,7069881,250.0
False,2016-07-22,7069881,300.0
False,2016-07-23,7069881,275.0
False,2016-07-24,7069881,250.0
False,2016-07-25,7069881,250.0
False,2016-07-26,7069881,250.0
True,2016-07-27,7069881,300.0
False,2016-07-28,7069881,300.0
False,2016-07-29,7069881,300.0
False,2016-07-30,7069881,300.0
False,2016-07-31,7069881,300.0
True,2016-08-01,7069881,250.0
False,2016-08-02,7069881,250.0
False,2016-08-03,7069881,250.0
False,2016-08-04,7069881,250.0
False,2016-08-05,7069881,400.0
False,2016-08-06,7069881,600.0
False,2016-08-07,7069881,250.0
False,2016-08-08,7069881,250.0
False,2016-08-09,7069881,250.0
False,2016-08-10,7069881,250.0
False,2016-08-11,7069881,250.0
False,2016-08-12,7069881,300.0
False,2016-08-13,7069881,300.0
False,2016-08-14,7069881,300.0
False,2016-08-15,7069881,300.0
True,2016-08-16,7069881,300.0
True,2016-08-17,7069881,300.0
False,2016-08-18,7069881,250.0
False,2016-08-19,7069881,275.0
False,2016-08-20,7069881,275.0
False,2016-08-21,7069881,250.0
False,2016-08-22,7069881,250.0
True,2016-08-23,7069881,300.0
True,2016-08-24,7069881,300.0
True,2016-08-25,7069881,300.0
True,2016-08-26,7069881,300.0
True,2016-08-27,7069881,300.0
True,2016-08-28,7069881,300.0
True,2016-08-29,7069881,300.0
True,2016-08-30,7069881,300.0
True,2016-08-31,7069881,300.0
True,2016-09-01,7069881,300.0
True,2016-09-02,7069881,300.0
True,2016-09-03,7069881,300.0
False,2016-05-29,647360,225.0
False,2016-05-30,647360,225.0
False,2016-05-31,647360,225.0
False,2016-06-01,647360,225.0
False,2016-06-02,647360,225.0
False,2016-06-03,647360,225.0
False,2016-06-04,647360,225.0
False,2016-06-05,647360,225.0
False,2016-06-06,647360,225.0
False,2016-06-07,647360,225.0
False,2016-06-08,647360,225.0
False,2016-06-09,647360,225.0
True,2016-06-10,647360,225.0
True,2016-06-11,647360,225.0
False,2016-06-12,647360,225.0
False,2016-06-13,647360,225.0
False,2016-06-14,647360,225.0
False,2016-06-15,647360,225.0
False,2016-06-16,647360,225.0
False,2016-06-17,647360,225.0
False,2016-06-18,647360,225.0
False,2016-06-19,647360,225.0
False,2016-06-20,647360,225.0
True,2016-06-21,647360,225.0
True,2016-06-22,647360,225.0
False,2016-06-23,647360,225.0
False,2016-06-24,647360,225.0
False,2016-06-25,647360,225.0
False,2016-06-26,647360,225.0
False,2016-06-27,647360,225.0
False,2016-06-28,647360,225.0
False,2016-06-29,647360,225.0
False,2016-06-30,647360,225.0
False,2016-07-01,647360,225.0
False,2016-07-02,647360,225.0
False,2016-07-03,647360,225.0
False,2016-07-04,647360,225.0
False,2016-07-05,647360,225.0
False,2016-07-06,647360,225.0
False,2016-07-07,647360,225.0
False,2016-07-08,647360,225.0
False,2016-07-09,647360,225.0
False,2016-07-10,647360,225.0
False,2016-07-11,647360,225.0
False,2016-07-12,647360,225.0
False,2016-07-13,647360,225.0
False,2016-07-14,647360,225.0
False,2016-07-15,647360,225.0
False,2016-07-16,647360,225.0
False,2016-07-17,647360,225.0
False,2016-07-18,647360,225.0
False,2016-07-19,647360,225.0
False,2016-07-20,647360,225.0
True,2016-07-21,647360,225.0
False,2016-07-22,647360,225.0
False,2016-07-23,647360,225.0
False,2016-07-24,647360,225.0
True,2016-07-25,647360,225.0
True,2016-07-26,647360,225.0
True,2016-07-27,647360,225.0
False,2016-07-28,647360,225.0
False,2016-07-29,647360,225.0
False,2016-07-30,647360,225.0
False,2016-07-31,647360,225.0
False,2016-08-01,647360,225.0
False,2016-08-02,647360,225.0
False,2016-08-03,647360,225.0
False,2016-08-04,647360,225.0
False,2016-08-05,647360,225.0
False,2016-08-06,647360,225.0
False,2016-08-07,647360,225.0
False,2016-08-08,647360,225.0
False,2016-08-09,647360,225.0
False,2016-08-10,647360,225.0
False,2016-08-11,647360,225.0
False,2016-08-12,647360,225.0
False,2016-08-13,647360,225.0
False,2016-08-14,647360,225.0
False,2016-08-15,647360,225.0
False,2016-08-16,647360,225.0
False,2016-08-17,647360,225.0
False,2016-08-18,647360,225.0
False,2016-08-19,647360,225.0
False,2016-08-20,647360,225.0
False,2016-08-21,647360,225.0
False,2016-08-22,647360,225.0
False,2016-08-23,647360,225.0
False,2016-08-24,647360,225.0
False,2016-08-25,647360,225.0
False,2016-08-26,647360,225.0
False,2016-08-27,647360,225.0
False,2016-08-28,647360,225.0
True,2016-08-29,647360,225.0
True,2016-08-30,647360,225.0
True,2016-08-31,647360,225.0
True,2016-09-01,647360,225.0
True,2016-09-02,647360,225.0
True,2016-09-03,647360,225.0
True,2016-05-29,13101251,325.0
True,2016-05-30,13101251,325.0
True,2016-05-31,13101251,325.0
True,2016-06-01,13101251,325.0
True,2016-06-02,13101251,325.0
False,2016-06-03,13101251,325.0
False,2016-06-04,13101251,325.0
True,2016-06-05,13101251,325.0
False,2016-06-06,13101251,325.0
False,2016-06-07,13101251,325.0
False,2016-06-08,13101251,325.0
False,2016-06-09,13101251,325.0
False,2016-06-10,13101251,325.0
False,2016-06-11,13101251,325.0
False,2016-06-12,13101251,325.0
True,2016-06-13,13101251,325.0
False,2016-06-14,13101251,325.0
False,2016-06-15,13101251,325.0
False,2016-06-16,13101251,325.0
False,2016-06-17,13101251,325.0
False,2016-06-18,13101251,325.0
False,2016-06-19,13101251,325.0
False,2016-06-20,13101251,325.0
False,2016-06-21,13101251,325.0
False,2016-06-22,13101251,325.0
False,2016-06-23,13101251,325.0
False,2016-06-24,13101251,325.0
False,2016-06-25,13101251,325.0
False,2016-06-26,13101251,325.0
False,2016-06-27,13101251,325.0
False,2016-06-28,13101251,325.0
False,2016-06-29,13101251,325.0
False,2016-06-30,13101251,325.0
False,2016-07-01,13101251,325.0
False,2016-07-02,13101251,325.0
False,2016-07-03,13101251,325.0
False,2016-07-04,13101251,325.0
False,2016-07-05,13101251,195.0
False,2016-07-06,13101251,195.0
False,2016-07-07,13101251,325.0
False,2016-07-08,13101251,325.0
False,2016-07-09,13101251,325.0
False,2016-07-10,13101251,325.0
False,2016-07-11,13101251,325.0
False,2016-07-12,13101251,325.0
False,2016-07-13,13101251,325.0
False,2016-07-14,13101251,210.0
False,2016-07-15,13101251,210.0
False,2016-07-16,13101251,325.0
False,2016-07-17,13101251,325.0
False,2016-07-18,13101251,325.0
False,2016-07-19,13101251,325.0
False,2016-07-20,13101251,325.0
False,2016-07-21,13101251,325.0
False,2016-07-22,13101251,325.0
False,2016-07-23,13101251,325.0
False,2016-07-24,13101251,325.0
False,2016-07-25,13101251,325.0
False,2016-07-26,13101251,325.0
False,2016-07-27,13101251,325.0
False,2016-07-28,13101251,325.0
False,2016-07-29,13101251,325.0
False,2016-07-30,13101251,325.0
False,2016-07-31,13101251,325.0
False,2016-08-01,13101251,290.0
False,2016-08-02,13101251,290.0
False,2016-08-03,13101251,195.0
False,2016-08-04,13101251,325.0
False,2016-08-05,13101251,325.0
False,2016-08-06,13101251,325.0
False,2016-08-07,13101251,325.0
False,2016-08-08,13101251,325.0
False,2016-08-09,13101251,325.0
True,2016-08-10,13101251,195.0
False,2016-08-11,13101251,325.0
False,2016-08-12,13101251,325.0
False,2016-08-13,13101251,325.0
False,2016-08-14,13101251,325.0
False,2016-08-15,13101251,325.0
False,2016-08-16,13101251,325.0
False,2016-08-17,13101251,325.0
False,2016-08-18,13101251,325.0
False,2016-08-19,13101251,325.0
False,2016-08-20,13101251,325.0
True,2016-08-21,13101251,325.0
True,2016-08-22,13101251,325.0
False,2016-08-23,13101251,325.0
False,2016-08-24,13101251,325.0
True,2016-08-25,13101251,325.0
True,2016-08-26,13101251,325.0
True,2016-08-27,13101251,325.0
True,2016-08-28,13101251,325.0
False,2016-08-29,13101251,325.0
False,2016-08-30,13101251,325.0
False,2016-08-31,13101251,325.0
False,2016-09-01,13101251,325.0
False,2016-09-02,13101251,325.0
False,2016-09-03,13101251,325.0
False,2016-05-29,1915079,250.0
False,2016-05-30,1915079,250.0
True,2016-05-31,1915079,250.0
False,2016-06-01,1915079,250.0
False,2016-06-02,1915079,250.0
False,2016-06-03,1915079,275.0
False,2016-06-04,1915079,275.0
False,2016-06-05,1915079,250.0
False,2016-06-06,1915079,250.0
False,2016-06-07,1915079,250.0
False,2016-06-08,1915079,250.0
False,2016-06-09,1915079,250.0
False,2016-06-10,1915079,275.0
False,2016-06-11,1915079,275.0
False,2016-06-12,1915079,250.0
False,2016-06-13,1915079,250.0
False,2016-06-14,1915079,250.0
False,2016-06-15,1915079,250.0
False,2016-06-16,1915079,250.0
False,2016-06-17,1915079,275.0
False,2016-06-18,1915079,275.0
False,2016-06-19,1915079,250.0
False,2016-06-20,1915079,250.0
False,2016-06-21,1915079,250.0
False,2016-06-22,1915079,250.0
False,2016-06-23,1915079,250.0
False,2016-06-24,1915079,400.0
False,2016-06-25,1915079,400.0
False,2016-06-26,1915079,250.0
False,2016-06-27,1915079,250.0
False,2016-06-28,1915079,250.0
False,2016-06-29,1915079,250.0
False,2016-06-30,1915079,250.0
True,2016-07-01,1915079,275.0
True,2016-07-02,1915079,275.0
True,2016-07-03,1915079,250.0
False,2016-07-04,1915079,250.0
False,2016-07-05,1915079,250.0
False,2016-07-06,1915079,250.0
False,2016-07-07,1915079,250.0
False,2016-07-08,1915079,275.0
False,2016-07-09,1915079,275.0
False,2016-07-10,1915079,250.0
True,2016-07-11,1915079,250.0
False,2016-07-12,1915079,250.0
False,2016-07-13,1915079,250.0
False,2016-07-14,1915079,250.0
False,2016-07-15,1915079,275.0
False,2016-07-16,1915079,275.0
False,2016-07-17,1915079,250.0
False,2016-07-18,1915079,250.0
False,2016-07-19,1915079,250.0
False,2016-07-20,1915079,250.0
False,2016-07-21,1915079,250.0
False,2016-07-22,1915079,275.0
False,2016-07-23,1915079,275.0
False,2016-07-24,1915079,250.0
False,2016-07-25,1915079,250.0
False,2016-07-26,1915079,250.0
False,2016-07-27,1915079,250.0
False,2016-07-28,1915079,250.0
False,2016-07-29,1915079,275.0
False,2016-07-30,1915079,275.0
False,2016-07-31,1915079,250.0
False,2016-08-01,1915079,250.0
False,2016-08-02,1915079,250.0
False,2016-08-03,1915079,250.0
False,2016-08-04,1915079,250.0
False,2016-08-05,1915079,275.0
False,2016-08-06,1915079,275.0
True,2016-08-07,1915079,250.0
True,2016-08-08,1915079,250.0
False,2016-08-09,1915079,250.0
False,2016-08-10,1915079,250.0
False,2016-08-11,1915079,250.0
False,2016-08-12,1915079,275.0
False,2016-08-13,1915079,275.0
False,2016-08-14,1915079,250.0
False,2016-08-15,1915079,250.0
True,2016-08-16,1915079,250.0
True,2016-08-17,1915079,250.0
True,2016-08-18,1915079,250.0
True,2016-08-19,1915079,275.0
True,2016-08-20,1915079,275.0
True,2016-08-21,1915079,250.0
False,2016-08-22,1915079,250.0
False,2016-08-23,1915079,250.0
False,2016-08-24,1915079,250.0
False,2016-08-25,1915079,250.0
False,2016-08-26,1915079,275.0
False,2016-08-27,1915079,275.0
False,2016-08-28,1915079,250.0
False,2016-08-29,1915079,250.0
True,2016-08-30,1915079,250.0
False,2016-08-31,1915079,250.0
False,2016-09-01,1915079,250.0
False,2016-09-02,1915079,275.0
False,2016-09-03,1915079,275.0
False,2016-05-29,1767543,348.0
False,2016-05-30,1767543,353.0
True,2016-05-31,1767543,332.0
True,2016-06-01,1767543,304.0
True,2016-06-02,1767543,257.0
False,2016-06-03,1767543,372.0
False,2016-06-04,1767543,370.0
False,2016-06-05,1767543,387.0
False,2016-06-06,1767543,365.0
False,2016-06-07,1767543,348.0
False,2016-06-08,1767543,434.0
False,2016-06-09,1767543,441.0
False,2016-06-10,1767543,441.0
False,2016-06-11,1767543,440.0
True,2016-06-12,1767543,294.0
True,2016-06-13,1767543,250.0
False,2016-06-14,1767543,365.0
False,2016-06-15,1767543,370.0
False,2016-06-16,1767543,426.0
False,2016-06-17,1767543,380.0
False,2016-06-18,1767543,371.0
False,2016-06-19,1767543,356.0
False,2016-06-20,1767543,362.0
False,2016-06-21,1767543,366.0
True,2016-06-22,1767543,346.0
True,2016-06-23,1767543,317.0
True,2016-06-24,1767543,264.0
False,2016-06-25,1767543,390.0
False,2016-06-26,1767543,373.0
False,2016-06-27,1767543,377.0
False,2016-06-28,1767543,382.0
True,2016-06-29,1767543,314.0
True,2016-06-30,1767543,267.0
False,2016-07-01,1767543,454.0
False,2016-07-02,1767543,453.0
False,2016-07-03,1767543,429.0
False,2016-07-04,1767543,437.0
True,2016-07-05,1767543,358.0
True,2016-07-06,1767543,353.0
True,2016-07-07,1767543,347.0
True,2016-07-08,1767543,357.0
False,2016-07-09,1767543,321.0
True,2016-07-10,1767543,254.0
False,2016-07-11,1767543,443.0
False,2016-07-12,1767543,451.0
False,2016-07-13,1767543,459.0
True,2016-07-14,1767543,379.0
True,2016-07-15,1767543,419.0
False,2016-07-16,1767543,385.0
False,2016-07-17,1767543,371.0
False,2016-07-18,1767543,440.0
False,2016-07-19,1767543,381.0
False,2016-07-20,1767543,387.0
False,2016-07-21,1767543,392.0
True,2016-07-22,1767543,471.0
True,2016-07-23,1767543,470.0
True,2016-07-24,1767543,449.0
True,2016-07-25,1767543,454.0
False,2016-07-26,1767543,389.0
False,2016-07-27,1767543,394.0
False,2016-07-28,1767543,399.0
False,2016-07-29,1767543,420.0
False,2016-07-30,1767543,421.0
False,2016-07-31,1767543,400.0
False,2016-08-01,1767543,403.0
False,2016-08-02,1767543,408.0
True,2016-08-03,1767543,423.0
True,2016-08-04,1767543,431.0
False,2016-08-05,1767543,496.0
False,2016-08-06,1767543,474.0
False,2016-08-07,1767543,398.0
True,2016-08-08,1767543,410.0
True,2016-08-09,1767543,415.0
False,2016-08-10,1767543,425.0
False,2016-08-11,1767543,429.0
False,2016-08-12,1767543,430.0
True,2016-08-13,1767543,427.0
True,2016-08-14,1767543,407.0
False,2016-08-15,1767543,392.0
False,2016-08-16,1767543,397.0
False,2016-08-17,1767543,402.0
False,2016-08-18,1767543,406.0
True,2016-08-19,1767543,356.0
False,2016-08-20,1767543,423.0
False,2016-08-21,1767543,400.0
False,2016-08-22,1767543,404.0
False,2016-08-23,1767543,410.0
False,2016-08-24,1767543,414.0
False,2016-08-25,1767543,418.0
False,2016-08-26,1767543,417.0
True,2016-08-27,1767543,472.0
True,2016-08-28,1767543,445.0
True,2016-08-29,1767543,451.0
True,2016-08-30,1767543,456.0
True,2016-08-31,1767543,462.0
True,2016-09-01,1767543,471.0
True,2016-09-02,1767543,468.0
True,2016-09-03,1767543,474.0
False,2016-05-29,6415052,300.0
False,2016-05-30,6415052,300.0
False,2016-05-31,6415052,300.0
False,2016-06-01,6415052,340.0
False,2016-06-02,6415052,340.0
False,2016-06-03,6415052,350.0
False,2016-06-04,6415052,350.0
False,2016-06-05,6415052,340.0
False,2016-06-06,6415052,340.0
False,2016-06-07,6415052,340.0
False,2016-06-08,6415052,340.0
False,2016-06-09,6415052,380.0
False,2016-06-10,6415052,380.0
False,2016-06-11,6415052,380.0
False,2016-06-12,6415052,380.0
False,2016-06-13,6415052,380.0
False,2016-06-14,6415052,380.0
False,2016-06-15,6415052,340.0
False,2016-06-16,6415052,340.0
False,2016-06-17,6415052,350.0
False,2016-06-18,6415052,350.0
False,2016-06-19,6415052,340.0
False,2016-06-20,6415052,340.0
False,2016-06-21,6415052,340.0
False,2016-06-22,6415052,340.0
False,2016-06-23,6415052,340.0
False,2016-06-24,6415052,350.0
False,2016-06-25,6415052,350.0
False,2016-06-26,6415052,340.0
False,2016-06-27,6415052,340.0
False,2016-06-28,6415052,400.0
False,2016-06-29,6415052,400.0
False,2016-06-30,6415052,400.0
False,2016-07-01,6415052,400.0
False,2016-07-02,6415052,400.0
False,2016-07-03,6415052,400.0
False,2016-07-04,6415052,450.0
False,2016-07-05,6415052,400.0
False,2016-07-06,6415052,380.0
False,2016-07-07,6415052,340.0
False,2016-07-08,6415052,350.0
False,2016-07-09,6415052,350.0
False,2016-07-10,6415052,340.0
False,2016-07-11,6415052,340.0
False,2016-07-12,6415052,340.0
False,2016-07-13,6415052,373.0
False,2016-07-14,6415052,390.0
False,2016-07-15,6415052,415.0
False,2016-07-16,6415052,415.0
False,2016-07-17,6415052,406.0
False,2016-07-18,6415052,414.0
False,2016-07-19,6415052,392.0
False,2016-07-20,6415052,390.0
False,2016-07-21,6415052,340.0
False,2016-07-22,6415052,350.0
False,2016-07-23,6415052,350.0
False,2016-07-24,6415052,340.0
False,2016-07-25,6415052,340.0
False,2016-07-26,6415052,340.0
False,2016-07-27,6415052,340.0
False,2016-07-28,6415052,340.0
False,2016-07-29,6415052,380.0
False,2016-07-30,6415052,380.0
False,2016-07-31,6415052,380.0
False,2016-08-01,6415052,380.0
False,2016-08-02,6415052,400.0
False,2016-08-03,6415052,400.0
False,2016-08-04,6415052,400.0
False,2016-08-05,6415052,400.0
False,2016-08-06,6415052,400.0
False,2016-08-07,6415052,357.0
False,2016-08-08,6415052,290.0
False,2016-08-09,6415052,290.0
False,2016-08-10,6415052,290.0
False,2016-08-11,6415052,290.0
False,2016-08-12,6415052,290.0
False,2016-08-13,6415052,290.0
False,2016-08-14,6415052,290.0
False,2016-08-15,6415052,290.0
False,2016-08-16,6415052,290.0
False,2016-08-17,6415052,290.0
False,2016-08-18,6415052,375.0
False,2016-08-19,6415052,375.0
False,2016-08-20,6415052,375.0
False,2016-08-21,6415052,375.0
False,2016-08-22,6415052,375.0
False,2016-08-23,6415052,375.0
False,2016-08-24,6415052,290.0
False,2016-08-25,6415052,400.0
False,2016-08-26,6415052,400.0
False,2016-08-27,6415052,400.0
False,2016-08-28,6415052,400.0
False,2016-08-29,6415052,400.0
False,2016-08-30,6415052,400.0
False,2016-08-31,6415052,290.0
False,2016-09-01,6415052,350.0
False,2016-09-02,6415052,350.0
False,2016-09-03,6415052,350.0
False,2016-05-29,4022990,121.0
False,2016-05-30,4022990,121.0
False,2016-05-31,4022990,121.0
False,2016-06-01,4022990,121.0
False,2016-06-02,4022990,121.0
False,2016-06-03,4022990,218.0
False,2016-06-04,4022990,218.0
False,2016-06-05,4022990,208.0
False,2016-06-06,4022990,208.0
False,2016-06-07,4022990,208.0
False,2016-06-08,4022990,208.0
False,2016-06-09,4022990,208.0
False,2016-06-10,4022990,218.0
False,2016-06-11,4022990,218.0
False,2016-06-12,4022990,202.0
False,2016-06-13,4022990,202.0
False,2016-06-14,4022990,202.0
False,2016-06-15,4022990,202.0
False,2016-06-16,4022990,202.0
False,2016-06-17,4022990,202.0
False,2016-06-18,4022990,202.0
True,2016-06-19,4022990,202.0
False,2016-06-20,4022990,202.0
False,2016-06-21,4022990,202.0
False,2016-06-22,4022990,202.0
False,2016-06-23,4022990,202.0
False,2016-06-24,4022990,202.0
False,2016-06-25,4022990,202.0
False,2016-06-26,4022990,202.0
False,2016-06-27,4022990,202.0
False,2016-06-28,4022990,202.0
False,2016-06-29,4022990,202.0
False,2016-06-30,4022990,202.0
False,2016-07-01,4022990,202.0
False,2016-07-02,4022990,202.0
False,2016-07-03,4022990,202.0
False,2016-07-04,4022990,202.0
False,2016-07-05,4022990,202.0
False,2016-07-06,4022990,202.0
True,2016-07-07,4022990,202.0
False,2016-07-08,4022990,202.0
False,2016-07-09,4022990,202.0
False,2016-07-10,4022990,202.0
False,2016-07-11,4022990,202.0
False,2016-07-12,4022990,202.0
False,2016-07-13,4022990,202.0
False,2016-07-14,4022990,202.0
False,2016-07-15,4022990,202.0
False,2016-07-16,4022990,202.0
False,2016-07-17,4022990,202.0
False,2016-07-18,4022990,202.0
False,2016-07-19,4022990,202.0
False,2016-07-20,4022990,202.0
False,2016-07-21,4022990,202.0
False,2016-07-22,4022990,202.0
False,2016-07-23,4022990,202.0
False,2016-07-24,4022990,202.0
False,2016-07-25,4022990,202.0
False,2016-07-26,4022990,202.0
False,2016-07-27,4022990,202.0
False,2016-07-28,4022990,202.0
False,2016-07-29,4022990,202.0
False,2016-07-30,4022990,202.0
False,2016-07-31,4022990,202.0
False,2016-08-01,4022990,202.0
False,2016-08-02,4022990,202.0
False,2016-08-03,4022990,202.0
False,2016-08-04,4022990,202.0
False,2016-08-05,4022990,249.0
False,2016-08-06,4022990,249.0
False,2016-08-07,4022990,249.0
False,2016-08-08,4022990,202.0
False,2016-08-09,4022990,202.0
False,2016-08-10,4022990,202.0
False,2016-08-11,4022990,202.0
False,2016-08-12,4022990,202.0
False,2016-08-13,4022990,252.0
False,2016-08-14,4022990,252.0
False,2016-08-15,4022990,202.0
False,2016-08-16,4022990,202.0
False,2016-08-17,4022990,202.0
False,2016-08-18,4022990,202.0
False,2016-08-19,4022990,202.0
True,2016-08-20,4022990,202.0
True,2016-08-21,4022990,202.0
True,2016-08-22,4022990,202.0
True,2016-08-23,4022990,202.0
True,2016-08-24,4022990,202.0
True,2016-08-25,4022990,202.0
True,2016-08-26,4022990,202.0
True,2016-08-27,4022990,202.0
True,2016-08-28,4022990,202.0
True,2016-08-29,4022990,202.0
True,2016-08-30,4022990,202.0
True,2016-08-31,4022990,202.0
True,2016-09-01,4022990,202.0
False,2016-09-02,4022990,202.0
False,2016-09-03,4022990,202.0
False,2016-05-29,6800168,190.0
False,2016-05-30,6800168,190.0
False,2016-05-31,6800168,190.0
False,2016-06-01,6800168,190.0
False,2016-06-02,6800168,190.0
False,2016-06-03,6800168,190.0
False,2016-06-04,6800168,175.0
False,2016-06-05,6800168,175.0
False,2016-06-06,6800168,175.0
False,2016-06-07,6800168,175.0
False,2016-06-08,6800168,175.0
False,2016-06-09,6800168,175.0
False,2016-06-10,6800168,175.0
False,2016-06-11,6800168,175.0
True,2016-06-12,6800168,175.0
False,2016-06-13,6800168,175.0
False,2016-06-14,6800168,175.0
False,2016-06-15,6800168,175.0
False,2016-06-16,6800168,175.0
False,2016-06-17,6800168,175.0
False,2016-06-18,6800168,175.0
False,2016-06-19,6800168,175.0
False,2016-06-20,6800168,175.0
False,2016-06-21,6800168,175.0
False,2016-06-22,6800168,175.0
False,2016-06-23,6800168,175.0
False,2016-06-24,6800168,175.0
False,2016-06-25,6800168,175.0
False,2016-06-26,6800168,175.0
False,2016-06-27,6800168,175.0
True,2016-06-28,6800168,175.0
False,2016-06-29,6800168,175.0
False,2016-06-30,6800168,175.0
False,2016-07-01,6800168,175.0
False,2016-07-02,6800168,175.0
False,2016-07-03,6800168,175.0
False,2016-07-04,6800168,175.0
False,2016-07-05,6800168,250.0
False,2016-07-06,6800168,200.0
False,2016-07-07,6800168,200.0
False,2016-07-08,6800168,200.0
False,2016-07-09,6800168,200.0
False,2016-07-10,6800168,175.0
False,2016-07-11,6800168,175.0
False,2016-07-12,6800168,175.0
False,2016-07-13,6800168,175.0
False,2016-07-14,6800168,175.0
False,2016-07-15,6800168,175.0
False,2016-07-16,6800168,175.0
False,2016-07-17,6800168,175.0
False,2016-07-18,6800168,175.0
False,2016-07-19,6800168,175.0
False,2016-07-20,6800168,175.0
False,2016-07-21,6800168,175.0
False,2016-07-22,6800168,175.0
False,2016-07-23,6800168,175.0
False,2016-07-24,6800168,175.0
False,2016-07-25,6800168,175.0
False,2016-07-26,6800168,175.0
False,2016-07-27,6800168,175.0
False,2016-07-28,6800168,175.0
False,2016-07-29,6800168,175.0
False,2016-07-30,6800168,175.0
False,2016-07-31,6800168,175.0
False,2016-08-01,6800168,175.0
False,2016-08-02,6800168,175.0
False,2016-08-03,6800168,175.0
False,2016-08-04,6800168,175.0
False,2016-08-05,6800168,175.0
False,2016-08-06,6800168,175.0
False,2016-08-07,6800168,175.0
False,2016-08-08,6800168,175.0
False,2016-08-09,6800168,175.0
False,2016-08-10,6800168,175.0
False,2016-08-11,6800168,175.0
False,2016-08-12,6800168,175.0
False,2016-08-13,6800168,175.0
False,2016-08-14,6800168,175.0
False,2016-08-15,6800168,175.0
False,2016-08-16,6800168,175.0
False,2016-08-17,6800168,175.0
False,2016-08-18,6800168,175.0
False,2016-08-19,6800168,175.0
False,2016-08-20,6800168,175.0
False,2016-08-21,6800168,175.0
False,2016-08-22,6800168,175.0
False,2016-08-23,6800168,175.0
False,2016-08-24,6800168,175.0
False,2016-08-25,6800168,175.0
False,2016-08-26,6800168,175.0
False,2016-08-27,6800168,175.0
False,2016-08-28,6800168,175.0
False,2016-08-29,6800168,175.0
False,2016-08-30,6800168,175.0
False,2016-08-31,6800168,175.0
False,2016-09-01,6800168,175.0
False,2016-09-02,6800168,175.0
False,2016-09-03,6800168,175.0
False,2016-05-29,12708049,110.0
False,2016-05-30,12708049,110.0
False,2016-05-31,12708049,110.0
True,2016-06-01,12708049,110.0
True,2016-06-02,12708049,110.0
False,2016-06-03,12708049,161.0
False,2016-06-04,12708049,161.0
False,2016-06-05,12708049,158.0
True,2016-06-06,12708049,110.0
False,2016-06-07,12708049,172.0
False,2016-06-08,12708049,173.0
False,2016-06-09,12708049,173.0
False,2016-06-10,12708049,172.0
False,2016-06-11,12708049,178.0
True,2016-06-12,12708049,110.0
True,2016-06-13,12708049,118.0
True,2016-06-14,12708049,110.0
True,2016-06-15,12708049,110.0
False,2016-06-16,12708049,110.0
False,2016-06-17,12708049,110.0
False,2016-06-18,12708049,110.0
False,2016-06-19,12708049,110.0
False,2016-06-20,12708049,110.0
False,2016-06-21,12708049,110.0
False,2016-06-22,12708049,110.0
True,2016-06-23,12708049,110.0
False,2016-06-24,12708049,140.0
False,2016-06-25,12708049,140.0
False,2016-06-26,12708049,140.0
False,2016-06-27,12708049,140.0
False,2016-06-28,12708049,140.0
True,2016-06-29,12708049,110.0
True,2016-06-30,12708049,110.0
True,2016-07-01,12708049,113.0
True,2016-07-02,12708049,110.0
True,2016-07-03,12708049,110.0
True,2016-07-04,12708049,110.0
True,2016-07-05,12708049,110.0
True,2016-07-06,12708049,110.0
True,2016-07-07,12708049,110.0
True,2016-07-08,12708049,110.0
False,2016-07-09,12708049,141.0
False,2016-07-10,12708049,139.0
False,2016-07-11,12708049,124.0
False,2016-07-12,12708049,110.0
False,2016-07-13,12708049,110.0
False,2016-07-14,12708049,110.0
False,2016-07-15,12708049,110.0
False,2016-07-16,12708049,110.0
True,2016-07-17,12708049,110.0
True,2016-07-18,12708049,110.0
False,2016-07-19,12708049,141.0
False,2016-07-20,12708049,149.0
False,2016-07-21,12708049,149.0
True,2016-07-22,12708049,110.0
False,2016-07-23,12708049,151.0
False,2016-07-24,12708049,151.0
False,2016-07-25,12708049,148.0
True,2016-07-26,12708049,110.0
False,2016-07-27,12708049,151.0
False,2016-07-28,12708049,154.0
False,2016-07-29,12708049,154.0
True,2016-07-30,12708049,110.0
True,2016-07-31,12708049,110.0
False,2016-08-01,12708049,222.0
False,2016-08-02,12708049,216.0
False,2016-08-03,12708049,193.0
False,2016-08-04,12708049,110.0
False,2016-08-05,12708049,110.0
False,2016-08-06,12708049,110.0
False,2016-08-07,12708049,110.0
False,2016-08-08,12708049,114.0
False,2016-08-09,12708049,113.0
False,2016-08-10,12708049,116.0
False,2016-08-11,12708049,115.0
False,2016-08-12,12708049,115.0
False,2016-08-13,12708049,116.0
False,2016-08-14,12708049,111.0
False,2016-08-15,12708049,119.0
False,2016-08-16,12708049,120.0
False,2016-08-17,12708049,119.0
False,2016-08-18,12708049,118.0
False,2016-08-19,12708049,125.0
False,2016-08-20,12708049,125.0
False,2016-08-21,12708049,112.0
False,2016-08-22,12708049,113.0
False,2016-08-23,12708049,115.0
False,2016-08-24,12708049,118.0
False,2016-08-25,12708049,120.0
False,2016-08-26,12708049,126.0
False,2016-08-27,12708049,126.0
False,2016-08-28,12708049,113.0
False,2016-08-29,12708049,114.0
False,2016-08-30,12708049,113.0
False,2016-08-31,12708049,119.0
False,2016-09-01,12708049,121.0
False,2016-09-02,12708049,127.0
False,2016-09-03,12708049,127.0
False,2016-05-29,7665362,230.0
False,2016-05-30,7665362,230.0
False,2016-05-31,7665362,230.0
False,2016-06-01,7665362,230.0
False,2016-06-02,7665362,230.0
False,2016-06-03,7665362,275.0
False,2016-06-04,7665362,275.0
False,2016-06-05,7665362,230.0
False,2016-06-06,7665362,230.0
False,2016-06-07,7665362,230.0
False,2016-06-08,7665362,230.0
False,2016-06-09,7665362,230.0
False,2016-06-10,7665362,275.0
False,2016-06-11,7665362,275.0
False,2016-06-12,7665362,230.0
False,2016-06-13,7665362,230.0
False,2016-06-14,7665362,230.0
False,2016-06-15,7665362,200.0
False,2016-06-16,7665362,225.0
False,2016-06-17,7665362,275.0
True,2016-06-18,7665362,275.0
False,2016-06-19,7665362,200.0
False,2016-06-20,7665362,250.0
False,2016-06-21,7665362,250.0
False,2016-06-22,7665362,250.0
False,2016-06-23,7665362,200.0
False,2016-06-24,7665362,200.0
False,2016-06-25,7665362,200.0
False,2016-06-26,7665362,300.0
False,2016-06-27,7665362,250.0
False,2016-06-28,7665362,250.0
False,2016-06-29,7665362,200.0
False,2016-06-30,7665362,275.0
False,2016-07-01,7665362,275.0
False,2016-07-02,7665362,275.0
False,2016-07-03,7665362,275.0
False,2016-07-04,7665362,200.0
False,2016-07-05,7665362,200.0
False,2016-07-06,7665362,200.0
False,2016-07-07,7665362,200.0
False,2016-07-08,7665362,200.0
False,2016-07-09,7665362,200.0
False,2016-07-10,7665362,200.0
False,2016-07-11,7665362,200.0
False,2016-07-12,7665362,200.0
False,2016-07-13,7665362,200.0
False,2016-07-14,7665362,200.0
False,2016-07-15,7665362,200.0
False,2016-07-16,7665362,200.0
False,2016-07-17,7665362,200.0
False,2016-07-18,7665362,200.0
False,2016-07-19,7665362,200.0
False,2016-07-20,7665362,200.0
False,2016-07-21,7665362,200.0
False,2016-07-22,7665362,200.0
False,2016-07-23,7665362,200.0
False,2016-07-24,7665362,200.0
False,2016-07-25,7665362,200.0
False,2016-07-26,7665362,200.0
False,2016-07-27,7665362,200.0
False,2016-07-28,7665362,200.0
False,2016-07-29,7665362,200.0
False,2016-07-30,7665362,200.0
False,2016-07-31,7665362,200.0
False,2016-08-01,7665362,200.0
False,2016-08-02,7665362,200.0
False,2016-08-03,7665362,200.0
False,2016-08-04,7665362,206.0
False,2016-08-05,7665362,206.0
False,2016-08-06,7665362,207.0
False,2016-08-07,7665362,208.0
False,2016-08-08,7665362,200.0
False,2016-08-09,7665362,200.0
False,2016-08-10,7665362,200.0
False,2016-08-11,7665362,209.0
False,2016-08-12,7665362,209.0
False,2016-08-13,7665362,210.0
False,2016-08-14,7665362,211.0
False,2016-08-15,7665362,200.0
False,2016-08-16,7665362,200.0
False,2016-08-17,7665362,200.0
False,2016-08-18,7665362,212.0
False,2016-08-19,7665362,211.0
False,2016-08-20,7665362,212.0
False,2016-08-21,7665362,200.0
False,2016-08-22,7665362,202.0
False,2016-08-23,7665362,202.0
False,2016-08-24,7665362,204.0
False,2016-08-25,7665362,200.0
False,2016-08-26,7665362,200.0
False,2016-08-27,7665362,200.0
False,2016-08-28,7665362,200.0
False,2016-08-29,7665362,200.0
False,2016-08-30,7665362,200.0
False,2016-08-31,7665362,200.0
False,2016-09-01,7665362,201.0
False,2016-09-02,7665362,200.0
False,2016-09-03,7665362,215.0
False,2016-05-29,10789800,900.0
False,2016-05-30,10789800,900.0
False,2016-05-31,10789800,900.0
False,2016-06-01,10789800,900.0
False,2016-06-02,10789800,900.0
False,2016-06-03,10789800,1000.0
False,2016-06-04,10789800,1000.0
False,2016-06-05,10789800,900.0
False,2016-06-06,10789800,900.0
False,2016-06-07,10789800,900.0
False,2016-06-08,10789800,900.0
False,2016-06-09,10789800,900.0
False,2016-06-10,10789800,1000.0
False,2016-06-11,10789800,1000.0
False,2016-06-12,10789800,900.0
False,2016-06-13,10789800,900.0
False,2016-06-14,10789800,900.0
False,2016-06-15,10789800,900.0
False,2016-06-16,10789800,900.0
False,2016-06-17,10789800,1000.0
False,2016-06-18,10789800,1000.0
False,2016-06-19,10789800,900.0
False,2016-06-20,10789800,900.0
False,2016-06-21,10789800,900.0
False,2016-06-22,10789800,900.0
False,2016-06-23,10789800,900.0
False,2016-06-24,10789800,1000.0
False,2016-06-25,10789800,1000.0
False,2016-06-26,10789800,900.0
False,2016-06-27,10789800,900.0
False,2016-06-28,10789800,900.0
False,2016-06-29,10789800,900.0
False,2016-06-30,10789800,900.0
False,2016-07-01,10789800,1000.0
False,2016-07-02,10789800,1000.0
False,2016-07-03,10789800,900.0
False,2016-07-04,10789800,900.0
False,2016-07-05,10789800,900.0
False,2016-07-06,10789800,900.0
False,2016-07-07,10789800,900.0
False,2016-07-08,10789800,1000.0
False,2016-07-09,10789800,1000.0
False,2016-07-10,10789800,900.0
False,2016-07-11,10789800,900.0
False,2016-07-12,10789800,900.0
False,2016-07-13,10789800,900.0
False,2016-07-14,10789800,900.0
False,2016-07-15,10789800,1000.0
False,2016-07-16,10789800,1000.0
False,2016-07-17,10789800,900.0
False,2016-07-18,10789800,900.0
False,2016-07-19,10789800,900.0
False,2016-07-20,10789800,900.0
False,2016-07-21,10789800,900.0
False,2016-07-22,10789800,1000.0
False,2016-07-23,10789800,1000.0
False,2016-07-24,10789800,900.0
False,2016-07-25,10789800,900.0
False,2016-07-26,10789800,900.0
False,2016-07-27,10789800,900.0
False,2016-07-28,10789800,900.0
False,2016-07-29,10789800,1000.0
False,2016-07-30,10789800,1000.0
False,2016-07-31,10789800,900.0
False,2016-08-01,10789800,900.0
False,2016-08-02,10789800,900.0
False,2016-08-03,10789800,900.0
False,2016-08-04,10789800,900.0
False,2016-08-05,10789800,1000.0
False,2016-08-06,10789800,1000.0
False,2016-08-07,10789800,900.0
False,2016-08-08,10789800,900.0
False,2016-08-09,10789800,900.0
False,2016-08-10,10789800,900.0
False,2016-08-11,10789800,900.0
False,2016-08-12,10789800,1000.0
False,2016-08-13,10789800,1000.0
False,2016-08-14,10789800,900.0
False,2016-08-15,10789800,900.0
False,2016-08-16,10789800,900.0
False,2016-08-17,10789800,900.0
False,2016-08-18,10789800,900.0
False,2016-08-19,10789800,1000.0
False,2016-08-20,10789800,1000.0
False,2016-08-21,10789800,900.0
False,2016-08-22,10789800,900.0
False,2016-08-23,10789800,900.0
False,2016-08-24,10789800,900.0
False,2016-08-25,10789800,900.0
False,2016-08-26,10789800,1000.0
False,2016-08-27,10789800,1000.0
False,2016-08-28,10789800,900.0
False,2016-08-29,10789800,900.0
False,2016-08-30,10789800,900.0
False,2016-08-31,10789800,900.0
False,2016-09-01,10789800,900.0
False,2016-09-02,10789800,1000.0
False,2016-09-03,10789800,1000.0
False,2016-05-29,12989652,295.0
False,2016-05-30,12989652,295.0
False,2016-05-31,12989652,295.0
False,2016-06-01,12989652,295.0
False,2016-06-02,12989652,295.0
False,2016-06-03,12989652,295.0
False,2016-06-04,12989652,295.0
False,2016-06-05,12989652,295.0
False,2016-06-06,12989652,295.0
False,2016-06-07,12989652,295.0
False,2016-06-08,12989652,295.0
False,2016-06-09,12989652,295.0
False,2016-06-10,12989652,295.0
False,2016-06-11,12989652,295.0
False,2016-06-12,12989652,295.0
False,2016-06-13,12989652,295.0
False,2016-06-14,12989652,295.0
False,2016-06-15,12989652,295.0
False,2016-06-16,12989652,295.0
False,2016-06-17,12989652,295.0
False,2016-06-18,12989652,295.0
False,2016-06-19,12989652,295.0
False,2016-06-20,12989652,295.0
False,2016-06-21,12989652,295.0
False,2016-06-22,12989652,295.0
False,2016-06-23,12989652,295.0
False,2016-06-24,12989652,295.0
False,2016-06-25,12989652,295.0
False,2016-06-26,12989652,295.0
False,2016-06-27,12989652,295.0
False,2016-06-28,12989652,295.0
False,2016-06-29,12989652,295.0
False,2016-06-30,12989652,295.0
False,2016-07-01,12989652,295.0
False,2016-07-02,12989652,295.0
False,2016-07-03,12989652,295.0
False,2016-07-04,12989652,295.0
False,2016-07-05,12989652,295.0
False,2016-07-06,12989652,295.0
False,2016-07-07,12989652,295.0
False,2016-07-08,12989652,295.0
False,2016-07-09,12989652,295.0
False,2016-07-10,12989652,295.0
False,2016-07-11,12989652,295.0
False,2016-07-12,12989652,295.0
False,2016-07-13,12989652,295.0
False,2016-07-14,12989652,295.0
False,2016-07-15,12989652,295.0
False,2016-07-16,12989652,295.0
False,2016-07-17,12989652,295.0
False,2016-07-18,12989652,295.0
False,2016-07-19,12989652,295.0
False,2016-07-20,12989652,295.0
False,2016-07-21,12989652,295.0
True,2016-07-22,12989652,295.0
True,2016-07-23,12989652,295.0
True,2016-07-24,12989652,295.0
True,2016-07-25,12989652,295.0
True,2016-07-26,12989652,295.0
True,2016-07-27,12989652,295.0
True,2016-07-28,12989652,295.0
True,2016-07-29,12989652,295.0
False,2016-07-30,12989652,295.0
False,2016-07-31,12989652,295.0
False,2016-08-01,12989652,295.0
False,2016-08-02,12989652,295.0
False,2016-08-03,12989652,295.0
False,2016-08-04,12989652,295.0
False,2016-08-05,12989652,295.0
False,2016-08-06,12989652,295.0
False,2016-08-07,12989652,295.0
False,2016-08-08,12989652,295.0
False,2016-08-09,12989652,295.0
False,2016-08-10,12989652,295.0
False,2016-08-11,12989652,295.0
False,2016-08-12,12989652,295.0
False,2016-08-13,12989652,295.0
False,2016-08-14,12989652,295.0
False,2016-08-15,12989652,295.0
False,2016-08-16,12989652,295.0
False,2016-08-17,12989652,295.0
False,2016-08-18,12989652,295.0
False,2016-08-19,12989652,295.0
False,2016-08-20,12989652,295.0
False,2016-08-21,12989652,295.0
False,2016-08-22,12989652,295.0
False,2016-08-23,12989652,295.0
False,2016-08-24,12989652,295.0
False,2016-08-25,12989652,295.0
False,2016-08-26,12989652,295.0
False,2016-08-27,12989652,295.0
False,2016-08-28,12989652,295.0
False,2016-08-29,12989652,295.0
False,2016-08-30,12989652,295.0
False,2016-08-31,12989652,295.0
False,2016-09-01,12989652,295.0
False,2016-09-02,12989652,295.0
False,2016-09-03,12989652,295.0
True,2016-05-29,3182798,188.0
True,2016-05-30,3182798,188.0
True,2016-05-31,3182798,188.0
True,2016-06-01,3182798,188.0
True,2016-06-02,3182798,188.0
True,2016-06-03,3182798,208.0
True,2016-06-04,3182798,208.0
False,2016-06-05,3182798,188.0
False,2016-06-06,3182798,188.0
False,2016-06-07,3182798,188.0
True,2016-06-08,3182798,188.0
True,2016-06-09,3182798,188.0
True,2016-06-10,3182798,208.0
True,2016-06-11,3182798,208.0
True,2016-06-12,3182798,188.0
False,2016-06-13,3182798,188.0
False,2016-06-14,3182798,188.0
False,2016-06-15,3182798,188.0
False,2016-06-16,3182798,188.0
False,2016-06-17,3182798,208.0
False,2016-06-18,3182798,208.0
False,2016-06-19,3182798,188.0
False,2016-06-20,3182798,188.0
False,2016-06-21,3182798,188.0
False,2016-06-22,3182798,188.0
True,2016-06-23,3182798,188.0
True,2016-06-24,3182798,208.0
False,2016-06-25,3182798,208.0
False,2016-06-26,3182798,188.0
False,2016-06-27,3182798,188.0
False,2016-06-28,3182798,188.0
True,2016-06-29,3182798,188.0
True,2016-06-30,3182798,188.0
False,2016-07-01,3182798,208.0
False,2016-07-02,3182798,208.0
False,2016-07-03,3182798,188.0
False,2016-07-04,3182798,188.0
False,2016-07-05,3182798,188.0
True,2016-07-06,3182798,188.0
True,2016-07-07,3182798,188.0
True,2016-07-08,3182798,208.0
False,2016-07-09,3182798,208.0
False,2016-07-10,3182798,188.0
False,2016-07-11,3182798,188.0
True,2016-07-12,3182798,188.0
True,2016-07-13,3182798,188.0
True,2016-07-14,3182798,188.0
True,2016-07-15,3182798,208.0
False,2016-07-16,3182798,208.0
False,2016-07-17,3182798,188.0
False,2016-07-18,3182798,188.0
True,2016-07-19,3182798,188.0
False,2016-07-20,3182798,188.0
False,2016-07-21,3182798,188.0
False,2016-07-22,3182798,208.0
True,2016-07-23,3182798,208.0
False,2016-07-24,3182798,188.0
False,2016-07-25,3182798,188.0
False,2016-07-26,3182798,188.0
False,2016-07-27,3182798,188.0
False,2016-07-28,3182798,188.0
False,2016-07-29,3182798,208.0
False,2016-07-30,3182798,208.0
False,2016-07-31,3182798,188.0
True,2016-08-01,3182798,188.0
False,2016-08-02,3182798,188.0
False,2016-08-03,3182798,188.0
False,2016-08-04,3182798,188.0
False,2016-08-05,3182798,208.0
False,2016-08-06,3182798,208.0
True,2016-08-07,3182798,188.0
True,2016-08-08,3182798,188.0
True,2016-08-09,3182798,188.0
True,2016-08-10,3182798,188.0
True,2016-08-11,3182798,188.0
True,2016-08-12,3182798,208.0
True,2016-08-13,3182798,208.0
False,2016-08-14,3182798,188.0
False,2016-08-15,3182798,188.0
False,2016-08-16,3182798,188.0
False,2016-08-17,3182798,188.0
True,2016-08-18,3182798,188.0
True,2016-08-19,3182798,208.0
False,2016-08-20,3182798,208.0
False,2016-08-21,3182798,188.0
False,2016-08-22,3182798,188.0
True,2016-08-23,3182798,188.0
True,2016-08-24,3182798,188.0
True,2016-08-25,3182798,188.0
True,2016-08-26,3182798,208.0
True,2016-08-27,3182798,208.0
True,2016-08-28,3182798,188.0
True,2016-08-29,3182798,188.0
True,2016-08-30,3182798,188.0
True,2016-08-31,3182798,188.0
True,2016-09-01,3182798,188.0
True,2016-09-02,3182798,208.0
True,2016-09-03,3182798,208.0
False,2016-05-29,10812630,198.0
False,2016-05-30,10812630,174.0
False,2016-05-31,10812630,177.0
False,2016-06-01,10812630,283.0
False,2016-06-02,10812630,280.0
False,2016-06-03,10812630,280.0
False,2016-06-04,10812630,228.0
False,2016-06-05,10812630,301.0
False,2016-06-06,10812630,291.0
False,2016-06-07,10812630,298.0
False,2016-06-08,10812630,301.0
False,2016-06-09,10812630,304.0
False,2016-06-10,10812630,311.0
False,2016-06-11,10812630,311.0
False,2016-06-12,10812630,307.0
False,2016-06-13,10812630,276.0
False,2016-06-14,10812630,285.0
False,2016-06-15,10812630,262.0
False,2016-06-16,10812630,208.0
False,2016-06-17,10812630,208.0
False,2016-06-18,10812630,300.0
False,2016-06-19,10812630,300.0
False,2016-06-20,10812630,308.0
False,2016-06-21,10812630,309.0
False,2016-06-22,10812630,309.0
False,2016-06-23,10812630,208.0
False,2016-06-24,10812630,316.0
False,2016-06-25,10812630,312.0
False,2016-06-26,10812630,128.0
False,2016-06-27,10812630,298.0
False,2016-06-28,10812630,298.0
False,2016-06-29,10812630,298.0
False,2016-06-30,10812630,168.0
False,2016-07-01,10812630,314.0
False,2016-07-02,10812630,316.0
False,2016-07-03,10812630,318.0
False,2016-07-04,10812630,328.0
False,2016-07-05,10812630,308.0
False,2016-07-06,10812630,288.0
False,2016-07-07,10812630,268.0
False,2016-07-08,10812630,290.0
False,2016-07-09,10812630,290.0
False,2016-07-10,10812630,268.0
False,2016-07-11,10812630,251.0
False,2016-07-12,10812630,253.0
False,2016-07-13,10812630,288.0
False,2016-07-14,10812630,288.0
False,2016-07-15,10812630,308.0
False,2016-07-16,10812630,308.0
False,2016-07-17,10812630,265.0
False,2016-07-18,10812630,236.0
False,2016-07-19,10812630,218.0
False,2016-07-20,10812630,288.0
False,2016-07-21,10812630,268.0
False,2016-07-22,10812630,308.0
False,2016-07-23,10812630,308.0
False,2016-07-24,10812630,288.0
False,2016-07-25,10812630,160.0
False,2016-07-26,10812630,288.0
False,2016-07-27,10812630,288.0
False,2016-07-28,10812630,288.0
False,2016-07-29,10812630,308.0
False,2016-07-30,10812630,308.0
False,2016-07-31,10812630,288.0
False,2016-08-01,10812630,288.0
False,2016-08-02,10812630,298.0
False,2016-08-03,10812630,298.0
False,2016-08-04,10812630,298.0
False,2016-08-05,10812630,290.0
False,2016-08-06,10812630,290.0
False,2016-08-07,10812630,268.0
True,2016-08-08,10812630,216.0
False,2016-08-09,10812630,308.0
False,2016-08-10,10812630,308.0
False,2016-08-11,10812630,315.0
False,2016-08-12,10812630,315.0
False,2016-08-13,10812630,315.0
True,2016-08-14,10812630,239.0
True,2016-08-15,10812630,219.0
False,2016-08-16,10812630,268.0
False,2016-08-17,10812630,268.0
False,2016-08-18,10812630,268.0
False,2016-08-19,10812630,290.0
True,2016-08-20,10812630,228.0
False,2016-08-21,10812630,288.0
False,2016-08-22,10812630,288.0
False,2016-08-23,10812630,288.0
False,2016-08-24,10812630,288.0
False,2016-08-25,10812630,288.0
False,2016-08-26,10812630,308.0
False,2016-08-27,10812630,308.0
True,2016-08-28,10812630,250.0
True,2016-08-29,10812630,247.0
True,2016-08-30,10812630,236.0
False,2016-08-31,10812630,300.0
False,2016-09-01,10812630,299.0
False,2016-09-02,10812630,255.0
False,2016-09-03,10812630,255.0
False,2016-05-29,3373348,325.0
False,2016-05-30,3373348,325.0
False,2016-05-31,3373348,325.0
False,2016-06-01,3373348,325.0
False,2016-06-02,3373348,325.0
False,2016-06-03,3373348,325.0
False,2016-06-04,3373348,400.0
False,2016-06-05,3373348,400.0
False,2016-06-06,3373348,400.0
False,2016-06-07,3373348,400.0
False,2016-06-08,3373348,400.0
False,2016-06-09,3373348,400.0
False,2016-06-10,3373348,360.0
False,2016-06-11,3373348,360.0
False,2016-06-12,3373348,400.0
False,2016-06-13,3373348,400.0
False,2016-06-14,3373348,400.0
False,2016-06-15,3373348,400.0
False,2016-06-16,3373348,400.0
False,2016-06-17,3373348,400.0
False,2016-06-18,3373348,400.0
False,2016-06-19,3373348,400.0
False,2016-06-20,3373348,400.0
False,2016-06-21,3373348,400.0
False,2016-06-22,3373348,400.0
False,2016-06-23,3373348,400.0
False,2016-06-24,3373348,400.0
False,2016-06-25,3373348,400.0
False,2016-06-26,3373348,400.0
False,2016-06-27,3373348,450.0
False,2016-06-28,3373348,450.0
False,2016-06-29,3373348,450.0
False,2016-06-30,3373348,450.0
False,2016-07-01,3373348,425.0
False,2016-07-02,3373348,425.0
False,2016-07-03,3373348,380.0
False,2016-07-04,3373348,380.0
False,2016-07-05,3373348,380.0
False,2016-07-06,3373348,450.0
False,2016-07-07,3373348,450.0
False,2016-07-08,3373348,450.0
False,2016-07-09,3373348,450.0
False,2016-07-10,3373348,450.0
False,2016-07-11,3373348,450.0
False,2016-07-12,3373348,450.0
False,2016-07-13,3373348,450.0
False,2016-07-14,3373348,450.0
False,2016-07-15,3373348,450.0
False,2016-07-16,3373348,450.0
False,2016-07-17,3373348,450.0
False,2016-07-18,3373348,450.0
False,2016-07-19,3373348,450.0
False,2016-07-20,3373348,450.0
False,2016-07-21,3373348,425.0
False,2016-07-22,3373348,450.0
False,2016-07-23,3373348,450.0
False,2016-07-24,3373348,400.0
False,2016-07-25,3373348,400.0
False,2016-07-26,3373348,450.0
False,2016-07-27,3373348,450.0
False,2016-07-28,3373348,450.0
False,2016-07-29,3373348,450.0
False,2016-07-30,3373348,450.0
False,2016-07-31,3373348,450.0
False,2016-08-01,3373348,450.0
False,2016-08-02,3373348,450.0
False,2016-08-03,3373348,450.0
False,2016-08-04,3373348,450.0
False,2016-08-05,3373348,450.0
False,2016-08-06,3373348,450.0
False,2016-08-07,3373348,450.0
False,2016-08-08,3373348,450.0
False,2016-08-09,3373348,450.0
False,2016-08-10,3373348,450.0
False,2016-08-11,3373348,450.0
False,2016-08-12,3373348,450.0
False,2016-08-13,3373348,450.0
False,2016-08-14,3373348,450.0
False,2016-08-15,3373348,450.0
False,2016-08-16,3373348,450.0
False,2016-08-17,3373348,450.0
False,2016-08-18,3373348,450.0
False,2016-08-19,3373348,450.0
False,2016-08-20,3373348,450.0
False,2016-08-21,3373348,450.0
False,2016-08-22,3373348,450.0
False,2016-08-23,3373348,450.0
False,2016-08-24,3373348,390.0
False,2016-08-25,3373348,390.0
False,2016-08-26,3373348,390.0
False,2016-08-27,3373348,390.0
False,2016-08-28,3373348,390.0
False,2016-08-29,3373348,390.0
False,2016-08-30,3373348,350.0
False,2016-08-31,3373348,350.0
False,2016-09-01,3373348,350.0
False,2016-09-02,3373348,350.0
False,2016-09-03,3373348,350.0
False,2016-05-29,6915290,315.0
False,2016-05-30,6915290,279.0
False,2016-05-31,6915290,278.0
False,2016-06-01,6915290,283.0
False,2016-06-02,6915290,284.0
True,2016-06-03,6915290,289.0
True,2016-06-04,6915290,296.0
False,2016-06-05,6915290,291.0
False,2016-06-06,6915290,360.0
False,2016-06-07,6915290,360.0
False,2016-06-08,6915290,362.0
False,2016-06-09,6915290,463.0
True,2016-06-10,6915290,266.0
False,2016-06-11,6915290,442.0
False,2016-06-12,6915290,309.0
False,2016-06-13,6915290,255.0
False,2016-06-14,6915290,357.0
False,2016-06-15,6915290,394.0
False,2016-06-16,6915290,368.0
False,2016-06-17,6915290,307.0
False,2016-06-18,6915290,355.0
False,2016-06-19,6915290,310.0
False,2016-06-20,6915290,314.0
False,2016-06-21,6915290,319.0
False,2016-06-22,6915290,356.0
False,2016-06-23,6915290,362.0
False,2016-06-24,6915290,386.0
False,2016-06-25,6915290,369.0
False,2016-06-26,6915290,364.0
False,2016-06-27,6915290,318.0
True,2016-06-28,6915290,314.0
True,2016-06-29,6915290,342.0
False,2016-06-30,6915290,344.0
False,2016-07-01,6915290,312.0
False,2016-07-02,6915290,315.0
False,2016-07-03,6915290,306.0
False,2016-07-04,6915290,308.0
False,2016-07-05,6915290,308.0
False,2016-07-06,6915290,312.0
False,2016-07-07,6915290,311.0
False,2016-07-08,6915290,313.0
False,2016-07-09,6915290,316.0
False,2016-07-10,6915290,309.0
False,2016-07-11,6915290,312.0
False,2016-07-12,6915290,420.0
True,2016-07-13,6915290,434.0
True,2016-07-14,6915290,433.0
True,2016-07-15,6915290,562.0
False,2016-07-16,6915290,326.0
False,2016-07-17,6915290,315.0
False,2016-07-18,6915290,315.0
False,2016-07-19,6915290,315.0
False,2016-07-20,6915290,317.0
False,2016-07-21,6915290,318.0
False,2016-07-22,6915290,322.0
False,2016-07-23,6915290,327.0
False,2016-07-24,6915290,320.0
False,2016-07-25,6915290,323.0
False,2016-07-26,6915290,324.0
False,2016-07-27,6915290,363.0
False,2016-07-28,6915290,367.0
False,2016-07-29,6915290,326.0
False,2016-07-30,6915290,330.0
False,2016-07-31,6915290,319.0
False,2016-08-01,6915290,320.0
True,2016-08-02,6915290,319.0
True,2016-08-03,6915290,354.0
False,2016-08-04,6915290,364.0
False,2016-08-05,6915290,369.0
False,2016-08-06,6915290,363.0
False,2016-08-07,6915290,355.0
False,2016-08-08,6915290,376.0
True,2016-08-09,6915290,375.0
False,2016-08-10,6915290,321.0
False,2016-08-11,6915290,323.0
False,2016-08-12,6915290,325.0
False,2016-08-13,6915290,323.0
False,2016-08-14,6915290,312.0
False,2016-08-15,6915290,312.0
False,2016-08-16,6915290,310.0
False,2016-08-17,6915290,351.0
False,2016-08-18,6915290,354.0
False,2016-08-19,6915290,307.0
True,2016-08-20,6915290,307.0
False,2016-08-21,6915290,299.0
False,2016-08-22,6915290,299.0
False,2016-08-23,6915290,298.0
False,2016-08-24,6915290,299.0
False,2016-08-25,6915290,297.0
False,2016-08-26,6915290,297.0
False,2016-08-27,6915290,299.0
False,2016-08-28,6915290,288.0
False,2016-08-29,6915290,356.0
False,2016-08-30,6915290,354.0
False,2016-08-31,6915290,367.0
False,2016-09-01,6915290,364.0
False,2016-09-02,6915290,303.0
False,2016-09-03,6915290,305.0
True,2016-05-29,8651483,400.0
False,2016-05-30,8651483,495.0
False,2016-05-31,8651483,495.0
False,2016-06-01,8651483,495.0
False,2016-06-02,8651483,400.0
False,2016-06-03,8651483,400.0
False,2016-06-04,8651483,400.0
False,2016-06-05,8651483,495.0
False,2016-06-06,8651483,495.0
False,2016-06-07,8651483,495.0
False,2016-06-08,8651483,495.0
False,2016-06-09,8651483,495.0
False,2016-06-10,8651483,495.0
False,2016-06-11,8651483,495.0
False,2016-06-12,8651483,495.0
False,2016-06-13,8651483,495.0
False,2016-06-14,8651483,495.0
False,2016-06-15,8651483,495.0
False,2016-06-16,8651483,495.0
False,2016-06-17,8651483,495.0
False,2016-06-18,8651483,495.0
False,2016-06-19,8651483,495.0
False,2016-06-20,8651483,495.0
False,2016-06-21,8651483,495.0
False,2016-06-22,8651483,495.0
False,2016-06-23,8651483,495.0
False,2016-06-24,8651483,495.0
False,2016-06-25,8651483,495.0
False,2016-06-26,8651483,495.0
False,2016-06-27,8651483,495.0
False,2016-06-28,8651483,495.0
False,2016-06-29,8651483,495.0
False,2016-06-30,8651483,495.0
False,2016-07-01,8651483,495.0
False,2016-07-02,8651483,495.0
False,2016-07-03,8651483,495.0
False,2016-07-04,8651483,495.0
False,2016-07-05,8651483,495.0
False,2016-07-06,8651483,495.0
False,2016-07-07,8651483,495.0
False,2016-07-08,8651483,495.0
False,2016-07-09,8651483,495.0
False,2016-07-10,8651483,495.0
False,2016-07-11,8651483,495.0
False,2016-07-12,8651483,495.0
False,2016-07-13,8651483,495.0
False,2016-07-14,8651483,495.0
False,2016-07-15,8651483,495.0
False,2016-07-16,8651483,495.0
False,2016-07-17,8651483,495.0
False,2016-07-18,8651483,495.0
False,2016-07-19,8651483,495.0
False,2016-07-20,8651483,495.0
False,2016-07-21,8651483,495.0
False,2016-07-22,8651483,495.0
False,2016-07-23,8651483,495.0
False,2016-07-24,8651483,495.0
False,2016-07-25,8651483,495.0
False,2016-07-26,8651483,495.0
False,2016-07-27,8651483,495.0
False,2016-07-28,8651483,495.0
False,2016-07-29,8651483,495.0
False,2016-07-30,8651483,495.0
False,2016-07-31,8651483,495.0
False,2016-08-01,8651483,495.0
False,2016-08-02,8651483,495.0
False,2016-08-03,8651483,495.0
False,2016-08-04,8651483,495.0
False,2016-08-05,8651483,495.0
False,2016-08-06,8651483,495.0
False,2016-08-07,8651483,495.0
False,2016-08-08,8651483,495.0
False,2016-08-09,8651483,495.0
False,2016-08-10,8651483,495.0
False,2016-08-11,8651483,495.0
False,2016-08-12,8651483,495.0
False,2016-08-13,8651483,495.0
False,2016-08-14,8651483,495.0
False,2016-08-15,8651483,495.0
False,2016-08-16,8651483,495.0
False,2016-08-17,8651483,495.0
False,2016-08-18,8651483,495.0
False,2016-08-19,8651483,495.0
False,2016-08-20,8651483,495.0
False,2016-08-21,8651483,495.0
False,2016-08-22,8651483,495.0
False,2016-08-23,8651483,495.0
False,2016-08-24,8651483,495.0
False,2016-08-25,8651483,495.0
False,2016-08-26,8651483,495.0
False,2016-08-27,8651483,495.0
False,2016-08-28,8651483,495.0
False,2016-08-29,8651483,495.0
False,2016-08-30,8651483,495.0
False,2016-08-31,8651483,495.0
True,2016-09-01,8651483,495.0
True,2016-09-02,8651483,495.0
True,2016-09-03,8651483,495.0
False,2016-05-29,1684346,179.0
True,2016-05-30,1684346,171.0
True,2016-05-31,1684346,171.0
True,2016-06-01,1684346,171.0
False,2016-06-02,1684346,179.0
False,2016-06-03,1684346,259.0
False,2016-06-04,1684346,190.0
False,2016-06-05,1684346,190.0
False,2016-06-06,1684346,250.0
False,2016-06-07,1684346,200.0
False,2016-06-08,1684346,179.0
False,2016-06-09,1684346,179.0
False,2016-06-10,1684346,259.0
False,2016-06-11,1684346,259.0
False,2016-06-12,1684346,179.0
False,2016-06-13,1684346,179.0
False,2016-06-14,1684346,179.0
False,2016-06-15,1684346,179.0
False,2016-06-16,1684346,179.0
False,2016-06-17,1684346,259.0
False,2016-06-18,1684346,259.0
False,2016-06-19,1684346,179.0
False,2016-06-20,1684346,179.0
False,2016-06-21,1684346,179.0
False,2016-06-22,1684346,179.0
False,2016-06-23,1684346,179.0
False,2016-06-24,1684346,259.0
False,2016-06-25,1684346,259.0
False,2016-06-26,1684346,179.0
False,2016-06-27,1684346,179.0
False,2016-06-28,1684346,179.0
False,2016-06-29,1684346,179.0
False,2016-06-30,1684346,179.0
False,2016-07-01,1684346,259.0
False,2016-07-02,1684346,259.0
False,2016-07-03,1684346,179.0
False,2016-07-04,1684346,190.0
False,2016-07-05,1684346,190.0
False,2016-07-06,1684346,191.0
False,2016-07-07,1684346,200.0
False,2016-07-08,1684346,250.0
False,2016-07-09,1684346,250.0
True,2016-07-10,1684346,208.0
False,2016-07-11,1684346,208.0
False,2016-07-12,1684346,208.0
False,2016-07-13,1684346,208.0
False,2016-07-14,1684346,179.0
False,2016-07-15,1684346,259.0
False,2016-07-16,1684346,259.0
False,2016-07-17,1684346,179.0
False,2016-07-18,1684346,179.0
False,2016-07-19,1684346,179.0
False,2016-07-20,1684346,179.0
False,2016-07-21,1684346,179.0
False,2016-07-22,1684346,259.0
False,2016-07-23,1684346,259.0
True,2016-07-24,1684346,225.0
False,2016-07-25,1684346,179.0
False,2016-07-26,1684346,209.0
False,2016-07-27,1684346,179.0
False,2016-07-28,1684346,179.0
False,2016-07-29,1684346,259.0
False,2016-07-30,1684346,259.0
False,2016-07-31,1684346,179.0
False,2016-08-01,1684346,179.0
False,2016-08-02,1684346,179.0
False,2016-08-03,1684346,179.0
False,2016-08-04,1684346,179.0
False,2016-08-05,1684346,259.0
False,2016-08-06,1684346,259.0
False,2016-08-07,1684346,179.0
False,2016-08-08,1684346,179.0
False,2016-08-09,1684346,179.0
False,2016-08-10,1684346,179.0
False,2016-08-11,1684346,208.0
False,2016-08-12,1684346,266.0
False,2016-08-13,1684346,266.0
False,2016-08-14,1684346,182.0
False,2016-08-15,1684346,182.0
False,2016-08-16,1684346,182.0
False,2016-08-17,1684346,182.0
False,2016-08-18,1684346,182.0
False,2016-08-19,1684346,259.0
False,2016-08-20,1684346,259.0
False,2016-08-21,1684346,179.0
False,2016-08-22,1684346,179.0
False,2016-08-23,1684346,179.0
False,2016-08-24,1684346,179.0
False,2016-08-25,1684346,179.0
False,2016-08-26,1684346,259.0
False,2016-08-27,1684346,259.0
False,2016-08-28,1684346,179.0
False,2016-08-29,1684346,179.0
False,2016-08-30,1684346,179.0
False,2016-08-31,1684346,179.0
False,2016-09-01,1684346,179.0
False,2016-09-02,1684346,259.0
False,2016-09-03,1684346,259.0
False,2016-05-29,1122014,250.0
False,2016-05-30,1122014,250.0
False,2016-05-31,1122014,250.0
False,2016-06-01,1122014,250.0
False,2016-06-02,1122014,275.0
False,2016-06-03,1122014,275.0
False,2016-06-04,1122014,275.0
False,2016-06-05,1122014,275.0
False,2016-06-06,1122014,275.0
False,2016-06-07,1122014,275.0
False,2016-06-08,1122014,275.0
False,2016-06-09,1122014,275.0
False,2016-06-10,1122014,275.0
False,2016-06-11,1122014,275.0
True,2016-06-12,1122014,275.0
False,2016-06-13,1122014,250.0
False,2016-06-14,1122014,250.0
False,2016-06-15,1122014,250.0
False,2016-06-16,1122014,250.0
False,2016-06-17,1122014,250.0
False,2016-06-18,1122014,250.0
False,2016-06-19,1122014,275.0
False,2016-06-20,1122014,275.0
False,2016-06-21,1122014,275.0
True,2016-06-22,1122014,250.0
True,2016-06-23,1122014,250.0
False,2016-06-24,1122014,250.0
False,2016-06-25,1122014,250.0
False,2016-06-26,1122014,250.0
False,2016-06-27,1122014,250.0
False,2016-06-28,1122014,250.0
False,2016-06-29,1122014,275.0
False,2016-06-30,1122014,275.0
False,2016-07-01,1122014,275.0
False,2016-07-02,1122014,275.0
False,2016-07-03,1122014,275.0
False,2016-07-04,1122014,250.0
False,2016-07-05,1122014,250.0
False,2016-07-06,1122014,250.0
False,2016-07-07,1122014,250.0
False,2016-07-08,1122014,275.0
False,2016-07-09,1122014,275.0
False,2016-07-10,1122014,275.0
True,2016-07-11,1122014,250.0
True,2016-07-12,1122014,250.0
False,2016-07-13,1122014,250.0
False,2016-07-14,1122014,275.0
False,2016-07-15,1122014,275.0
False,2016-07-16,1122014,275.0
False,2016-07-17,1122014,275.0
False,2016-07-18,1122014,275.0
False,2016-07-19,1122014,275.0
False,2016-07-20,1122014,275.0
False,2016-07-21,1122014,275.0
False,2016-07-22,1122014,275.0
False,2016-07-23,1122014,275.0
False,2016-07-24,1122014,275.0
False,2016-07-25,1122014,275.0
False,2016-07-26,1122014,275.0
False,2016-07-27,1122014,275.0
False,2016-07-28,1122014,275.0
False,2016-07-29,1122014,275.0
False,2016-07-30,1122014,275.0
False,2016-07-31,1122014,275.0
False,2016-08-01,1122014,275.0
False,2016-08-02,1122014,275.0
False,2016-08-03,1122014,275.0
False,2016-08-04,1122014,275.0
False,2016-08-05,1122014,275.0
False,2016-08-06,1122014,275.0
True,2016-08-07,1122014,275.0
False,2016-08-08,1122014,275.0
False,2016-08-09,1122014,275.0
False,2016-08-10,1122014,275.0
False,2016-08-11,1122014,275.0
False,2016-08-12,1122014,275.0
True,2016-08-13,1122014,250.0
True,2016-08-14,1122014,250.0
False,2016-08-15,1122014,250.0
False,2016-08-16,1122014,275.0
False,2016-08-17,1122014,275.0
False,2016-08-18,1122014,275.0
False,2016-08-19,1122014,275.0
False,2016-08-20,1122014,275.0
True,2016-08-21,1122014,275.0
True,2016-08-22,1122014,275.0
True,2016-08-23,1122014,275.0
False,2016-08-24,1122014,275.0
False,2016-08-25,1122014,275.0
False,2016-08-26,1122014,275.0
False,2016-08-27,1122014,275.0
True,2016-08-28,1122014,275.0
True,2016-08-29,1122014,275.0
False,2016-08-30,1122014,275.0
False,2016-08-31,1122014,275.0
False,2016-09-01,1122014,275.0
False,2016-09-02,1122014,275.0
True,2016-09-03,1122014,275.0
False,2016-05-29,6107359,326.0
False,2016-05-30,6107359,336.0
False,2016-05-31,6107359,344.0
False,2016-06-01,6107359,347.0
False,2016-06-02,6107359,351.0
False,2016-06-03,6107359,349.0
False,2016-06-04,6107359,312.0
False,2016-06-05,6107359,300.0
False,2016-06-06,6107359,340.0
False,2016-06-07,6107359,348.0
False,2016-06-08,6107359,348.0
False,2016-06-09,6107359,339.0
False,2016-06-10,6107359,342.0
False,2016-06-11,6107359,339.0
False,2016-06-12,6107359,325.0
False,2016-06-13,6107359,305.0
False,2016-06-14,6107359,312.0
False,2016-06-15,6107359,411.0
False,2016-06-16,6107359,368.0
False,2016-06-17,6107359,350.0
False,2016-06-18,6107359,350.0
False,2016-06-19,6107359,338.0
False,2016-06-20,6107359,342.0
False,2016-06-21,6107359,348.0
False,2016-06-22,6107359,264.0
False,2016-06-23,6107359,354.0
False,2016-06-24,6107359,352.0
False,2016-06-25,6107359,353.0
True,2016-06-26,6107359,200.0
False,2016-06-27,6107359,343.0
False,2016-06-28,6107359,350.0
False,2016-06-29,6107359,353.0
False,2016-06-30,6107359,358.0
False,2016-07-01,6107359,356.0
False,2016-07-02,6107359,354.0
False,2016-07-03,6107359,341.0
False,2016-07-04,6107359,345.0
True,2016-07-05,6107359,206.0
False,2016-07-06,6107359,356.0
False,2016-07-07,6107359,361.0
False,2016-07-08,6107359,359.0
False,2016-07-09,6107359,358.0
False,2016-07-10,6107359,345.0
False,2016-07-11,6107359,245.0
False,2016-07-12,6107359,386.0
False,2016-07-13,6107359,388.0
False,2016-07-14,6107359,366.0
False,2016-07-15,6107359,365.0
False,2016-07-16,6107359,364.0
False,2016-07-17,6107359,350.0
False,2016-07-18,6107359,355.0
False,2016-07-19,6107359,363.0
False,2016-07-20,6107359,359.0
False,2016-07-21,6107359,362.0
False,2016-07-22,6107359,365.0
False,2016-07-23,6107359,362.0
False,2016-07-24,6107359,358.0
False,2016-07-25,6107359,362.0
False,2016-07-26,6107359,369.0
False,2016-07-27,6107359,372.0
False,2016-07-28,6107359,381.0
False,2016-07-29,6107359,381.0
False,2016-07-30,6107359,379.0
False,2016-07-31,6107359,367.0
True,2016-08-01,6107359,337.0
True,2016-08-02,6107359,342.0
False,2016-08-03,6107359,403.0
False,2016-08-04,6107359,407.0
False,2016-08-05,6107359,496.0
False,2016-08-06,6107359,469.0
False,2016-08-07,6107359,389.0
False,2016-08-08,6107359,344.0
False,2016-08-09,6107359,349.0
False,2016-08-10,6107359,373.0
False,2016-08-11,6107359,376.0
False,2016-08-12,6107359,375.0
False,2016-08-13,6107359,387.0
False,2016-08-14,6107359,374.0
False,2016-08-15,6107359,378.0
False,2016-08-16,6107359,383.0
False,2016-08-17,6107359,386.0
False,2016-08-18,6107359,391.0
False,2016-08-19,6107359,390.0
False,2016-08-20,6107359,386.0
True,2016-08-21,6107359,335.0
True,2016-08-22,6107359,337.0
False,2016-08-23,6107359,392.0
False,2016-08-24,6107359,395.0
False,2016-08-25,6107359,398.0
False,2016-08-26,6107359,396.0
True,2016-08-27,6107359,388.0
True,2016-08-28,6107359,371.0
True,2016-08-29,6107359,376.0
True,2016-08-30,6107359,380.0
True,2016-08-31,6107359,385.0
True,2016-09-01,6107359,389.0
True,2016-09-02,6107359,386.0
True,2016-09-03,6107359,390.0
False,2016-05-29,4638432,400.0
False,2016-05-30,4638432,250.0
False,2016-05-31,4638432,250.0
True,2016-06-01,4638432,250.0
True,2016-06-02,4638432,300.0
False,2016-06-03,4638432,300.0
False,2016-06-04,4638432,300.0
False,2016-06-05,4638432,400.0
False,2016-06-06,4638432,400.0
False,2016-06-07,4638432,400.0
False,2016-06-08,4638432,400.0
False,2016-06-09,4638432,400.0
False,2016-06-10,4638432,400.0
False,2016-06-11,4638432,400.0
False,2016-06-12,4638432,400.0
False,2016-06-13,4638432,400.0
False,2016-06-14,4638432,400.0
False,2016-06-15,4638432,400.0
False,2016-06-16,4638432,400.0
False,2016-06-17,4638432,400.0
False,2016-06-18,4638432,400.0
False,2016-06-19,4638432,400.0
False,2016-06-20,4638432,400.0
False,2016-06-21,4638432,300.0
False,2016-06-22,4638432,300.0
False,2016-06-23,4638432,550.0
False,2016-06-24,4638432,550.0
False,2016-06-25,4638432,550.0
False,2016-06-26,4638432,550.0
True,2016-06-27,4638432,450.0
False,2016-06-28,4638432,450.0
False,2016-06-29,4638432,450.0
False,2016-06-30,4638432,450.0
False,2016-07-01,4638432,400.0
False,2016-07-02,4638432,400.0
False,2016-07-03,4638432,400.0
False,2016-07-04,4638432,400.0
False,2016-07-05,4638432,400.0
False,2016-07-06,4638432,400.0
False,2016-07-07,4638432,400.0
False,2016-07-08,4638432,400.0
False,2016-07-09,4638432,400.0
False,2016-07-10,4638432,400.0
False,2016-07-11,4638432,400.0
False,2016-07-12,4638432,400.0
False,2016-07-13,4638432,400.0
False,2016-07-14,4638432,400.0
False,2016-07-15,4638432,400.0
False,2016-07-16,4638432,400.0
False,2016-07-17,4638432,400.0
True,2016-07-18,4638432,400.0
False,2016-07-19,4638432,400.0
False,2016-07-20,4638432,400.0
False,2016-07-21,4638432,400.0
False,2016-07-22,4638432,400.0
False,2016-07-23,4638432,250.0
False,2016-07-24,4638432,250.0
False,2016-07-25,4638432,400.0
False,2016-07-26,4638432,400.0
False,2016-07-27,4638432,400.0
False,2016-07-28,4638432,400.0
True,2016-07-29,4638432,400.0
False,2016-07-30,4638432,400.0
False,2016-07-31,4638432,400.0
False,2016-08-01,4638432,400.0
False,2016-08-02,4638432,400.0
True,2016-08-03,4638432,250.0
True,2016-08-04,4638432,250.0
False,2016-08-05,4638432,400.0
False,2016-08-06,4638432,400.0
False,2016-08-07,4638432,400.0
False,2016-08-08,4638432,250.0
False,2016-08-09,4638432,250.0
False,2016-08-10,4638432,400.0
False,2016-08-11,4638432,400.0
False,2016-08-12,4638432,400.0
True,2016-08-13,4638432,400.0
True,2016-08-14,4638432,400.0
False,2016-08-15,4638432,400.0
False,2016-08-16,4638432,400.0
False,2016-08-17,4638432,400.0
True,2016-08-18,4638432,400.0
False,2016-08-19,4638432,400.0
False,2016-08-20,4638432,400.0
False,2016-08-21,4638432,300.0
False,2016-08-22,4638432,300.0
False,2016-08-23,4638432,300.0
False,2016-08-24,4638432,400.0
False,2016-08-25,4638432,400.0
False,2016-08-26,4638432,400.0
False,2016-08-27,4638432,400.0
False,2016-08-28,4638432,400.0
False,2016-08-29,4638432,400.0
True,2016-08-30,4638432,300.0
True,2016-08-31,4638432,300.0
True,2016-09-01,4638432,300.0
False,2016-09-02,4638432,400.0
False,2016-09-03,4638432,400.0
False,2016-05-29,10633441,195.0
False,2016-05-30,10633441,195.0
False,2016-05-31,10633441,195.0
False,2016-06-01,10633441,195.0
False,2016-06-02,10633441,195.0
False,2016-06-03,10633441,195.0
False,2016-06-04,10633441,195.0
False,2016-06-05,10633441,195.0
False,2016-06-06,10633441,195.0
False,2016-06-07,10633441,195.0
False,2016-06-08,10633441,195.0
False,2016-06-09,10633441,195.0
False,2016-06-10,10633441,195.0
False,2016-06-11,10633441,195.0
False,2016-06-12,10633441,195.0
False,2016-06-13,10633441,195.0
False,2016-06-14,10633441,195.0
False,2016-06-15,10633441,195.0
False,2016-06-16,10633441,195.0
False,2016-06-17,10633441,195.0
False,2016-06-18,10633441,195.0
False,2016-06-19,10633441,195.0
False,2016-06-20,10633441,195.0
False,2016-06-21,10633441,195.0
False,2016-06-22,10633441,195.0
False,2016-06-23,10633441,195.0
False,2016-06-24,10633441,195.0
False,2016-06-25,10633441,195.0
False,2016-06-26,10633441,195.0
False,2016-06-27,10633441,195.0
False,2016-06-28,10633441,195.0
False,2016-06-29,10633441,195.0
False,2016-06-30,10633441,195.0
False,2016-07-01,10633441,195.0
False,2016-07-02,10633441,195.0
False,2016-07-03,10633441,195.0
False,2016-07-04,10633441,195.0
False,2016-07-05,10633441,195.0
False,2016-07-06,10633441,195.0
False,2016-07-07,10633441,195.0
False,2016-07-08,10633441,195.0
False,2016-07-09,10633441,195.0
False,2016-07-10,10633441,195.0
False,2016-07-11,10633441,195.0
False,2016-07-12,10633441,195.0
False,2016-07-13,10633441,195.0
False,2016-07-14,10633441,195.0
False,2016-07-15,10633441,195.0
False,2016-07-16,10633441,195.0
False,2016-07-17,10633441,195.0
False,2016-07-18,10633441,195.0
False,2016-07-19,10633441,195.0
False,2016-07-20,10633441,195.0
False,2016-07-21,10633441,195.0
False,2016-07-22,10633441,195.0
False,2016-07-23,10633441,195.0
False,2016-07-24,10633441,195.0
False,2016-07-25,10633441,195.0
False,2016-07-26,10633441,195.0
False,2016-07-27,10633441,195.0
False,2016-07-28,10633441,195.0
False,2016-07-29,10633441,195.0
False,2016-07-30,10633441,195.0
False,2016-07-31,10633441,195.0
False,2016-08-01,10633441,195.0
False,2016-08-02,10633441,195.0
False,2016-08-03,10633441,195.0
False,2016-08-04,10633441,195.0
False,2016-08-05,10633441,195.0
False,2016-08-06,10633441,195.0
False,2016-08-07,10633441,195.0
False,2016-08-08,10633441,195.0
False,2016-08-09,10633441,195.0
False,2016-08-10,10633441,195.0
False,2016-08-11,10633441,195.0
False,2016-08-12,10633441,195.0
False,2016-08-13,10633441,195.0
False,2016-08-14,10633441,195.0
False,2016-08-15,10633441,195.0
False,2016-08-16,10633441,195.0
False,2016-08-17,10633441,195.0
False,2016-08-18,10633441,195.0
False,2016-08-19,10633441,195.0
False,2016-08-20,10633441,195.0
False,2016-08-21,10633441,195.0
False,2016-08-22,10633441,195.0
False,2016-08-23,10633441,195.0
False,2016-08-24,10633441,195.0
False,2016-08-25,10633441,195.0
False,2016-08-26,10633441,195.0
False,2016-08-27,10633441,195.0
False,2016-08-28,10633441,195.0
False,2016-08-29,10633441,195.0
False,2016-08-30,10633441,195.0
False,2016-08-31,10633441,195.0
False,2016-09-01,10633441,195.0
False,2016-09-02,10633441,195.0
False,2016-09-03,10633441,195.0
True,2016-05-29,12590307,150.0
True,2016-05-30,12590307,150.0
True,2016-05-31,12590307,150.0
True,2016-06-01,12590307,150.0
True,2016-06-02,12590307,150.0
False,2016-06-03,12590307,164.0
False,2016-06-04,12590307,164.0
False,2016-06-05,12590307,162.0
False,2016-06-06,12590307,174.0
False,2016-06-07,12590307,176.0
False,2016-06-08,12590307,180.0
False,2016-06-09,12590307,196.0
False,2016-06-10,12590307,150.0
False,2016-06-11,12590307,150.0
False,2016-06-12,12590307,167.0
False,2016-06-13,12590307,168.0
False,2016-06-14,12590307,177.0
False,2016-06-15,12590307,180.0
False,2016-06-16,12590307,192.0
False,2016-06-17,12590307,180.0
False,2016-06-18,12590307,179.0
False,2016-06-19,12590307,169.0
False,2016-06-20,12590307,171.0
False,2016-06-21,12590307,173.0
False,2016-06-22,12590307,182.0
False,2016-06-23,12590307,186.0
False,2016-06-24,12590307,186.0
False,2016-06-25,12590307,180.0
True,2016-06-26,12590307,150.0
True,2016-06-27,12590307,150.0
False,2016-06-28,12590307,176.0
False,2016-06-29,12590307,183.0
False,2016-06-30,12590307,182.0
False,2016-07-01,12590307,177.0
False,2016-07-02,12590307,174.0
False,2016-07-03,12590307,173.0
False,2016-07-04,12590307,174.0
False,2016-07-05,12590307,176.0
True,2016-07-06,12590307,150.0
True,2016-07-07,12590307,150.0
True,2016-07-08,12590307,150.0
True,2016-07-09,12590307,150.0
False,2016-07-10,12590307,175.0
False,2016-07-11,12590307,173.0
False,2016-07-12,12590307,193.0
False,2016-07-13,12590307,195.0
False,2016-07-14,12590307,200.0
False,2016-07-15,12590307,218.0
False,2016-07-16,12590307,192.0
True,2016-07-17,12590307,150.0
True,2016-07-18,12590307,150.0
False,2016-07-19,12590307,184.0
False,2016-07-20,12590307,197.0
False,2016-07-21,12590307,188.0
False,2016-07-22,12590307,189.0
False,2016-07-23,12590307,188.0
False,2016-07-24,12590307,187.0
False,2016-07-25,12590307,190.0
False,2016-07-26,12590307,185.0
False,2016-07-27,12590307,193.0
False,2016-07-28,12590307,196.0
False,2016-07-29,12590307,197.0
False,2016-07-30,12590307,199.0
False,2016-07-31,12590307,187.0
False,2016-08-01,12590307,184.0
True,2016-08-02,12590307,152.0
False,2016-08-03,12590307,202.0
False,2016-08-04,12590307,205.0
False,2016-08-05,12590307,204.0
False,2016-08-06,12590307,201.0
False,2016-08-07,12590307,198.0
False,2016-08-08,12590307,201.0
False,2016-08-09,12590307,202.0
True,2016-08-10,12590307,153.0
True,2016-08-11,12590307,155.0
True,2016-08-12,12590307,165.0
True,2016-08-13,12590307,166.0
False,2016-08-14,12590307,195.0
False,2016-08-15,12590307,196.0
False,2016-08-16,12590307,204.0
False,2016-08-17,12590307,205.0
False,2016-08-18,12590307,205.0
False,2016-08-19,12590307,196.0
False,2016-08-20,12590307,194.0
True,2016-08-21,12590307,156.0
True,2016-08-22,12590307,151.0
True,2016-08-23,12590307,150.0
True,2016-08-24,12590307,150.0
True,2016-08-25,12590307,154.0
False,2016-08-26,12590307,188.0
False,2016-08-27,12590307,189.0
False,2016-08-28,12590307,177.0
False,2016-08-29,12590307,184.0
False,2016-08-30,12590307,185.0
False,2016-08-31,12590307,186.0
False,2016-09-01,12590307,188.0
False,2016-09-02,12590307,185.0
False,2016-09-03,12590307,186.0
False,2016-05-29,12656357,152.0
False,2016-05-30,12656357,152.0
False,2016-05-31,12656357,152.0
False,2016-06-01,12656357,152.0
False,2016-06-02,12656357,75.0
False,2016-06-03,12656357,152.0
False,2016-06-04,12656357,152.0
False,2016-06-05,12656357,152.0
False,2016-06-06,12656357,152.0
False,2016-06-07,12656357,152.0
False,2016-06-08,12656357,152.0
False,2016-06-09,12656357,78.0
False,2016-06-10,12656357,152.0
False,2016-06-11,12656357,152.0
False,2016-06-12,12656357,152.0
False,2016-06-13,12656357,152.0
False,2016-06-14,12656357,152.0
False,2016-06-15,12656357,152.0
False,2016-06-16,12656357,152.0
False,2016-06-17,12656357,152.0
False,2016-06-18,12656357,152.0
False,2016-06-19,12656357,152.0
False,2016-06-20,12656357,152.0
False,2016-06-21,12656357,152.0
False,2016-06-22,12656357,152.0
False,2016-06-23,12656357,152.0
False,2016-06-24,12656357,152.0
False,2016-06-25,12656357,178.0
False,2016-06-26,12656357,152.0
False,2016-06-27,12656357,152.0
False,2016-06-28,12656357,152.0
False,2016-06-29,12656357,152.0
False,2016-06-30,12656357,152.0
False,2016-07-01,12656357,152.0
False,2016-07-02,12656357,152.0
False,2016-07-03,12656357,152.0
False,2016-07-04,12656357,152.0
False,2016-07-05,12656357,152.0
False,2016-07-06,12656357,152.0
False,2016-07-07,12656357,152.0
False,2016-07-08,12656357,152.0
False,2016-07-09,12656357,152.0
False,2016-07-10,12656357,152.0
False,2016-07-11,12656357,152.0
False,2016-07-12,12656357,152.0
False,2016-07-13,12656357,152.0
False,2016-07-14,12656357,152.0
False,2016-07-15,12656357,152.0
False,2016-07-16,12656357,152.0
False,2016-07-17,12656357,152.0
False,2016-07-18,12656357,152.0
False,2016-07-19,12656357,152.0
False,2016-07-20,12656357,152.0
False,2016-07-21,12656357,152.0
False,2016-07-22,12656357,152.0
False,2016-07-23,12656357,152.0
False,2016-07-24,12656357,152.0
False,2016-07-25,12656357,152.0
False,2016-07-26,12656357,152.0
False,2016-07-27,12656357,152.0
False,2016-07-28,12656357,152.0
False,2016-07-29,12656357,152.0
False,2016-07-30,12656357,152.0
False,2016-07-31,12656357,152.0
False,2016-08-01,12656357,152.0
False,2016-08-02,12656357,152.0
False,2016-08-03,12656357,152.0
False,2016-08-04,12656357,152.0
False,2016-08-05,12656357,152.0
False,2016-08-06,12656357,152.0
False,2016-08-07,12656357,152.0
False,2016-08-08,12656357,152.0
False,2016-08-09,12656357,152.0
False,2016-08-10,12656357,152.0
False,2016-08-11,12656357,152.0
False,2016-08-12,12656357,152.0
False,2016-08-13,12656357,152.0
False,2016-08-14,12656357,152.0
False,2016-08-15,12656357,152.0
False,2016-08-16,12656357,152.0
True,2016-08-17,12656357,128.0
False,2016-08-18,12656357,152.0
False,2016-08-19,12656357,152.0
False,2016-08-20,12656357,152.0
False,2016-08-21,12656357,152.0
False,2016-08-22,12656357,152.0
False,2016-08-23,12656357,152.0
False,2016-08-24,12656357,152.0
False,2016-08-25,12656357,152.0
False,2016-08-26,12656357,152.0
False,2016-08-27,12656357,152.0
False,2016-08-28,12656357,152.0
False,2016-08-29,12656357,152.0
False,2016-08-30,12656357,152.0
False,2016-08-31,12656357,152.0
False,2016-09-01,12656357,152.0
False,2016-09-02,12656357,152.0
False,2016-09-03,12656357,152.0
False,2016-05-29,1850609,172.0
False,2016-05-30,1850609,173.0
False,2016-05-31,1850609,174.0
False,2016-06-01,1850609,178.0
False,2016-06-02,1850609,179.0
False,2016-06-03,1850609,155.0
False,2016-06-04,1850609,161.0
False,2016-06-05,1850609,173.0
False,2016-06-06,1850609,185.0
True,2016-06-07,1850609,150.0
False,2016-06-08,1850609,195.0
False,2016-06-09,1850609,213.0
False,2016-06-10,1850609,188.0
False,2016-06-11,1850609,196.0
False,2016-06-12,1850609,178.0
False,2016-06-13,1850609,180.0
False,2016-06-14,1850609,189.0
False,2016-06-15,1850609,192.0
True,2016-06-16,1850609,150.0
False,2016-06-17,1850609,192.0
False,2016-06-18,1850609,191.0
False,2016-06-19,1850609,181.0
True,2016-06-20,1850609,150.0
False,2016-06-21,1850609,215.0
False,2016-06-22,1850609,225.0
False,2016-06-23,1850609,228.0
False,2016-06-24,1850609,227.0
False,2016-06-25,1850609,221.0
True,2016-06-26,1850609,150.0
False,2016-06-27,1850609,189.0
False,2016-06-28,1850609,189.0
False,2016-06-29,1850609,198.0
False,2016-06-30,1850609,197.0
False,2016-07-01,1850609,193.0
False,2016-07-02,1850609,191.0
False,2016-07-03,1850609,189.0
False,2016-07-04,1850609,190.0
False,2016-07-05,1850609,208.0
False,2016-07-06,1850609,208.0
False,2016-07-07,1850609,208.0
False,2016-07-08,1850609,208.0
False,2016-07-09,1850609,208.0
False,2016-07-10,1850609,208.0
False,2016-07-11,1850609,208.0
False,2016-07-12,1850609,208.0
False,2016-07-13,1850609,208.0
False,2016-07-14,1850609,208.0
False,2016-07-15,1850609,208.0
False,2016-07-16,1850609,208.0
True,2016-07-17,1850609,158.0
False,2016-07-18,1850609,208.0
False,2016-07-19,1850609,208.0
False,2016-07-20,1850609,208.0
False,2016-07-21,1850609,208.0
False,2016-07-22,1850609,208.0
False,2016-07-23,1850609,208.0
False,2016-07-24,1850609,208.0
False,2016-07-25,1850609,208.0
False,2016-07-26,1850609,208.0
False,2016-07-27,1850609,208.0
False,2016-07-28,1850609,208.0
False,2016-07-29,1850609,215.0
False,2016-07-30,1850609,215.0
False,2016-07-31,1850609,215.0
False,2016-08-01,1850609,188.0
False,2016-08-02,1850609,188.0
False,2016-08-03,1850609,188.0
False,2016-08-04,1850609,222.0
False,2016-08-05,1850609,221.0
False,2016-08-06,1850609,217.0
False,2016-08-07,1850609,214.0
False,2016-08-08,1850609,179.0
False,2016-08-09,1850609,177.0
False,2016-08-10,1850609,169.0
False,2016-08-11,1850609,214.0
False,2016-08-12,1850609,214.0
False,2016-08-13,1850609,212.0
False,2016-08-14,1850609,209.0
False,2016-08-15,1850609,209.0
False,2016-08-16,1850609,217.0
False,2016-08-17,1850609,218.0
False,2016-08-18,1850609,219.0
False,2016-08-19,1850609,209.0
False,2016-08-20,1850609,207.0
False,2016-08-21,1850609,204.0
False,2016-08-22,1850609,166.0
False,2016-08-23,1850609,166.0
False,2016-08-24,1850609,166.0
False,2016-08-25,1850609,210.0
False,2016-08-26,1850609,208.0
False,2016-08-27,1850609,205.0
False,2016-08-28,1850609,171.0
False,2016-08-29,1850609,179.0
False,2016-08-30,1850609,180.0
False,2016-08-31,1850609,265.0
False,2016-09-01,1850609,262.0
False,2016-09-02,1850609,248.0
False,2016-09-03,1850609,245.0
True,2016-05-29,738547,375.0
True,2016-05-30,738547,375.0
True,2016-05-31,738547,375.0
False,2016-06-01,738547,375.0
False,2016-06-02,738547,375.0
False,2016-06-03,738547,375.0
False,2016-06-04,738547,375.0
False,2016-06-05,738547,375.0
False,2016-06-06,738547,375.0
False,2016-06-07,738547,375.0
True,2016-06-08,738547,375.0
True,2016-06-09,738547,375.0
True,2016-06-10,738547,375.0
True,2016-06-11,738547,375.0
False,2016-06-12,738547,375.0
False,2016-06-13,738547,375.0
False,2016-06-14,738547,375.0
False,2016-06-15,738547,375.0
False,2016-06-16,738547,375.0
False,2016-06-17,738547,375.0
False,2016-06-18,738547,375.0
False,2016-06-19,738547,375.0
False,2016-06-20,738547,375.0
False,2016-06-21,738547,375.0
False,2016-06-22,738547,375.0
True,2016-06-23,738547,375.0
True,2016-06-24,738547,375.0
True,2016-06-25,738547,375.0
True,2016-06-26,738547,375.0
True,2016-06-27,738547,375.0
True,2016-06-28,738547,375.0
True,2016-06-29,738547,375.0
True,2016-06-30,738547,375.0
True,2016-07-01,738547,375.0
True,2016-07-02,738547,375.0
True,2016-07-03,738547,375.0
True,2016-07-04,738547,375.0
True,2016-07-05,738547,375.0
True,2016-07-06,738547,375.0
True,2016-07-07,738547,375.0
True,2016-07-08,738547,375.0
False,2016-07-09,738547,375.0
False,2016-07-10,738547,375.0
False,2016-07-11,738547,375.0
True,2016-07-12,738547,375.0
False,2016-07-13,738547,375.0
False,2016-07-14,738547,375.0
False,2016-07-15,738547,375.0
False,2016-07-16,738547,375.0
False,2016-07-17,738547,375.0
False,2016-07-18,738547,375.0
False,2016-07-19,738547,375.0
False,2016-07-20,738547,375.0
False,2016-07-21,738547,375.0
False,2016-07-22,738547,375.0
False,2016-07-23,738547,375.0
False,2016-07-24,738547,375.0
False,2016-07-25,738547,375.0
False,2016-07-26,738547,375.0
False,2016-07-27,738547,375.0
True,2016-07-28,738547,375.0
False,2016-07-29,738547,375.0
False,2016-07-30,738547,375.0
False,2016-07-31,738547,375.0
False,2016-08-01,738547,375.0
True,2016-08-02,738547,375.0
True,2016-08-03,738547,375.0
False,2016-08-04,738547,375.0
False,2016-08-05,738547,375.0
False,2016-08-06,738547,375.0
False,2016-08-07,738547,375.0
False,2016-08-08,738547,375.0
False,2016-08-09,738547,375.0
False,2016-08-10,738547,375.0
False,2016-08-11,738547,375.0
False,2016-08-12,738547,375.0
False,2016-08-13,738547,375.0
False,2016-08-14,738547,375.0
False,2016-08-15,738547,375.0
False,2016-08-16,738547,375.0
False,2016-08-17,738547,375.0
False,2016-08-18,738547,375.0
True,2016-08-19,738547,375.0
True,2016-08-20,738547,375.0
False,2016-08-21,738547,375.0
False,2016-08-22,738547,375.0
False,2016-08-23,738547,375.0
False,2016-08-24,738547,375.0
False,2016-08-25,738547,375.0
False,2016-08-26,738547,375.0
False,2016-08-27,738547,375.0
False,2016-08-28,738547,375.0
False,2016-08-29,738547,375.0
False,2016-08-30,738547,375.0
True,2016-08-31,738547,375.0
True,2016-09-01,738547,375.0
False,2016-09-02,738547,375.0
False,2016-09-03,738547,375.0
False,2016-05-29,4888308,170.0
False,2016-05-30,4888308,170.0
False,2016-05-31,4888308,110.0
False,2016-06-01,4888308,110.0
False,2016-06-02,4888308,185.0
False,2016-06-03,4888308,200.0
False,2016-06-04,4888308,200.0
False,2016-06-05,4888308,190.0
False,2016-06-06,4888308,200.0
False,2016-06-07,4888308,200.0
False,2016-06-08,4888308,200.0
False,2016-06-09,4888308,200.0
False,2016-06-10,4888308,210.0
False,2016-06-11,4888308,210.0
False,2016-06-12,4888308,210.0
False,2016-06-13,4888308,205.0
False,2016-06-14,4888308,205.0
False,2016-06-15,4888308,175.0
False,2016-06-16,4888308,175.0
False,2016-06-17,4888308,210.0
False,2016-06-18,4888308,210.0
False,2016-06-19,4888308,200.0
False,2016-06-20,4888308,200.0
False,2016-06-21,4888308,200.0
False,2016-06-22,4888308,200.0
False,2016-06-23,4888308,200.0
False,2016-06-24,4888308,210.0
False,2016-06-25,4888308,210.0
False,2016-06-26,4888308,210.0
False,2016-06-27,4888308,200.0
False,2016-06-28,4888308,200.0
False,2016-06-29,4888308,200.0
False,2016-06-30,4888308,200.0
False,2016-07-01,4888308,210.0
False,2016-07-02,4888308,210.0
False,2016-07-03,4888308,200.0
False,2016-07-04,4888308,200.0
False,2016-07-05,4888308,180.0
False,2016-07-06,4888308,180.0
False,2016-07-07,4888308,180.0
False,2016-07-08,4888308,180.0
False,2016-07-09,4888308,180.0
False,2016-07-10,4888308,200.0
False,2016-07-11,4888308,200.0
False,2016-07-12,4888308,200.0
False,2016-07-13,4888308,200.0
False,2016-07-14,4888308,200.0
True,2016-07-15,4888308,180.0
True,2016-07-16,4888308,180.0
False,2016-07-17,4888308,170.0
False,2016-07-18,4888308,180.0
True,2016-07-19,4888308,170.0
True,2016-07-20,4888308,170.0
True,2016-07-21,4888308,170.0
False,2016-07-22,4888308,210.0
False,2016-07-23,4888308,210.0
False,2016-07-24,4888308,200.0
False,2016-07-25,4888308,200.0
False,2016-07-26,4888308,200.0
False,2016-07-27,4888308,200.0
False,2016-07-28,4888308,200.0
False,2016-07-29,4888308,210.0
False,2016-07-30,4888308,210.0
False,2016-07-31,4888308,200.0
False,2016-08-01,4888308,200.0
True,2016-08-02,4888308,160.0
True,2016-08-03,4888308,160.0
False,2016-08-04,4888308,200.0
False,2016-08-05,4888308,210.0
False,2016-08-06,4888308,210.0
False,2016-08-07,4888308,200.0
False,2016-08-08,4888308,200.0
False,2016-08-09,4888308,200.0
False,2016-08-10,4888308,200.0
False,2016-08-11,4888308,200.0
False,2016-08-12,4888308,210.0
False,2016-08-13,4888308,210.0
False,2016-08-14,4888308,200.0
False,2016-08-15,4888308,200.0
False,2016-08-16,4888308,200.0
False,2016-08-17,4888308,200.0
False,2016-08-18,4888308,200.0
False,2016-08-19,4888308,210.0
False,2016-08-20,4888308,210.0
False,2016-08-21,4888308,200.0
False,2016-08-22,4888308,200.0
False,2016-08-23,4888308,200.0
False,2016-08-24,4888308,200.0
False,2016-08-25,4888308,200.0
False,2016-08-26,4888308,210.0
True,2016-08-27,4888308,200.0
True,2016-08-28,4888308,200.0
True,2016-08-29,4888308,200.0
True,2016-08-30,4888308,200.0
True,2016-08-31,4888308,200.0
False,2016-09-01,4888308,190.0
False,2016-09-02,4888308,210.0
False,2016-09-03,4888308,210.0
False,2016-05-29,8705073,175.0
False,2016-05-30,8705073,175.0
False,2016-05-31,8705073,175.0
False,2016-06-01,8705073,175.0
False,2016-06-02,8705073,175.0
False,2016-06-03,8705073,175.0
False,2016-06-04,8705073,175.0
False,2016-06-05,8705073,175.0
False,2016-06-06,8705073,175.0
False,2016-06-07,8705073,175.0
False,2016-06-08,8705073,175.0
False,2016-06-09,8705073,175.0
False,2016-06-10,8705073,175.0
False,2016-06-11,8705073,175.0
False,2016-06-12,8705073,175.0
False,2016-06-13,8705073,175.0
False,2016-06-14,8705073,175.0
False,2016-06-15,8705073,175.0
False,2016-06-16,8705073,175.0
False,2016-06-17,8705073,175.0
False,2016-06-18,8705073,175.0
False,2016-06-19,8705073,175.0
False,2016-06-20,8705073,175.0
False,2016-06-21,8705073,175.0
False,2016-06-22,8705073,175.0
False,2016-06-23,8705073,175.0
False,2016-06-24,8705073,175.0
False,2016-06-25,8705073,175.0
False,2016-06-26,8705073,175.0
False,2016-06-27,8705073,175.0
False,2016-06-28,8705073,175.0
False,2016-06-29,8705073,175.0
False,2016-06-30,8705073,175.0
False,2016-07-01,8705073,175.0
False,2016-07-02,8705073,175.0
False,2016-07-03,8705073,175.0
False,2016-07-04,8705073,175.0
False,2016-07-05,8705073,175.0
False,2016-07-06,8705073,175.0
False,2016-07-07,8705073,175.0
False,2016-07-08,8705073,175.0
False,2016-07-09,8705073,175.0
False,2016-07-10,8705073,175.0
False,2016-07-11,8705073,175.0
False,2016-07-12,8705073,175.0
False,2016-07-13,8705073,175.0
False,2016-07-14,8705073,175.0
False,2016-07-15,8705073,175.0
False,2016-07-16,8705073,175.0
False,2016-07-17,8705073,175.0
False,2016-07-18,8705073,175.0
False,2016-07-19,8705073,175.0
False,2016-07-20,8705073,175.0
False,2016-07-21,8705073,175.0
False,2016-07-22,8705073,175.0
False,2016-07-23,8705073,175.0
False,2016-07-24,8705073,175.0
False,2016-07-25,8705073,175.0
False,2016-07-26,8705073,175.0
False,2016-07-27,8705073,175.0
False,2016-07-28,8705073,175.0
False,2016-07-29,8705073,175.0
False,2016-07-30,8705073,175.0
False,2016-07-31,8705073,175.0
False,2016-08-01,8705073,175.0
False,2016-08-02,8705073,175.0
False,2016-08-03,8705073,175.0
False,2016-08-04,8705073,175.0
False,2016-08-05,8705073,175.0
False,2016-08-06,8705073,175.0
False,2016-08-07,8705073,175.0
False,2016-08-08,8705073,175.0
False,2016-08-09,8705073,175.0
False,2016-08-10,8705073,175.0
False,2016-08-11,8705073,175.0
False,2016-08-12,8705073,175.0
False,2016-08-13,8705073,175.0
False,2016-08-14,8705073,175.0
False,2016-08-15,8705073,175.0
False,2016-08-16,8705073,175.0
False,2016-08-17,8705073,175.0
False,2016-08-18,8705073,175.0
False,2016-08-19,8705073,175.0
False,2016-08-20,8705073,175.0
False,2016-08-21,8705073,175.0
False,2016-08-22,8705073,175.0
False,2016-08-23,8705073,175.0
False,2016-08-24,8705073,175.0
False,2016-08-25,8705073,175.0
False,2016-08-26,8705073,175.0
False,2016-08-27,8705073,175.0
False,2016-08-28,8705073,175.0
False,2016-08-29,8705073,175.0
False,2016-08-30,8705073,175.0
False,2016-08-31,8705073,175.0
False,2016-09-01,8705073,175.0
False,2016-09-02,8705073,175.0
False,2016-09-03,8705073,175.0
True,2016-05-29,4068598,210.0
True,2016-05-30,4068598,210.0
True,2016-05-31,4068598,210.0
True,2016-06-01,4068598,210.0
True,2016-06-02,4068598,210.0
True,2016-06-03,4068598,210.0
True,2016-06-04,4068598,210.0
True,2016-06-05,4068598,210.0
True,2016-06-06,4068598,210.0
True,2016-06-07,4068598,210.0
True,2016-06-08,4068598,210.0
True,2016-06-09,4068598,210.0
True,2016-06-10,4068598,210.0
False,2016-06-11,4068598,210.0
False,2016-06-12,4068598,210.0
True,2016-06-13,4068598,210.0
False,2016-06-14,4068598,210.0
False,2016-06-15,4068598,210.0
True,2016-06-16,4068598,210.0
False,2016-06-17,4068598,210.0
False,2016-06-18,4068598,210.0
True,2016-06-19,4068598,210.0
True,2016-06-20,4068598,210.0
False,2016-06-21,4068598,210.0
False,2016-06-22,4068598,210.0
False,2016-06-23,4068598,210.0
False,2016-06-24,4068598,210.0
False,2016-06-25,4068598,210.0
True,2016-06-26,4068598,210.0
False,2016-06-27,4068598,210.0
False,2016-06-28,4068598,210.0
False,2016-06-29,4068598,210.0
False,2016-06-30,4068598,210.0
False,2016-07-01,4068598,210.0
False,2016-07-02,4068598,210.0
True,2016-07-03,4068598,210.0
False,2016-07-04,4068598,210.0
False,2016-07-05,4068598,210.0
False,2016-07-06,4068598,210.0
False,2016-07-07,4068598,210.0
False,2016-07-08,4068598,210.0
False,2016-07-09,4068598,210.0
True,2016-07-10,4068598,210.0
False,2016-07-11,4068598,210.0
False,2016-07-12,4068598,210.0
True,2016-07-13,4068598,210.0
False,2016-07-14,4068598,210.0
False,2016-07-15,4068598,210.0
False,2016-07-16,4068598,210.0
True,2016-07-17,4068598,210.0
False,2016-07-18,4068598,210.0
False,2016-07-19,4068598,210.0
True,2016-07-20,4068598,210.0
True,2016-07-21,4068598,210.0
False,2016-07-22,4068598,210.0
False,2016-07-23,4068598,210.0
False,2016-07-24,4068598,210.0
False,2016-07-25,4068598,210.0
False,2016-07-26,4068598,210.0
False,2016-07-27,4068598,210.0
True,2016-07-28,4068598,210.0
False,2016-07-29,4068598,210.0
False,2016-07-30,4068598,210.0
False,2016-07-31,4068598,210.0
False,2016-08-01,4068598,210.0
True,2016-08-02,4068598,210.0
False,2016-08-03,4068598,210.0
False,2016-08-04,4068598,210.0
False,2016-08-05,4068598,210.0
False,2016-08-06,4068598,210.0
False,2016-08-07,4068598,210.0
False,2016-08-08,4068598,210.0
True,2016-08-09,4068598,210.0
True,2016-08-10,4068598,210.0
False,2016-08-11,4068598,210.0
False,2016-08-12,4068598,210.0
False,2016-08-13,4068598,210.0
True,2016-08-14,4068598,210.0
False,2016-08-15,4068598,210.0
False,2016-08-16,4068598,210.0
False,2016-08-17,4068598,210.0
False,2016-08-18,4068598,210.0
False,2016-08-19,4068598,210.0
True,2016-08-20,4068598,210.0
True,2016-08-21,4068598,210.0
True,2016-08-22,4068598,210.0
True,2016-08-23,4068598,210.0
True,2016-08-24,4068598,210.0
True,2016-08-25,4068598,210.0
True,2016-08-26,4068598,210.0
True,2016-08-27,4068598,210.0
True,2016-08-28,4068598,210.0
True,2016-08-29,4068598,210.0
True,2016-08-30,4068598,210.0
True,2016-08-31,4068598,210.0
True,2016-09-01,4068598,210.0
True,2016-09-02,4068598,210.0
True,2016-09-03,4068598,210.0
False,2016-05-29,9775864,205.0
True,2016-05-30,9775864,205.0
True,2016-05-31,9775864,205.0
True,2016-06-01,9775864,205.0
False,2016-06-02,9775864,205.0
False,2016-06-03,9775864,205.0
False,2016-06-04,9775864,205.0
True,2016-06-05,9775864,205.0
True,2016-06-06,9775864,205.0
False,2016-06-07,9775864,205.0
False,2016-06-08,9775864,205.0
False,2016-06-09,9775864,205.0
False,2016-06-10,9775864,205.0
True,2016-06-11,9775864,205.0
True,2016-06-12,9775864,205.0
False,2016-06-13,9775864,205.0
False,2016-06-14,9775864,205.0
False,2016-06-15,9775864,205.0
False,2016-06-16,9775864,205.0
False,2016-06-17,9775864,205.0
False,2016-06-18,9775864,205.0
False,2016-06-19,9775864,250.0
False,2016-06-20,9775864,250.0
False,2016-06-21,9775864,250.0
True,2016-06-22,9775864,250.0
False,2016-06-23,9775864,250.0
False,2016-06-24,9775864,250.0
False,2016-06-25,9775864,250.0
True,2016-06-26,9775864,250.0
True,2016-06-27,9775864,250.0
False,2016-06-28,9775864,250.0
False,2016-06-29,9775864,250.0
False,2016-06-30,9775864,250.0
False,2016-07-01,9775864,250.0
False,2016-07-02,9775864,250.0
False,2016-07-03,9775864,250.0
False,2016-07-04,9775864,250.0
False,2016-07-05,9775864,250.0
True,2016-07-06,9775864,250.0
True,2016-07-07,9775864,250.0
False,2016-07-08,9775864,250.0
False,2016-07-09,9775864,250.0
False,2016-07-10,9775864,250.0
False,2016-07-11,9775864,250.0
False,2016-07-12,9775864,250.0
True,2016-07-13,9775864,250.0
False,2016-07-14,9775864,250.0
False,2016-07-15,9775864,250.0
False,2016-07-16,9775864,250.0
False,2016-07-17,9775864,250.0
False,2016-07-18,9775864,250.0
False,2016-07-19,9775864,250.0
False,2016-07-20,9775864,250.0
False,2016-07-21,9775864,250.0
False,2016-07-22,9775864,250.0
True,2016-07-23,9775864,250.0
True,2016-07-24,9775864,250.0
False,2016-07-25,9775864,250.0
False,2016-07-26,9775864,250.0
False,2016-07-27,9775864,250.0
False,2016-07-28,9775864,250.0
False,2016-07-29,9775864,250.0
False,2016-07-30,9775864,250.0
False,2016-07-31,9775864,250.0
False,2016-08-01,9775864,250.0
False,2016-08-02,9775864,250.0
False,2016-08-03,9775864,250.0
False,2016-08-04,9775864,250.0
False,2016-08-05,9775864,250.0
False,2016-08-06,9775864,250.0
False,2016-08-07,9775864,250.0
False,2016-08-08,9775864,250.0
False,2016-08-09,9775864,250.0
False,2016-08-10,9775864,250.0
False,2016-08-11,9775864,250.0
False,2016-08-12,9775864,250.0
False,2016-08-13,9775864,250.0
False,2016-08-14,9775864,250.0
False,2016-08-15,9775864,250.0
False,2016-08-16,9775864,250.0
False,2016-08-17,9775864,250.0
False,2016-08-18,9775864,250.0
False,2016-08-19,9775864,250.0
False,2016-08-20,9775864,250.0
False,2016-08-21,9775864,250.0
False,2016-08-22,9775864,250.0
False,2016-08-23,9775864,250.0
True,2016-08-24,9775864,250.0
True,2016-08-25,9775864,250.0
True,2016-08-26,9775864,250.0
True,2016-08-27,9775864,250.0
True,2016-08-28,9775864,250.0
True,2016-08-29,9775864,250.0
True,2016-08-30,9775864,250.0
True,2016-08-31,9775864,250.0
True,2016-09-01,9775864,250.0
True,2016-09-02,9775864,250.0
False,2016-09-03,9775864,250.0
False,2016-05-29,9010937,225.0
False,2016-05-30,9010937,225.0
False,2016-05-31,9010937,225.0
True,2016-06-01,9010937,190.0
False,2016-06-02,9010937,246.0
False,2016-06-03,9010937,258.0
False,2016-06-04,9010937,262.0
True,2016-06-05,9010937,200.0
False,2016-06-06,9010937,225.0
False,2016-06-07,9010937,225.0
False,2016-06-08,9010937,225.0
False,2016-06-09,9010937,225.0
False,2016-06-10,9010937,225.0
False,2016-06-11,9010937,225.0
False,2016-06-12,9010937,225.0
False,2016-06-13,9010937,225.0
False,2016-06-14,9010937,225.0
False,2016-06-15,9010937,225.0
False,2016-06-16,9010937,225.0
False,2016-06-17,9010937,225.0
False,2016-06-18,9010937,225.0
False,2016-06-19,9010937,225.0
False,2016-06-20,9010937,225.0
False,2016-06-21,9010937,225.0
False,2016-06-22,9010937,225.0
False,2016-06-23,9010937,225.0
False,2016-06-24,9010937,225.0
False,2016-06-25,9010937,225.0
False,2016-06-26,9010937,225.0
False,2016-06-27,9010937,225.0
False,2016-06-28,9010937,225.0
False,2016-06-29,9010937,225.0
False,2016-06-30,9010937,225.0
False,2016-07-01,9010937,276.0
False,2016-07-02,9010937,277.0
False,2016-07-03,9010937,264.0
False,2016-07-04,9010937,257.0
False,2016-07-05,9010937,258.0
False,2016-07-06,9010937,261.0
False,2016-07-07,9010937,268.0
False,2016-07-08,9010937,308.0
False,2016-07-09,9010937,317.0
False,2016-07-10,9010937,271.0
False,2016-07-11,9010937,267.0
False,2016-07-12,9010937,288.0
False,2016-07-13,9010937,283.0
False,2016-07-14,9010937,293.0
False,2016-07-15,9010937,318.0
False,2016-07-16,9010937,290.0
False,2016-07-17,9010937,276.0
False,2016-07-18,9010937,270.0
False,2016-07-19,9010937,270.0
False,2016-07-20,9010937,285.0
False,2016-07-21,9010937,281.0
False,2016-07-22,9010937,291.0
False,2016-07-23,9010937,294.0
False,2016-07-24,9010937,282.0
False,2016-07-25,9010937,277.0
False,2016-07-26,9010937,278.0
False,2016-07-27,9010937,287.0
True,2016-07-28,9010937,314.0
False,2016-07-29,9010937,297.0
False,2016-07-30,9010937,301.0
True,2016-07-31,9010937,309.0
False,2016-08-01,9010937,278.0
False,2016-08-02,9010937,278.0
False,2016-08-03,9010937,297.0
False,2016-08-04,9010937,307.0
False,2016-08-05,9010937,317.0
False,2016-08-06,9010937,317.0
False,2016-08-07,9010937,301.0
False,2016-08-08,9010937,297.0
True,2016-08-09,9010937,316.0
True,2016-08-10,9010937,306.0
True,2016-08-11,9010937,310.0
True,2016-08-12,9010937,327.0
False,2016-08-13,9010937,302.0
False,2016-08-14,9010937,287.0
False,2016-08-15,9010937,280.0
False,2016-08-16,9010937,286.0
False,2016-08-17,9010937,288.0
False,2016-08-18,9010937,294.0
False,2016-08-19,9010937,296.0
True,2016-08-20,9010937,327.0
True,2016-08-21,9010937,310.0
True,2016-08-22,9010937,301.0
True,2016-08-23,9010937,299.0
False,2016-08-24,9010937,301.0
False,2016-08-25,9010937,306.0
False,2016-08-26,9010937,323.0
True,2016-08-27,9010937,326.0
True,2016-08-28,9010937,311.0
True,2016-08-29,9010937,317.0
True,2016-08-30,9010937,314.0
True,2016-08-31,9010937,315.0
True,2016-09-01,9010937,320.0
True,2016-09-02,9010937,322.0
True,2016-09-03,9010937,323.0
False,2016-05-29,11359996,550.0
False,2016-05-30,11359996,550.0
False,2016-05-31,11359996,315.0
False,2016-06-01,11359996,307.0
False,2016-06-02,11359996,487.0
False,2016-06-03,11359996,498.0
False,2016-06-04,11359996,498.0
False,2016-06-05,11359996,470.0
False,2016-06-06,11359996,477.0
False,2016-06-07,11359996,478.0
False,2016-06-08,11359996,478.0
False,2016-06-09,11359996,461.0
False,2016-06-10,11359996,550.0
False,2016-06-11,11359996,550.0
False,2016-06-12,11359996,550.0
False,2016-06-13,11359996,550.0
False,2016-06-14,11359996,435.0
False,2016-06-15,11359996,486.0
False,2016-06-16,11359996,504.0
False,2016-06-17,11359996,501.0
False,2016-06-18,11359996,398.0
False,2016-06-19,11359996,398.0
False,2016-06-20,11359996,398.0
True,2016-06-21,11359996,398.0
True,2016-06-22,11359996,398.0
True,2016-06-23,11359996,398.0
False,2016-06-24,11359996,526.0
False,2016-06-25,11359996,526.0
False,2016-06-26,11359996,522.0
False,2016-06-27,11359996,389.0
False,2016-06-28,11359996,389.0
False,2016-06-29,11359996,389.0
False,2016-06-30,11359996,389.0
True,2016-07-01,11359996,389.0
True,2016-07-02,11359996,389.0
False,2016-07-03,11359996,550.0
False,2016-07-04,11359996,550.0
False,2016-07-05,11359996,550.0
False,2016-07-06,11359996,561.0
False,2016-07-07,11359996,574.0
False,2016-07-08,11359996,574.0
True,2016-07-09,11359996,459.0
True,2016-07-10,11359996,463.0
False,2016-07-11,11359996,561.0
False,2016-07-12,11359996,561.0
False,2016-07-13,11359996,561.0
False,2016-07-14,11359996,600.0
False,2016-07-15,11359996,600.0
False,2016-07-16,11359996,600.0
False,2016-07-17,11359996,600.0
False,2016-07-18,11359996,349.0
False,2016-07-19,11359996,349.0
False,2016-07-20,11359996,349.0
False,2016-07-21,11359996,349.0
False,2016-07-22,11359996,600.0
False,2016-07-23,11359996,600.0
False,2016-07-24,11359996,600.0
False,2016-07-25,11359996,600.0
False,2016-07-26,11359996,600.0
False,2016-07-27,11359996,600.0
False,2016-07-28,11359996,550.0
False,2016-07-29,11359996,550.0
False,2016-07-30,11359996,550.0
True,2016-07-31,11359996,476.0
True,2016-08-01,11359996,479.0
False,2016-08-02,11359996,600.0
False,2016-08-03,11359996,600.0
False,2016-08-04,11359996,600.0
True,2016-08-05,11359996,476.0
False,2016-08-06,11359996,600.0
False,2016-08-07,11359996,600.0
False,2016-08-08,11359996,600.0
False,2016-08-09,11359996,600.0
False,2016-08-10,11359996,600.0
False,2016-08-11,11359996,600.0
False,2016-08-12,11359996,600.0
True,2016-08-13,11359996,600.0
True,2016-08-14,11359996,600.0
False,2016-08-15,11359996,600.0
False,2016-08-16,11359996,600.0
False,2016-08-17,11359996,600.0
True,2016-08-18,11359996,600.0
False,2016-08-19,11359996,600.0
False,2016-08-20,11359996,600.0
False,2016-08-21,11359996,600.0
True,2016-08-22,11359996,600.0
True,2016-08-23,11359996,600.0
True,2016-08-24,11359996,600.0
True,2016-08-25,11359996,600.0
True,2016-08-26,11359996,600.0
True,2016-08-27,11359996,600.0
True,2016-08-28,11359996,600.0
True,2016-08-29,11359996,600.0
True,2016-08-30,11359996,600.0
True,2016-08-31,11359996,600.0
False,2016-09-01,11359996,700.0
False,2016-09-02,11359996,700.0
False,2016-09-03,11359996,700.0
False,2016-05-29,10766080,120.0
False,2016-05-30,10766080,120.0
False,2016-05-31,10766080,120.0
False,2016-06-01,10766080,120.0
False,2016-06-02,10766080,120.0
False,2016-06-03,10766080,140.0
False,2016-06-04,10766080,140.0
False,2016-06-05,10766080,120.0
False,2016-06-06,10766080,120.0
False,2016-06-07,10766080,120.0
False,2016-06-08,10766080,120.0
False,2016-06-09,10766080,120.0
False,2016-06-10,10766080,140.0
False,2016-06-11,10766080,140.0
False,2016-06-12,10766080,120.0
False,2016-06-13,10766080,120.0
False,2016-06-14,10766080,120.0
False,2016-06-15,10766080,120.0
False,2016-06-16,10766080,120.0
False,2016-06-17,10766080,140.0
False,2016-06-18,10766080,140.0
False,2016-06-19,10766080,120.0
False,2016-06-20,10766080,120.0
False,2016-06-21,10766080,120.0
False,2016-06-22,10766080,120.0
False,2016-06-23,10766080,120.0
False,2016-06-24,10766080,140.0
False,2016-06-25,10766080,140.0
False,2016-06-26,10766080,110.0
False,2016-06-27,10766080,110.0
False,2016-06-28,10766080,120.0
False,2016-06-29,10766080,120.0
False,2016-06-30,10766080,120.0
False,2016-07-01,10766080,140.0
False,2016-07-02,10766080,140.0
False,2016-07-03,10766080,100.0
False,2016-07-04,10766080,100.0
False,2016-07-05,10766080,100.0
False,2016-07-06,10766080,100.0
False,2016-07-07,10766080,100.0
False,2016-07-08,10766080,140.0
False,2016-07-09,10766080,140.0
False,2016-07-10,10766080,120.0
False,2016-07-11,10766080,120.0
False,2016-07-12,10766080,120.0
False,2016-07-13,10766080,120.0
False,2016-07-14,10766080,120.0
False,2016-07-15,10766080,140.0
False,2016-07-16,10766080,140.0
False,2016-07-17,10766080,120.0
False,2016-07-18,10766080,100.0
False,2016-07-19,10766080,120.0
False,2016-07-20,10766080,120.0
False,2016-07-21,10766080,120.0
False,2016-07-22,10766080,140.0
False,2016-07-23,10766080,140.0
False,2016-07-24,10766080,120.0
False,2016-07-25,10766080,120.0
False,2016-07-26,10766080,120.0
False,2016-07-27,10766080,120.0
False,2016-07-28,10766080,120.0
False,2016-07-29,10766080,140.0
False,2016-07-30,10766080,140.0
False,2016-07-31,10766080,120.0
False,2016-08-01,10766080,120.0
False,2016-08-02,10766080,120.0
True,2016-08-03,10766080,120.0
False,2016-08-04,10766080,120.0
False,2016-08-05,10766080,140.0
False,2016-08-06,10766080,140.0
False,2016-08-07,10766080,120.0
False,2016-08-08,10766080,120.0
False,2016-08-09,10766080,120.0
False,2016-08-10,10766080,120.0
False,2016-08-11,10766080,120.0
False,2016-08-12,10766080,140.0
False,2016-08-13,10766080,140.0
False,2016-08-14,10766080,120.0
False,2016-08-15,10766080,120.0
False,2016-08-16,10766080,120.0
False,2016-08-17,10766080,120.0
True,2016-08-18,10766080,120.0
False,2016-08-19,10766080,140.0
False,2016-08-20,10766080,140.0
False,2016-08-21,10766080,120.0
False,2016-08-22,10766080,120.0
False,2016-08-23,10766080,120.0
False,2016-08-24,10766080,120.0
False,2016-08-25,10766080,120.0
False,2016-08-26,10766080,140.0
False,2016-08-27,10766080,140.0
False,2016-08-28,10766080,120.0
False,2016-08-29,10766080,120.0
False,2016-08-30,10766080,120.0
False,2016-08-31,10766080,120.0
False,2016-09-01,10766080,120.0
False,2016-09-02,10766080,140.0
False,2016-09-03,10766080,140.0
True,2016-05-29,12854532,398.0
True,2016-05-30,12854532,398.0
True,2016-05-31,12854532,398.0
True,2016-06-01,12854532,398.0
True,2016-06-02,12854532,398.0
False,2016-06-03,12854532,398.0
False,2016-06-04,12854532,398.0
False,2016-06-05,12854532,398.0
True,2016-06-06,12854532,398.0
False,2016-06-07,12854532,398.0
False,2016-06-08,12854532,398.0
False,2016-06-09,12854532,398.0
False,2016-06-10,12854532,398.0
False,2016-06-11,12854532,398.0
False,2016-06-12,12854532,398.0
False,2016-06-13,12854532,398.0
False,2016-06-14,12854532,398.0
False,2016-06-15,12854532,398.0
False,2016-06-16,12854532,398.0
False,2016-06-17,12854532,398.0
False,2016-06-18,12854532,398.0
False,2016-06-19,12854532,398.0
False,2016-06-20,12854532,398.0
True,2016-06-21,12854532,398.0
True,2016-06-22,12854532,398.0
False,2016-06-23,12854532,398.0
False,2016-06-24,12854532,398.0
False,2016-06-25,12854532,398.0
False,2016-06-26,12854532,398.0
True,2016-06-27,12854532,398.0
False,2016-06-28,12854532,398.0
False,2016-06-29,12854532,398.0
False,2016-06-30,12854532,398.0
True,2016-07-01,12854532,398.0
False,2016-07-02,12854532,398.0
False,2016-07-03,12854532,398.0
False,2016-07-04,12854532,398.0
False,2016-07-05,12854532,398.0
True,2016-07-06,12854532,398.0
False,2016-07-07,12854532,398.0
False,2016-07-08,12854532,398.0
False,2016-07-09,12854532,398.0
False,2016-07-10,12854532,398.0
False,2016-07-11,12854532,398.0
False,2016-07-12,12854532,398.0
False,2016-07-13,12854532,398.0
True,2016-07-14,12854532,398.0
True,2016-07-15,12854532,398.0
False,2016-07-16,12854532,398.0
False,2016-07-17,12854532,398.0
False,2016-07-18,12854532,398.0
False,2016-07-19,12854532,398.0
True,2016-07-20,12854532,398.0
True,2016-07-21,12854532,398.0
False,2016-07-22,12854532,398.0
False,2016-07-23,12854532,398.0
False,2016-07-24,12854532,398.0
False,2016-07-25,12854532,398.0
False,2016-07-26,12854532,398.0
False,2016-07-27,12854532,398.0
False,2016-07-28,12854532,398.0
False,2016-07-29,12854532,398.0
False,2016-07-30,12854532,398.0
False,2016-07-31,12854532,398.0
True,2016-08-01,12854532,398.0
False,2016-08-02,12854532,398.0
False,2016-08-03,12854532,398.0
False,2016-08-04,12854532,398.0
False,2016-08-05,12854532,398.0
False,2016-08-06,12854532,398.0
False,2016-08-07,12854532,398.0
True,2016-08-08,12854532,398.0
True,2016-08-09,12854532,398.0
False,2016-08-10,12854532,398.0
False,2016-08-11,12854532,398.0
False,2016-08-12,12854532,398.0
False,2016-08-13,12854532,398.0
False,2016-08-14,12854532,398.0
True,2016-08-15,12854532,398.0
True,2016-08-16,12854532,398.0
True,2016-08-17,12854532,398.0
False,2016-08-18,12854532,398.0
False,2016-08-19,12854532,398.0
False,2016-08-20,12854532,398.0
True,2016-08-21,12854532,398.0
False,2016-08-22,12854532,398.0
False,2016-08-23,12854532,398.0
False,2016-08-24,12854532,398.0
False,2016-08-25,12854532,398.0
False,2016-08-26,12854532,398.0
True,2016-08-27,12854532,398.0
True,2016-08-28,12854532,398.0
True,2016-08-29,12854532,398.0
True,2016-08-30,12854532,398.0
False,2016-08-31,12854532,398.0
False,2016-09-01,12854532,398.0
False,2016-09-02,12854532,398.0
False,2016-09-03,12854532,398.0
False,2016-05-29,11418326,225.0
False,2016-05-30,11418326,225.0
False,2016-05-31,11418326,225.0
False,2016-06-01,11418326,225.0
False,2016-06-02,11418326,225.0
False,2016-06-03,11418326,225.0
False,2016-06-04,11418326,225.0
False,2016-06-05,11418326,225.0
False,2016-06-06,11418326,225.0
False,2016-06-07,11418326,225.0
False,2016-06-08,11418326,225.0
False,2016-06-09,11418326,225.0
False,2016-06-10,11418326,225.0
False,2016-06-11,11418326,225.0
False,2016-06-12,11418326,225.0
False,2016-06-13,11418326,225.0
False,2016-06-14,11418326,225.0
False,2016-06-15,11418326,225.0
False,2016-06-16,11418326,225.0
False,2016-06-17,11418326,225.0
False,2016-06-18,11418326,225.0
False,2016-06-19,11418326,225.0
False,2016-06-20,11418326,225.0
False,2016-06-21,11418326,225.0
False,2016-06-22,11418326,225.0
False,2016-06-23,11418326,225.0
False,2016-06-24,11418326,225.0
False,2016-06-25,11418326,225.0
False,2016-06-26,11418326,225.0
False,2016-06-27,11418326,225.0
False,2016-06-28,11418326,225.0
False,2016-06-29,11418326,225.0
False,2016-06-30,11418326,225.0
False,2016-07-01,11418326,225.0
False,2016-07-02,11418326,225.0
False,2016-07-03,11418326,225.0
False,2016-07-04,11418326,225.0
False,2016-07-05,11418326,225.0
False,2016-07-06,11418326,225.0
False,2016-07-07,11418326,225.0
False,2016-07-08,11418326,225.0
False,2016-07-09,11418326,225.0
False,2016-07-10,11418326,225.0
False,2016-07-11,11418326,225.0
False,2016-07-12,11418326,225.0
False,2016-07-13,11418326,225.0
False,2016-07-14,11418326,225.0
False,2016-07-15,11418326,225.0
False,2016-07-16,11418326,225.0
False,2016-07-17,11418326,225.0
False,2016-07-18,11418326,225.0
False,2016-07-19,11418326,225.0
False,2016-07-20,11418326,225.0
False,2016-07-21,11418326,225.0
False,2016-07-22,11418326,225.0
False,2016-07-23,11418326,225.0
False,2016-07-24,11418326,225.0
False,2016-07-25,11418326,225.0
False,2016-07-26,11418326,225.0
False,2016-07-27,11418326,225.0
False,2016-07-28,11418326,225.0
False,2016-07-29,11418326,225.0
False,2016-07-30,11418326,225.0
False,2016-07-31,11418326,225.0
False,2016-08-01,11418326,242.0
False,2016-08-02,11418326,251.0
False,2016-08-03,11418326,303.0
False,2016-08-04,11418326,398.0
False,2016-08-05,11418326,225.0
False,2016-08-06,11418326,225.0
False,2016-08-07,11418326,225.0
False,2016-08-08,11418326,225.0
True,2016-08-09,11418326,252.0
True,2016-08-10,11418326,256.0
True,2016-08-11,11418326,260.0
False,2016-08-12,11418326,225.0
False,2016-08-13,11418326,225.0
False,2016-08-14,11418326,225.0
False,2016-08-15,11418326,225.0
False,2016-08-16,11418326,225.0
False,2016-08-17,11418326,225.0
False,2016-08-18,11418326,225.0
False,2016-08-19,11418326,263.0
False,2016-08-20,11418326,268.0
False,2016-08-21,11418326,247.0
False,2016-08-22,11418326,238.0
False,2016-08-23,11418326,244.0
True,2016-08-24,11418326,255.0
True,2016-08-25,11418326,262.0
True,2016-08-26,11418326,271.0
False,2016-08-27,11418326,225.0
False,2016-08-28,11418326,225.0
False,2016-08-29,11418326,225.0
False,2016-08-30,11418326,225.0
False,2016-08-31,11418326,225.0
False,2016-09-01,11418326,225.0
True,2016-09-02,11418326,269.0
True,2016-09-03,11418326,278.0
False,2016-05-29,9075976,104.0
False,2016-05-30,9075976,169.0
False,2016-05-31,9075976,169.0
False,2016-06-01,9075976,169.0
False,2016-06-02,9075976,169.0
False,2016-06-03,9075976,169.0
False,2016-06-04,9075976,169.0
False,2016-06-05,9075976,169.0
False,2016-06-06,9075976,169.0
False,2016-06-07,9075976,169.0
False,2016-06-08,9075976,169.0
False,2016-06-09,9075976,169.0
False,2016-06-10,9075976,169.0
False,2016-06-11,9075976,169.0
False,2016-06-12,9075976,169.0
False,2016-06-13,9075976,169.0
False,2016-06-14,9075976,169.0
False,2016-06-15,9075976,169.0
False,2016-06-16,9075976,169.0
False,2016-06-17,9075976,169.0
False,2016-06-18,9075976,169.0
False,2016-06-19,9075976,169.0
False,2016-06-20,9075976,169.0
False,2016-06-21,9075976,169.0
False,2016-06-22,9075976,169.0
False,2016-06-23,9075976,169.0
False,2016-06-24,9075976,169.0
False,2016-06-25,9075976,169.0
False,2016-06-26,9075976,169.0
False,2016-06-27,9075976,169.0
False,2016-06-28,9075976,169.0
False,2016-06-29,9075976,169.0
False,2016-06-30,9075976,169.0
False,2016-07-01,9075976,169.0
False,2016-07-02,9075976,174.0
False,2016-07-03,9075976,174.0
False,2016-07-04,9075976,169.0
False,2016-07-05,9075976,169.0
False,2016-07-06,9075976,169.0
False,2016-07-07,9075976,174.0
False,2016-07-08,9075976,189.0
False,2016-07-09,9075976,189.0
False,2016-07-10,9075976,119.0
False,2016-07-11,9075976,119.0
False,2016-07-12,9075976,189.0
False,2016-07-13,9075976,169.0
False,2016-07-14,9075976,169.0
False,2016-07-15,9075976,169.0
False,2016-07-16,9075976,169.0
False,2016-07-17,9075976,169.0
False,2016-07-18,9075976,169.0
False,2016-07-19,9075976,169.0
False,2016-07-20,9075976,169.0
False,2016-07-21,9075976,169.0
False,2016-07-22,9075976,169.0
False,2016-07-23,9075976,169.0
False,2016-07-24,9075976,169.0
False,2016-07-25,9075976,169.0
False,2016-07-26,9075976,169.0
False,2016-07-27,9075976,169.0
False,2016-07-28,9075976,169.0
False,2016-07-29,9075976,169.0
False,2016-07-30,9075976,169.0
False,2016-07-31,9075976,169.0
False,2016-08-01,9075976,169.0
False,2016-08-02,9075976,169.0
False,2016-08-03,9075976,169.0
False,2016-08-04,9075976,169.0
False,2016-08-05,9075976,169.0
False,2016-08-06,9075976,169.0
False,2016-08-07,9075976,169.0
False,2016-08-08,9075976,169.0
False,2016-08-09,9075976,169.0
False,2016-08-10,9075976,169.0
False,2016-08-11,9075976,169.0
False,2016-08-12,9075976,169.0
False,2016-08-13,9075976,169.0
False,2016-08-14,9075976,169.0
False,2016-08-15,9075976,169.0
False,2016-08-16,9075976,169.0
False,2016-08-17,9075976,169.0
False,2016-08-18,9075976,169.0
False,2016-08-19,9075976,169.0
False,2016-08-20,9075976,169.0
False,2016-08-21,9075976,169.0
False,2016-08-22,9075976,169.0
False,2016-08-23,9075976,169.0
False,2016-08-24,9075976,169.0
False,2016-08-25,9075976,169.0
False,2016-08-26,9075976,169.0
False,2016-08-27,9075976,169.0
False,2016-08-28,9075976,169.0
False,2016-08-29,9075976,169.0
False,2016-08-30,9075976,169.0
False,2016-08-31,9075976,169.0
False,2016-09-01,9075976,169.0
False,2016-09-02,9075976,169.0
False,2016-09-03,9075976,169.0
False,2016-05-29,1660173,145.0
False,2016-05-30,1660173,145.0
False,2016-05-31,1660173,145.0
False,2016-06-01,1660173,170.0
False,2016-06-02,1660173,170.0
False,2016-06-03,1660173,125.0
False,2016-06-04,1660173,125.0
False,2016-06-05,1660173,170.0
False,2016-06-06,1660173,170.0
False,2016-06-07,1660173,170.0
False,2016-06-08,1660173,170.0
False,2016-06-09,1660173,70.0
False,2016-06-10,1660173,150.0
False,2016-06-11,1660173,150.0
False,2016-06-12,1660173,165.0
False,2016-06-13,1660173,165.0
False,2016-06-14,1660173,165.0
False,2016-06-15,1660173,165.0
False,2016-06-16,1660173,165.0
False,2016-06-17,1660173,170.0
False,2016-06-18,1660173,170.0
False,2016-06-19,1660173,170.0
False,2016-06-20,1660173,170.0
False,2016-06-21,1660173,170.0
False,2016-06-22,1660173,170.0
False,2016-06-23,1660173,170.0
False,2016-06-24,1660173,200.0
False,2016-06-25,1660173,200.0
False,2016-06-26,1660173,170.0
False,2016-06-27,1660173,85.0
False,2016-06-28,1660173,115.0
False,2016-06-29,1660173,135.0
False,2016-06-30,1660173,135.0
False,2016-07-01,1660173,175.0
False,2016-07-02,1660173,175.0
False,2016-07-03,1660173,175.0
False,2016-07-04,1660173,155.0
False,2016-07-05,1660173,155.0
False,2016-07-06,1660173,155.0
False,2016-07-07,1660173,155.0
False,2016-07-08,1660173,155.0
False,2016-07-09,1660173,170.0
False,2016-07-10,1660173,170.0
False,2016-07-11,1660173,153.0
False,2016-07-12,1660173,153.0
False,2016-07-13,1660173,85.0
False,2016-07-14,1660173,170.0
False,2016-07-15,1660173,170.0
False,2016-07-16,1660173,170.0
False,2016-07-17,1660173,170.0
False,2016-07-18,1660173,185.0
False,2016-07-19,1660173,185.0
False,2016-07-20,1660173,185.0
False,2016-07-21,1660173,185.0
True,2016-07-22,1660173,160.0
True,2016-07-23,1660173,160.0
True,2016-07-24,1660173,160.0
True,2016-07-25,1660173,160.0
False,2016-07-26,1660173,185.0
False,2016-07-27,1660173,185.0
False,2016-07-28,1660173,185.0
False,2016-07-29,1660173,185.0
True,2016-07-30,1660173,230.0
True,2016-07-31,1660173,230.0
True,2016-08-01,1660173,230.0
True,2016-08-02,1660173,230.0
True,2016-08-03,1660173,230.0
False,2016-08-04,1660173,195.0
False,2016-08-05,1660173,195.0
True,2016-08-06,1660173,205.0
True,2016-08-07,1660173,205.0
True,2016-08-08,1660173,205.0
True,2016-08-09,1660173,205.0
True,2016-08-10,1660173,205.0
True,2016-08-11,1660173,205.0
True,2016-08-12,1660173,205.0
True,2016-08-13,1660173,205.0
True,2016-08-14,1660173,205.0
True,2016-08-15,1660173,205.0
True,2016-08-16,1660173,205.0
True,2016-08-17,1660173,205.0
True,2016-08-18,1660173,205.0
True,2016-08-19,1660173,205.0
True,2016-08-20,1660173,205.0
True,2016-08-21,1660173,205.0
True,2016-08-22,1660173,205.0
True,2016-08-23,1660173,205.0
True,2016-08-24,1660173,205.0
True,2016-08-25,1660173,205.0
True,2016-08-26,1660173,205.0
True,2016-08-27,1660173,205.0
True,2016-08-28,1660173,205.0
True,2016-08-29,1660173,205.0
True,2016-08-30,1660173,205.0
True,2016-08-31,1660173,205.0
True,2016-09-01,1660173,205.0
True,2016-09-02,1660173,205.0
True,2016-09-03,1660173,205.0
False,2016-05-29,9760014,145.0
False,2016-05-30,9760014,145.0
False,2016-05-31,9760014,145.0
False,2016-06-01,9760014,145.0
False,2016-06-02,9760014,145.0
False,2016-06-03,9760014,145.0
False,2016-06-04,9760014,145.0
False,2016-06-05,9760014,145.0
False,2016-06-06,9760014,145.0
False,2016-06-07,9760014,145.0
False,2016-06-08,9760014,145.0
False,2016-06-09,9760014,145.0
False,2016-06-10,9760014,145.0
False,2016-06-11,9760014,145.0
False,2016-06-12,9760014,145.0
False,2016-06-13,9760014,145.0
False,2016-06-14,9760014,145.0
False,2016-06-15,9760014,145.0
False,2016-06-16,9760014,145.0
False,2016-06-17,9760014,145.0
False,2016-06-18,9760014,145.0
False,2016-06-19,9760014,145.0
False,2016-06-20,9760014,145.0
False,2016-06-21,9760014,145.0
False,2016-06-22,9760014,145.0
False,2016-06-23,9760014,145.0
False,2016-06-24,9760014,145.0
False,2016-06-25,9760014,145.0
True,2016-06-26,9760014,145.0
True,2016-06-27,9760014,145.0
False,2016-06-28,9760014,145.0
False,2016-06-29,9760014,145.0
False,2016-06-30,9760014,145.0
False,2016-07-01,9760014,145.0
False,2016-07-02,9760014,145.0
False,2016-07-03,9760014,145.0
False,2016-07-04,9760014,145.0
False,2016-07-05,9760014,145.0
False,2016-07-06,9760014,145.0
False,2016-07-07,9760014,145.0
False,2016-07-08,9760014,145.0
False,2016-07-09,9760014,145.0
False,2016-07-10,9760014,145.0
True,2016-07-11,9760014,145.0
True,2016-07-12,9760014,145.0
False,2016-07-13,9760014,145.0
False,2016-07-14,9760014,145.0
False,2016-07-15,9760014,145.0
False,2016-07-16,9760014,145.0
False,2016-07-17,9760014,145.0
False,2016-07-18,9760014,145.0
False,2016-07-19,9760014,145.0
False,2016-07-20,9760014,145.0
False,2016-07-21,9760014,145.0
False,2016-07-22,9760014,145.0
False,2016-07-23,9760014,145.0
False,2016-07-24,9760014,145.0
False,2016-07-25,9760014,145.0
False,2016-07-26,9760014,145.0
False,2016-07-27,9760014,145.0
False,2016-07-28,9760014,145.0
False,2016-07-29,9760014,145.0
False,2016-07-30,9760014,145.0
False,2016-07-31,9760014,145.0
False,2016-08-01,9760014,145.0
False,2016-08-02,9760014,145.0
False,2016-08-03,9760014,145.0
False,2016-08-04,9760014,145.0
False,2016-08-05,9760014,145.0
False,2016-08-06,9760014,145.0
False,2016-08-07,9760014,145.0
False,2016-08-08,9760014,145.0
False,2016-08-09,9760014,145.0
False,2016-08-10,9760014,145.0
False,2016-08-11,9760014,145.0
False,2016-08-12,9760014,145.0
False,2016-08-13,9760014,145.0
False,2016-08-14,9760014,145.0
False,2016-08-15,9760014,145.0
False,2016-08-16,9760014,145.0
False,2016-08-17,9760014,145.0
False,2016-08-18,9760014,145.0
False,2016-08-19,9760014,145.0
False,2016-08-20,9760014,145.0
False,2016-08-21,9760014,145.0
False,2016-08-22,9760014,145.0
False,2016-08-23,9760014,145.0
False,2016-08-24,9760014,145.0
False,2016-08-25,9760014,145.0
False,2016-08-26,9760014,145.0
False,2016-08-27,9760014,145.0
False,2016-08-28,9760014,145.0
False,2016-08-29,9760014,145.0
False,2016-08-30,9760014,145.0
False,2016-08-31,9760014,145.0
False,2016-09-01,9760014,145.0
False,2016-09-02,9760014,145.0
False,2016-09-03,9760014,145.0
False,2016-05-29,3917869,199.0
False,2016-05-30,3917869,199.0
False,2016-05-31,3917869,199.0
False,2016-06-01,3917869,199.0
False,2016-06-02,3917869,199.0
False,2016-06-03,3917869,275.0
False,2016-06-04,3917869,275.0
False,2016-06-05,3917869,199.0
False,2016-06-06,3917869,199.0
False,2016-06-07,3917869,199.0
False,2016-06-08,3917869,199.0
False,2016-06-09,3917869,199.0
False,2016-06-10,3917869,275.0
False,2016-06-11,3917869,275.0
False,2016-06-12,3917869,199.0
False,2016-06-13,3917869,199.0
False,2016-06-14,3917869,199.0
False,2016-06-15,3917869,199.0
False,2016-06-16,3917869,199.0
False,2016-06-17,3917869,275.0
False,2016-06-18,3917869,275.0
False,2016-06-19,3917869,199.0
False,2016-06-20,3917869,199.0
False,2016-06-21,3917869,199.0
False,2016-06-22,3917869,199.0
False,2016-06-23,3917869,199.0
False,2016-06-24,3917869,275.0
False,2016-06-25,3917869,275.0
False,2016-06-26,3917869,199.0
False,2016-06-27,3917869,199.0
False,2016-06-28,3917869,199.0
False,2016-06-29,3917869,199.0
False,2016-06-30,3917869,199.0
False,2016-07-01,3917869,275.0
False,2016-07-02,3917869,275.0
False,2016-07-03,3917869,199.0
False,2016-07-04,3917869,150.0
False,2016-07-05,3917869,150.0
False,2016-07-06,3917869,150.0
False,2016-07-07,3917869,150.0
False,2016-07-08,3917869,150.0
False,2016-07-09,3917869,150.0
False,2016-07-10,3917869,150.0
False,2016-07-11,3917869,150.0
False,2016-07-12,3917869,150.0
False,2016-07-13,3917869,158.0
False,2016-07-14,3917869,150.0
False,2016-07-15,3917869,150.0
False,2016-07-16,3917869,150.0
False,2016-07-17,3917869,154.0
False,2016-07-18,3917869,152.0
False,2016-07-19,3917869,161.0
False,2016-07-20,3917869,165.0
False,2016-07-21,3917869,166.0
False,2016-07-22,3917869,167.0
False,2016-07-23,3917869,163.0
False,2016-07-24,3917869,169.0
False,2016-07-25,3917869,172.0
False,2016-07-26,3917869,178.0
False,2016-07-27,3917869,177.0
False,2016-07-28,3917869,177.0
False,2016-07-29,3917869,191.0
False,2016-07-30,3917869,192.0
False,2016-07-31,3917869,192.0
False,2016-08-01,3917869,189.0
False,2016-08-02,3917869,182.0
False,2016-08-03,3917869,188.0
False,2016-08-04,3917869,193.0
False,2016-08-05,3917869,204.0
False,2016-08-06,3917869,205.0
False,2016-08-07,3917869,216.0
False,2016-08-08,3917869,202.0
False,2016-08-09,3917869,197.0
False,2016-08-10,3917869,202.0
False,2016-08-11,3917869,202.0
False,2016-08-12,3917869,198.0
False,2016-08-13,3917869,198.0
False,2016-08-14,3917869,202.0
False,2016-08-15,3917869,203.0
False,2016-08-16,3917869,203.0
False,2016-08-17,3917869,202.0
False,2016-08-18,3917869,201.0
False,2016-08-19,3917869,199.0
False,2016-08-20,3917869,199.0
False,2016-08-21,3917869,203.0
False,2016-08-22,3917869,203.0
False,2016-08-23,3917869,204.0
False,2016-08-24,3917869,204.0
False,2016-08-25,3917869,203.0
False,2016-08-26,3917869,201.0
False,2016-08-27,3917869,201.0
False,2016-08-28,3917869,204.0
False,2016-08-29,3917869,208.0
False,2016-08-30,3917869,208.0
False,2016-08-31,3917869,208.0
False,2016-09-01,3917869,205.0
False,2016-09-02,3917869,201.0
False,2016-09-03,3917869,201.0
True,2016-05-29,13319043,235.0
True,2016-05-30,13319043,235.0
True,2016-05-31,13319043,235.0
True,2016-06-01,13319043,235.0
False,2016-06-02,13319043,235.0
True,2016-06-03,13319043,215.0
False,2016-06-04,13319043,235.0
False,2016-06-05,13319043,235.0
True,2016-06-06,13319043,215.0
False,2016-06-07,13319043,235.0
False,2016-06-08,13319043,235.0
False,2016-06-09,13319043,250.0
False,2016-06-10,13319043,250.0
False,2016-06-11,13319043,250.0
False,2016-06-12,13319043,250.0
False,2016-06-13,13319043,250.0
False,2016-06-14,13319043,250.0
True,2016-06-15,13319043,215.0
False,2016-06-16,13319043,250.0
False,2016-06-17,13319043,250.0
False,2016-06-18,13319043,250.0
False,2016-06-19,13319043,250.0
True,2016-06-20,13319043,215.0
False,2016-06-21,13319043,250.0
False,2016-06-22,13319043,250.0
False,2016-06-23,13319043,250.0
False,2016-06-24,13319043,250.0
False,2016-06-25,13319043,250.0
False,2016-06-26,13319043,215.0
False,2016-06-27,13319043,215.0
True,2016-06-28,13319043,215.0
False,2016-06-29,13319043,250.0
False,2016-06-30,13319043,250.0
False,2016-07-01,13319043,250.0
False,2016-07-02,13319043,250.0
False,2016-07-03,13319043,250.0
False,2016-07-04,13319043,250.0
False,2016-07-05,13319043,250.0
False,2016-07-06,13319043,250.0
True,2016-07-07,13319043,225.0
True,2016-07-08,13319043,225.0
False,2016-07-09,13319043,250.0
False,2016-07-10,13319043,250.0
False,2016-07-11,13319043,250.0
False,2016-07-12,13319043,250.0
False,2016-07-13,13319043,250.0
False,2016-07-14,13319043,250.0
True,2016-07-15,13319043,235.0
False,2016-07-16,13319043,250.0
False,2016-07-17,13319043,250.0
False,2016-07-18,13319043,250.0
True,2016-07-19,13319043,235.0
False,2016-07-20,13319043,250.0
False,2016-07-21,13319043,250.0
False,2016-07-22,13319043,250.0
False,2016-07-23,13319043,250.0
False,2016-07-24,13319043,250.0
False,2016-07-25,13319043,250.0
False,2016-07-26,13319043,250.0
False,2016-07-27,13319043,250.0
False,2016-07-28,13319043,235.0
False,2016-07-29,13319043,250.0
False,2016-07-30,13319043,250.0
True,2016-07-31,13319043,250.0
False,2016-08-01,13319043,250.0
False,2016-08-02,13319043,250.0
False,2016-08-03,13319043,250.0
False,2016-08-04,13319043,250.0
False,2016-08-05,13319043,250.0
False,2016-08-06,13319043,250.0
False,2016-08-07,13319043,215.0
True,2016-08-08,13319043,235.0
False,2016-08-09,13319043,215.0
False,2016-08-10,13319043,215.0
False,2016-08-11,13319043,215.0
False,2016-08-12,13319043,215.0
False,2016-08-13,13319043,215.0
False,2016-08-14,13319043,215.0
True,2016-08-15,13319043,225.0
True,2016-08-16,13319043,225.0
False,2016-08-17,13319043,215.0
False,2016-08-18,13319043,215.0
False,2016-08-19,13319043,215.0
False,2016-08-20,13319043,215.0
False,2016-08-21,13319043,215.0
True,2016-08-22,13319043,250.0
True,2016-08-23,13319043,250.0
True,2016-08-24,13319043,250.0
True,2016-08-25,13319043,250.0
True,2016-08-26,13319043,250.0
True,2016-08-27,13319043,250.0
True,2016-08-28,13319043,250.0
True,2016-08-29,13319043,250.0
True,2016-08-30,13319043,250.0
True,2016-08-31,13319043,250.0
True,2016-09-01,13319043,250.0
True,2016-09-02,13319043,250.0
True,2016-09-03,13319043,300.0
False,2016-05-29,9905940,348.0
False,2016-05-30,9905940,341.0
False,2016-05-31,9905940,240.0
False,2016-06-01,9905940,360.0
True,2016-06-02,9905940,360.0
False,2016-06-03,9905940,360.0
False,2016-06-04,9905940,360.0
False,2016-06-05,9905940,360.0
False,2016-06-06,9905940,360.0
False,2016-06-07,9905940,360.0
False,2016-06-08,9905940,360.0
False,2016-06-09,9905940,360.0
False,2016-06-10,9905940,360.0
False,2016-06-11,9905940,360.0
False,2016-06-12,9905940,360.0
False,2016-06-13,9905940,360.0
False,2016-06-14,9905940,360.0
False,2016-06-15,9905940,360.0
False,2016-06-16,9905940,360.0
False,2016-06-17,9905940,360.0
False,2016-06-18,9905940,360.0
True,2016-06-19,9905940,360.0
True,2016-06-20,9905940,360.0
False,2016-06-21,9905940,360.0
False,2016-06-22,9905940,360.0
False,2016-06-23,9905940,360.0
False,2016-06-24,9905940,360.0
False,2016-06-25,9905940,360.0
False,2016-06-26,9905940,360.0
False,2016-06-27,9905940,360.0
False,2016-06-28,9905940,360.0
False,2016-06-29,9905940,360.0
True,2016-06-30,9905940,360.0
False,2016-07-01,9905940,357.0
False,2016-07-02,9905940,303.0
False,2016-07-03,9905940,269.0
False,2016-07-04,9905940,266.0
False,2016-07-05,9905940,273.0
False,2016-07-06,9905940,257.0
False,2016-07-07,9905940,315.0
False,2016-07-08,9905940,304.0
False,2016-07-09,9905940,304.0
True,2016-07-10,9905940,240.0
False,2016-07-11,9905940,298.0
False,2016-07-12,9905940,262.0
False,2016-07-13,9905940,261.0
False,2016-07-14,9905940,315.0
False,2016-07-15,9905940,303.0
False,2016-07-16,9905940,303.0
False,2016-07-17,9905940,295.0
False,2016-07-18,9905940,305.0
False,2016-07-19,9905940,275.0
False,2016-07-20,9905940,351.0
False,2016-07-21,9905940,367.0
False,2016-07-22,9905940,372.0
False,2016-07-23,9905940,373.0
True,2016-07-24,9905940,240.0
True,2016-07-25,9905940,240.0
False,2016-07-26,9905940,350.0
False,2016-07-27,9905940,350.0
False,2016-07-28,9905940,350.0
False,2016-07-29,9905940,240.0
False,2016-07-30,9905940,240.0
False,2016-07-31,9905940,240.0
False,2016-08-01,9905940,240.0
False,2016-08-02,9905940,243.0
False,2016-08-03,9905940,240.0
False,2016-08-04,9905940,260.0
False,2016-08-05,9905940,258.0
False,2016-08-06,9905940,259.0
False,2016-08-07,9905940,247.0
False,2016-08-08,9905940,240.0
False,2016-08-09,9905940,240.0
False,2016-08-10,9905940,240.0
False,2016-08-11,9905940,245.0
False,2016-08-12,9905940,244.0
False,2016-08-13,9905940,245.0
False,2016-08-14,9905940,240.0
False,2016-08-15,9905940,240.0
False,2016-08-16,9905940,240.0
False,2016-08-17,9905940,240.0
False,2016-08-18,9905940,240.0
False,2016-08-19,9905940,240.0
False,2016-08-20,9905940,240.0
False,2016-08-21,9905940,240.0
False,2016-08-22,9905940,240.0
False,2016-08-23,9905940,240.0
False,2016-08-24,9905940,240.0
False,2016-08-25,9905940,240.0
False,2016-08-26,9905940,240.0
False,2016-08-27,9905940,240.0
False,2016-08-28,9905940,240.0
False,2016-08-29,9905940,240.0
False,2016-08-30,9905940,240.0
False,2016-08-31,9905940,240.0
False,2016-09-01,9905940,242.0
False,2016-09-02,9905940,251.0
True,2016-09-03,9905940,243.0
True,2016-05-29,7055126,225.0
True,2016-05-30,7055126,225.0
True,2016-05-31,7055126,225.0
True,2016-06-01,7055126,225.0
True,2016-06-02,7055126,225.0
True,2016-06-03,7055126,225.0
True,2016-06-04,7055126,225.0
False,2016-06-05,7055126,225.0
False,2016-06-06,7055126,225.0
False,2016-06-07,7055126,225.0
False,2016-06-08,7055126,225.0
True,2016-06-09,7055126,225.0
True,2016-06-10,7055126,225.0
True,2016-06-11,7055126,225.0
False,2016-06-12,7055126,225.0
True,2016-06-13,7055126,225.0
False,2016-06-14,7055126,225.0
False,2016-06-15,7055126,225.0
False,2016-06-16,7055126,225.0
False,2016-06-17,7055126,225.0
False,2016-06-18,7055126,225.0
True,2016-06-19,7055126,225.0
True,2016-06-20,7055126,225.0
False,2016-06-21,7055126,225.0
False,2016-06-22,7055126,225.0
False,2016-06-23,7055126,225.0
False,2016-06-24,7055126,225.0
False,2016-06-25,7055126,225.0
False,2016-06-26,7055126,225.0
True,2016-06-27,7055126,225.0
True,2016-06-28,7055126,225.0
False,2016-06-29,7055126,225.0
False,2016-06-30,7055126,225.0
False,2016-07-01,7055126,225.0
False,2016-07-02,7055126,225.0
False,2016-07-03,7055126,225.0
False,2016-07-04,7055126,225.0
False,2016-07-05,7055126,225.0
True,2016-07-06,7055126,225.0
True,2016-07-07,7055126,225.0
True,2016-07-08,7055126,225.0
False,2016-07-09,7055126,225.0
False,2016-07-10,7055126,225.0
False,2016-07-11,7055126,225.0
False,2016-07-12,7055126,225.0
False,2016-07-13,7055126,225.0
False,2016-07-14,7055126,225.0
True,2016-07-15,7055126,225.0
True,2016-07-16,7055126,225.0
False,2016-07-17,7055126,225.0
False,2016-07-18,7055126,225.0
False,2016-07-19,7055126,225.0
False,2016-07-20,7055126,225.0
False,2016-07-21,7055126,225.0
True,2016-07-22,7055126,225.0
True,2016-07-23,7055126,225.0
False,2016-07-24,7055126,225.0
True,2016-07-25,7055126,225.0
True,2016-07-26,7055126,225.0
True,2016-07-27,7055126,225.0
True,2016-07-28,7055126,225.0
True,2016-07-29,7055126,225.0
False,2016-07-30,7055126,225.0
True,2016-07-31,7055126,225.0
False,2016-08-01,7055126,225.0
False,2016-08-02,7055126,225.0
False,2016-08-03,7055126,225.0
False,2016-08-04,7055126,225.0
False,2016-08-05,7055126,225.0
False,2016-08-06,7055126,225.0
False,2016-08-07,7055126,225.0
True,2016-08-08,7055126,225.0
False,2016-08-09,7055126,225.0
False,2016-08-10,7055126,225.0
False,2016-08-11,7055126,225.0
False,2016-08-12,7055126,225.0
False,2016-08-13,7055126,225.0
True,2016-08-14,7055126,225.0
True,2016-08-15,7055126,225.0
True,2016-08-16,7055126,225.0
True,2016-08-17,7055126,225.0
True,2016-08-18,7055126,225.0
True,2016-08-19,7055126,225.0
True,2016-08-20,7055126,225.0
True,2016-08-21,7055126,225.0
True,2016-08-22,7055126,225.0
True,2016-08-23,7055126,225.0
True,2016-08-24,7055126,225.0
True,2016-08-25,7055126,225.0
True,2016-08-26,7055126,225.0
True,2016-08-27,7055126,225.0
True,2016-08-28,7055126,225.0
True,2016-08-29,7055126,225.0
True,2016-08-30,7055126,225.0
True,2016-08-31,7055126,225.0
True,2016-09-01,7055126,225.0
True,2016-09-02,7055126,225.0
True,2016-09-03,7055126,225.0
True,2016-05-29,13130008,350.0
False,2016-05-30,13130008,350.0
False,2016-05-31,13130008,350.0
False,2016-06-01,13130008,350.0
False,2016-06-02,13130008,350.0
False,2016-06-03,13130008,400.0
True,2016-06-04,13130008,400.0
False,2016-06-05,13130008,350.0
False,2016-06-06,13130008,350.0
False,2016-06-07,13130008,350.0
False,2016-06-08,13130008,350.0
True,2016-06-09,13130008,350.0
True,2016-06-10,13130008,350.0
True,2016-06-11,13130008,350.0
True,2016-06-12,13130008,350.0
False,2016-06-13,13130008,350.0
False,2016-06-14,13130008,350.0
False,2016-06-15,13130008,350.0
False,2016-06-16,13130008,350.0
True,2016-06-17,13130008,350.0
True,2016-06-18,13130008,350.0
True,2016-06-19,13130008,350.0
True,2016-06-20,13130008,350.0
True,2016-06-21,13130008,350.0
False,2016-06-22,13130008,350.0
False,2016-06-23,13130008,350.0
False,2016-06-24,13130008,350.0
False,2016-06-25,13130008,350.0
True,2016-06-26,13130008,350.0
True,2016-06-27,13130008,350.0
False,2016-06-28,13130008,350.0
False,2016-06-29,13130008,350.0
False,2016-06-30,13130008,350.0
False,2016-07-01,13130008,350.0
False,2016-07-02,13130008,350.0
False,2016-07-03,13130008,350.0
False,2016-07-04,13130008,350.0
False,2016-07-05,13130008,350.0
False,2016-07-06,13130008,350.0
False,2016-07-07,13130008,350.0
False,2016-07-08,13130008,400.0
False,2016-07-09,13130008,400.0
False,2016-07-10,13130008,350.0
False,2016-07-11,13130008,350.0
False,2016-07-12,13130008,350.0
False,2016-07-13,13130008,350.0
False,2016-07-14,13130008,350.0
False,2016-07-15,13130008,400.0
False,2016-07-16,13130008,400.0
False,2016-07-17,13130008,350.0
False,2016-07-18,13130008,350.0
False,2016-07-19,13130008,350.0
False,2016-07-20,13130008,350.0
False,2016-07-21,13130008,350.0
False,2016-07-22,13130008,400.0
False,2016-07-23,13130008,400.0
False,2016-07-24,13130008,350.0
False,2016-07-25,13130008,350.0
False,2016-07-26,13130008,350.0
False,2016-07-27,13130008,350.0
False,2016-07-28,13130008,350.0
False,2016-07-29,13130008,400.0
False,2016-07-30,13130008,400.0
False,2016-07-31,13130008,350.0
False,2016-08-01,13130008,350.0
False,2016-08-02,13130008,350.0
False,2016-08-03,13130008,350.0
False,2016-08-04,13130008,350.0
False,2016-08-05,13130008,400.0
False,2016-08-06,13130008,400.0
False,2016-08-07,13130008,350.0
False,2016-08-08,13130008,350.0
False,2016-08-09,13130008,350.0
False,2016-08-10,13130008,350.0
False,2016-08-11,13130008,350.0
False,2016-08-12,13130008,400.0
True,2016-08-13,13130008,350.0
True,2016-08-14,13130008,350.0
True,2016-08-15,13130008,350.0
True,2016-08-16,13130008,350.0
True,2016-08-17,13130008,350.0
False,2016-08-18,13130008,350.0
False,2016-08-19,13130008,350.0
False,2016-08-20,13130008,350.0
False,2016-08-21,13130008,350.0
True,2016-08-22,13130008,350.0
True,2016-08-23,13130008,350.0
True,2016-08-24,13130008,350.0
True,2016-08-25,13130008,350.0
True,2016-08-26,13130008,350.0
True,2016-08-27,13130008,350.0
True,2016-08-28,13130008,350.0
True,2016-08-29,13130008,350.0
True,2016-08-30,13130008,350.0
True,2016-08-31,13130008,350.0
True,2016-09-01,13130008,350.0
True,2016-09-02,13130008,350.0
True,2016-09-03,13130008,350.0
False,2016-05-29,1059611,269.0
False,2016-05-30,1059611,269.0
False,2016-05-31,1059611,269.0
False,2016-06-01,1059611,269.0
False,2016-06-02,1059611,269.0
False,2016-06-03,1059611,269.0
False,2016-06-04,1059611,269.0
False,2016-06-05,1059611,269.0
False,2016-06-06,1059611,269.0
False,2016-06-07,1059611,269.0
False,2016-06-08,1059611,269.0
False,2016-06-09,1059611,269.0
False,2016-06-10,1059611,269.0
False,2016-06-11,1059611,269.0
False,2016-06-12,1059611,269.0
False,2016-06-13,1059611,269.0
False,2016-06-14,1059611,269.0
False,2016-06-15,1059611,269.0
False,2016-06-16,1059611,269.0
False,2016-06-17,1059611,269.0
False,2016-06-18,1059611,269.0
False,2016-06-19,1059611,269.0
False,2016-06-20,1059611,269.0
False,2016-06-21,1059611,269.0
False,2016-06-22,1059611,269.0
False,2016-06-23,1059611,269.0
False,2016-06-24,1059611,269.0
False,2016-06-25,1059611,269.0
False,2016-06-26,1059611,269.0
False,2016-06-27,1059611,269.0
False,2016-06-28,1059611,269.0
False,2016-06-29,1059611,269.0
False,2016-06-30,1059611,279.0
False,2016-07-01,1059611,319.0
False,2016-07-02,1059611,319.0
False,2016-07-03,1059611,319.0
False,2016-07-04,1059611,319.0
False,2016-07-05,1059611,279.0
False,2016-07-06,1059611,279.0
False,2016-07-07,1059611,279.0
False,2016-07-08,1059611,299.0
False,2016-07-09,1059611,299.0
False,2016-07-10,1059611,279.0
True,2016-07-11,1059611,279.0
False,2016-07-12,1059611,279.0
False,2016-07-13,1059611,279.0
False,2016-07-14,1059611,279.0
False,2016-07-15,1059611,299.0
False,2016-07-16,1059611,299.0
True,2016-07-17,1059611,279.0
True,2016-07-18,1059611,279.0
False,2016-07-19,1059611,279.0
False,2016-07-20,1059611,279.0
False,2016-07-21,1059611,279.0
False,2016-07-22,1059611,299.0
False,2016-07-23,1059611,299.0
False,2016-07-24,1059611,279.0
False,2016-07-25,1059611,279.0
False,2016-07-26,1059611,279.0
False,2016-07-27,1059611,279.0
False,2016-07-28,1059611,279.0
False,2016-07-29,1059611,299.0
False,2016-07-30,1059611,299.0
False,2016-07-31,1059611,279.0
False,2016-08-01,1059611,279.0
False,2016-08-02,1059611,279.0
False,2016-08-03,1059611,279.0
False,2016-08-04,1059611,279.0
False,2016-08-05,1059611,319.0
False,2016-08-06,1059611,319.0
False,2016-08-07,1059611,279.0
False,2016-08-08,1059611,279.0
False,2016-08-09,1059611,279.0
False,2016-08-10,1059611,279.0
False,2016-08-11,1059611,296.0
False,2016-08-12,1059611,298.0
False,2016-08-13,1059611,297.0
False,2016-08-14,1059611,297.0
False,2016-08-15,1059611,297.0
False,2016-08-16,1059611,297.0
False,2016-08-17,1059611,297.0
False,2016-08-18,1059611,299.0
False,2016-08-19,1059611,299.0
False,2016-08-20,1059611,303.0
False,2016-08-21,1059611,293.0
False,2016-08-22,1059611,284.0
False,2016-08-23,1059611,292.0
False,2016-08-24,1059611,294.0
False,2016-08-25,1059611,293.0
False,2016-08-26,1059611,292.0
False,2016-08-27,1059611,294.0
False,2016-08-28,1059611,295.0
False,2016-08-29,1059611,287.0
False,2016-08-30,1059611,295.0
False,2016-08-31,1059611,296.0
False,2016-09-01,1059611,294.0
False,2016-09-02,1059611,293.0
False,2016-09-03,1059611,294.0
True,2016-05-29,522115,135.0
True,2016-05-30,522115,135.0
True,2016-05-31,522115,135.0
True,2016-06-01,522115,135.0
True,2016-06-02,522115,135.0
True,2016-06-03,522115,135.0
True,2016-06-04,522115,135.0
True,2016-06-05,522115,135.0
True,2016-06-06,522115,135.0
True,2016-06-07,522115,135.0
True,2016-06-08,522115,135.0
True,2016-06-09,522115,135.0
True,2016-06-10,522115,135.0
True,2016-06-11,522115,135.0
True,2016-06-12,522115,135.0
True,2016-06-13,522115,135.0
True,2016-06-14,522115,135.0
True,2016-06-15,522115,135.0
True,2016-06-16,522115,135.0
True,2016-06-17,522115,135.0
True,2016-06-18,522115,135.0
True,2016-06-19,522115,135.0
True,2016-06-20,522115,135.0
True,2016-06-21,522115,135.0
True,2016-06-22,522115,135.0
True,2016-06-23,522115,135.0
False,2016-06-24,522115,135.0
False,2016-06-25,522115,135.0
False,2016-06-26,522115,135.0
False,2016-06-27,522115,135.0
False,2016-06-28,522115,135.0
False,2016-06-29,522115,135.0
False,2016-06-30,522115,135.0
False,2016-07-01,522115,135.0
False,2016-07-02,522115,135.0
False,2016-07-03,522115,135.0
False,2016-07-04,522115,135.0
False,2016-07-05,522115,135.0
False,2016-07-06,522115,135.0
True,2016-07-07,522115,165.0
False,2016-07-08,522115,165.0
False,2016-07-09,522115,165.0
False,2016-07-10,522115,165.0
True,2016-07-11,522115,165.0
True,2016-07-12,522115,165.0
False,2016-07-13,522115,165.0
False,2016-07-14,522115,165.0
False,2016-07-15,522115,165.0
False,2016-07-16,522115,135.0
False,2016-07-17,522115,135.0
False,2016-07-18,522115,135.0
False,2016-07-19,522115,135.0
False,2016-07-20,522115,135.0
False,2016-07-21,522115,135.0
False,2016-07-22,522115,135.0
False,2016-07-23,522115,135.0
False,2016-07-24,522115,135.0
False,2016-07-25,522115,135.0
False,2016-07-26,522115,135.0
False,2016-07-27,522115,135.0
False,2016-07-28,522115,135.0
False,2016-07-29,522115,135.0
False,2016-07-30,522115,165.0
False,2016-07-31,522115,165.0
False,2016-08-01,522115,165.0
False,2016-08-02,522115,165.0
True,2016-08-03,522115,165.0
False,2016-08-04,522115,165.0
False,2016-08-05,522115,165.0
False,2016-08-06,522115,165.0
True,2016-08-07,522115,165.0
True,2016-08-08,522115,165.0
True,2016-08-09,522115,165.0
False,2016-08-10,522115,165.0
False,2016-08-11,522115,165.0
False,2016-08-12,522115,165.0
False,2016-08-13,522115,165.0
True,2016-08-14,522115,165.0
False,2016-08-15,522115,135.0
False,2016-08-16,522115,135.0
False,2016-08-17,522115,135.0
False,2016-08-18,522115,135.0
False,2016-08-19,522115,135.0
False,2016-08-20,522115,135.0
False,2016-08-21,522115,135.0
False,2016-08-22,522115,135.0
False,2016-08-23,522115,135.0
False,2016-08-24,522115,135.0
False,2016-08-25,522115,135.0
False,2016-08-26,522115,135.0
False,2016-08-27,522115,135.0
False,2016-08-28,522115,135.0
False,2016-08-29,522115,135.0
False,2016-08-30,522115,135.0
False,2016-08-31,522115,135.0
False,2016-09-01,522115,135.0
False,2016-09-02,522115,135.0
False,2016-09-03,522115,135.0
False,2016-05-29,7956253,175.0
False,2016-05-30,7956253,175.0
False,2016-05-31,7956253,175.0
False,2016-06-01,7956253,175.0
False,2016-06-02,7956253,175.0
False,2016-06-03,7956253,175.0
False,2016-06-04,7956253,175.0
False,2016-06-05,7956253,175.0
False,2016-06-06,7956253,175.0
False,2016-06-07,7956253,175.0
False,2016-06-08,7956253,175.0
False,2016-06-09,7956253,175.0
False,2016-06-10,7956253,175.0
False,2016-06-11,7956253,175.0
False,2016-06-12,7956253,175.0
False,2016-06-13,7956253,175.0
False,2016-06-14,7956253,175.0
False,2016-06-15,7956253,175.0
False,2016-06-16,7956253,175.0
False,2016-06-17,7956253,175.0
False,2016-06-18,7956253,175.0
False,2016-06-19,7956253,175.0
False,2016-06-20,7956253,175.0
False,2016-06-21,7956253,175.0
False,2016-06-22,7956253,175.0
False,2016-06-23,7956253,175.0
False,2016-06-24,7956253,175.0
False,2016-06-25,7956253,175.0
False,2016-06-26,7956253,175.0
False,2016-06-27,7956253,175.0
False,2016-06-28,7956253,175.0
False,2016-06-29,7956253,175.0
False,2016-06-30,7956253,175.0
False,2016-07-01,7956253,175.0
False,2016-07-02,7956253,175.0
False,2016-07-03,7956253,175.0
False,2016-07-04,7956253,175.0
False,2016-07-05,7956253,175.0
False,2016-07-06,7956253,175.0
False,2016-07-07,7956253,175.0
False,2016-07-08,7956253,175.0
False,2016-07-09,7956253,175.0
False,2016-07-10,7956253,175.0
False,2016-07-11,7956253,175.0
False,2016-07-12,7956253,175.0
False,2016-07-13,7956253,175.0
False,2016-07-14,7956253,175.0
False,2016-07-15,7956253,175.0
False,2016-07-16,7956253,175.0
False,2016-07-17,7956253,175.0
False,2016-07-18,7956253,175.0
False,2016-07-19,7956253,175.0
False,2016-07-20,7956253,175.0
False,2016-07-21,7956253,175.0
False,2016-07-22,7956253,175.0
False,2016-07-23,7956253,175.0
False,2016-07-24,7956253,175.0
False,2016-07-25,7956253,175.0
False,2016-07-26,7956253,175.0
False,2016-07-27,7956253,175.0
False,2016-07-28,7956253,175.0
False,2016-07-29,7956253,175.0
False,2016-07-30,7956253,175.0
False,2016-07-31,7956253,175.0
False,2016-08-01,7956253,175.0
False,2016-08-02,7956253,175.0
False,2016-08-03,7956253,175.0
False,2016-08-04,7956253,175.0
False,2016-08-05,7956253,175.0
False,2016-08-06,7956253,175.0
False,2016-08-07,7956253,175.0
False,2016-08-08,7956253,175.0
False,2016-08-09,7956253,175.0
False,2016-08-10,7956253,175.0
False,2016-08-11,7956253,175.0
False,2016-08-12,7956253,175.0
False,2016-08-13,7956253,175.0
False,2016-08-14,7956253,175.0
False,2016-08-15,7956253,175.0
False,2016-08-16,7956253,175.0
False,2016-08-17,7956253,175.0
False,2016-08-18,7956253,175.0
False,2016-08-19,7956253,175.0
False,2016-08-20,7956253,175.0
False,2016-08-21,7956253,175.0
False,2016-08-22,7956253,175.0
False,2016-08-23,7956253,175.0
False,2016-08-24,7956253,175.0
False,2016-08-25,7956253,175.0
False,2016-08-26,7956253,175.0
False,2016-08-27,7956253,175.0
False,2016-08-28,7956253,175.0
False,2016-08-29,7956253,175.0
False,2016-08-30,7956253,175.0
False,2016-08-31,7956253,175.0
False,2016-09-01,7956253,175.0
False,2016-09-02,7956253,175.0
False,2016-09-03,7956253,175.0
False,2016-05-29,8169181,650.0
False,2016-05-30,8169181,650.0
False,2016-05-31,8169181,650.0
True,2016-06-01,8169181,450.0
False,2016-06-02,8169181,450.0
False,2016-06-03,8169181,450.0
False,2016-06-04,8169181,550.0
False,2016-06-05,8169181,525.0
False,2016-06-06,8169181,825.0
False,2016-06-07,8169181,825.0
False,2016-06-08,8169181,825.0
True,2016-06-09,8169181,650.0
False,2016-06-10,8169181,650.0
False,2016-06-11,8169181,650.0
True,2016-06-12,8169181,650.0
True,2016-06-13,8169181,650.0
True,2016-06-14,8169181,650.0
False,2016-06-15,8169181,650.0
False,2016-06-16,8169181,650.0
False,2016-06-17,8169181,650.0
False,2016-06-18,8169181,650.0
False,2016-06-19,8169181,650.0
False,2016-06-20,8169181,650.0
False,2016-06-21,8169181,650.0
False,2016-06-22,8169181,650.0
False,2016-06-23,8169181,650.0
False,2016-06-24,8169181,650.0
False,2016-06-25,8169181,650.0
True,2016-06-26,8169181,450.0
True,2016-06-27,8169181,350.0
True,2016-06-28,8169181,375.0
True,2016-06-29,8169181,350.0
True,2016-06-30,8169181,350.0
True,2016-07-01,8169181,350.0
False,2016-07-02,8169181,550.0
False,2016-07-03,8169181,650.0
True,2016-07-04,8169181,400.0
True,2016-07-05,8169181,400.0
True,2016-07-06,8169181,400.0
True,2016-07-07,8169181,400.0
False,2016-07-08,8169181,400.0
False,2016-07-09,8169181,400.0
False,2016-07-10,8169181,500.0
False,2016-07-11,8169181,500.0
False,2016-07-12,8169181,500.0
False,2016-07-13,8169181,500.0
False,2016-07-14,8169181,500.0
False,2016-07-15,8169181,500.0
False,2016-07-16,8169181,500.0
False,2016-07-17,8169181,425.0
False,2016-07-18,8169181,425.0
False,2016-07-19,8169181,425.0
False,2016-07-20,8169181,550.0
False,2016-07-21,8169181,750.0
False,2016-07-22,8169181,750.0
False,2016-07-23,8169181,750.0
False,2016-07-24,8169181,750.0
False,2016-07-25,8169181,750.0
True,2016-07-26,8169181,650.0
True,2016-07-27,8169181,650.0
True,2016-07-28,8169181,650.0
True,2016-07-29,8169181,650.0
False,2016-07-30,8169181,750.0
False,2016-07-31,8169181,750.0
False,2016-08-01,8169181,750.0
False,2016-08-02,8169181,750.0
False,2016-08-03,8169181,500.0
False,2016-08-04,8169181,500.0
False,2016-08-05,8169181,750.0
False,2016-08-06,8169181,750.0
False,2016-08-07,8169181,750.0
True,2016-08-08,8169181,750.0
True,2016-08-09,8169181,750.0
True,2016-08-10,8169181,750.0
True,2016-08-11,8169181,750.0
True,2016-08-12,8169181,750.0
True,2016-08-13,8169181,750.0
True,2016-08-14,8169181,750.0
True,2016-08-15,8169181,750.0
True,2016-08-16,8169181,750.0
True,2016-08-17,8169181,750.0
True,2016-08-18,8169181,750.0
False,2016-08-19,8169181,850.0
False,2016-08-20,8169181,850.0
False,2016-08-21,8169181,850.0
False,2016-08-22,8169181,850.0
False,2016-08-23,8169181,850.0
False,2016-08-24,8169181,850.0
False,2016-08-25,8169181,850.0
False,2016-08-26,8169181,850.0
False,2016-08-27,8169181,850.0
False,2016-08-28,8169181,425.0
False,2016-08-29,8169181,425.0
False,2016-08-30,8169181,425.0
False,2016-08-31,8169181,425.0
False,2016-09-01,8169181,425.0
False,2016-09-02,8169181,425.0
False,2016-09-03,8169181,425.0
False,2016-05-29,3789600,425.0
False,2016-05-30,3789600,425.0
False,2016-05-31,3789600,395.0
True,2016-06-01,3789600,395.0
True,2016-06-02,3789600,395.0
True,2016-06-03,3789600,395.0
False,2016-06-04,3789600,395.0
False,2016-06-05,3789600,395.0
False,2016-06-06,3789600,395.0
False,2016-06-07,3789600,395.0
False,2016-06-08,3789600,395.0
False,2016-06-09,3789600,442.0
False,2016-06-10,3789600,395.0
False,2016-06-11,3789600,395.0
True,2016-06-12,3789600,333.0
False,2016-06-13,3789600,425.0
False,2016-06-14,3789600,425.0
True,2016-06-15,3789600,333.0
False,2016-06-16,3789600,425.0
False,2016-06-17,3789600,395.0
False,2016-06-18,3789600,395.0
True,2016-06-19,3789600,333.0
False,2016-06-20,3789600,395.0
False,2016-06-21,3789600,395.0
False,2016-06-22,3789600,395.0
False,2016-06-23,3789600,395.0
False,2016-06-24,3789600,395.0
False,2016-06-25,3789600,395.0
True,2016-06-26,3789600,333.0
True,2016-06-27,3789600,333.0
False,2016-06-28,3789600,398.0
False,2016-06-29,3789600,396.0
True,2016-06-30,3789600,333.0
True,2016-07-01,3789600,333.0
False,2016-07-02,3789600,440.0
False,2016-07-03,3789600,500.0
False,2016-07-04,3789600,500.0
False,2016-07-05,3789600,425.0
False,2016-07-06,3789600,425.0
False,2016-07-07,3789600,425.0
False,2016-07-08,3789600,395.0
False,2016-07-09,3789600,395.0
False,2016-07-10,3789600,425.0
False,2016-07-11,3789600,425.0
False,2016-07-12,3789600,425.0
False,2016-07-13,3789600,425.0
False,2016-07-14,3789600,425.0
False,2016-07-15,3789600,395.0
False,2016-07-16,3789600,395.0
False,2016-07-17,3789600,425.0
False,2016-07-18,3789600,425.0
True,2016-07-19,3789600,395.0
False,2016-07-20,3789600,425.0
False,2016-07-21,3789600,425.0
False,2016-07-22,3789600,395.0
False,2016-07-23,3789600,395.0
False,2016-07-24,3789600,395.0
False,2016-07-25,3789600,395.0
False,2016-07-26,3789600,395.0
False,2016-07-27,3789600,395.0
False,2016-07-28,3789600,395.0
False,2016-07-29,3789600,395.0
False,2016-07-30,3789600,395.0
False,2016-07-31,3789600,395.0
False,2016-08-01,3789600,395.0
True,2016-08-02,3789600,338.0
False,2016-08-03,3789600,395.0
False,2016-08-04,3789600,395.0
False,2016-08-05,3789600,395.0
False,2016-08-06,3789600,395.0
False,2016-08-07,3789600,395.0
False,2016-08-08,3789600,395.0
False,2016-08-09,3789600,395.0
False,2016-08-10,3789600,395.0
False,2016-08-11,3789600,395.0
False,2016-08-12,3789600,395.0
False,2016-08-13,3789600,395.0
False,2016-08-14,3789600,395.0
False,2016-08-15,3789600,395.0
False,2016-08-16,3789600,395.0
False,2016-08-17,3789600,395.0
False,2016-08-18,3789600,395.0
False,2016-08-19,3789600,415.0
False,2016-08-20,3789600,415.0
False,2016-08-21,3789600,415.0
True,2016-08-22,3789600,401.0
True,2016-08-23,3789600,417.0
True,2016-08-24,3789600,417.0
True,2016-08-25,3789600,417.0
False,2016-08-26,3789600,415.0
False,2016-08-27,3789600,415.0
False,2016-08-28,3789600,415.0
False,2016-08-29,3789600,415.0
True,2016-08-30,3789600,395.0
True,2016-08-31,3789600,395.0
True,2016-09-01,3789600,395.0
False,2016-09-02,3789600,415.0
False,2016-09-03,3789600,415.0
False,2016-05-29,11434490,195.0
False,2016-05-30,11434490,195.0
False,2016-05-31,11434490,195.0
False,2016-06-01,11434490,195.0
False,2016-06-02,11434490,195.0
False,2016-06-03,11434490,195.0
False,2016-06-04,11434490,195.0
False,2016-06-05,11434490,195.0
False,2016-06-06,11434490,195.0
False,2016-06-07,11434490,195.0
True,2016-06-08,11434490,195.0
False,2016-06-09,11434490,195.0
False,2016-06-10,11434490,195.0
False,2016-06-11,11434490,195.0
False,2016-06-12,11434490,195.0
False,2016-06-13,11434490,195.0
False,2016-06-14,11434490,195.0
False,2016-06-15,11434490,195.0
False,2016-06-16,11434490,195.0
False,2016-06-17,11434490,195.0
False,2016-06-18,11434490,195.0
False,2016-06-19,11434490,195.0
False,2016-06-20,11434490,195.0
False,2016-06-21,11434490,195.0
False,2016-06-22,11434490,195.0
False,2016-06-23,11434490,195.0
False,2016-06-24,11434490,195.0
False,2016-06-25,11434490,195.0
False,2016-06-26,11434490,195.0
False,2016-06-27,11434490,195.0
False,2016-06-28,11434490,195.0
False,2016-06-29,11434490,195.0
False,2016-06-30,11434490,195.0
False,2016-07-01,11434490,195.0
False,2016-07-02,11434490,195.0
False,2016-07-03,11434490,195.0
False,2016-07-04,11434490,195.0
False,2016-07-05,11434490,195.0
False,2016-07-06,11434490,195.0
False,2016-07-07,11434490,195.0
False,2016-07-08,11434490,195.0
False,2016-07-09,11434490,195.0
False,2016-07-10,11434490,195.0
False,2016-07-11,11434490,195.0
False,2016-07-12,11434490,195.0
False,2016-07-13,11434490,195.0
False,2016-07-14,11434490,195.0
False,2016-07-15,11434490,195.0
False,2016-07-16,11434490,195.0
False,2016-07-17,11434490,195.0
False,2016-07-18,11434490,195.0
False,2016-07-19,11434490,195.0
False,2016-07-20,11434490,195.0
False,2016-07-21,11434490,195.0
False,2016-07-22,11434490,195.0
False,2016-07-23,11434490,195.0
False,2016-07-24,11434490,195.0
False,2016-07-25,11434490,195.0
False,2016-07-26,11434490,195.0
False,2016-07-27,11434490,195.0
False,2016-07-28,11434490,195.0
False,2016-07-29,11434490,195.0
False,2016-07-30,11434490,195.0
False,2016-07-31,11434490,195.0
False,2016-08-01,11434490,195.0
False,2016-08-02,11434490,195.0
False,2016-08-03,11434490,195.0
False,2016-08-04,11434490,195.0
False,2016-08-05,11434490,195.0
False,2016-08-06,11434490,195.0
False,2016-08-07,11434490,195.0
False,2016-08-08,11434490,195.0
False,2016-08-09,11434490,195.0
False,2016-08-10,11434490,195.0
False,2016-08-11,11434490,195.0
False,2016-08-12,11434490,195.0
False,2016-08-13,11434490,195.0
False,2016-08-14,11434490,195.0
False,2016-08-15,11434490,195.0
False,2016-08-16,11434490,195.0
False,2016-08-17,11434490,195.0
False,2016-08-18,11434490,195.0
False,2016-08-19,11434490,195.0
False,2016-08-20,11434490,195.0
False,2016-08-21,11434490,195.0
False,2016-08-22,11434490,195.0
False,2016-08-23,11434490,195.0
False,2016-08-24,11434490,195.0
False,2016-08-25,11434490,195.0
False,2016-08-26,11434490,195.0
False,2016-08-27,11434490,195.0
False,2016-08-28,11434490,195.0
True,2016-08-29,11434490,195.0
True,2016-08-30,11434490,195.0
True,2016-08-31,11434490,195.0
False,2016-09-01,11434490,195.0
False,2016-09-02,11434490,195.0
False,2016-09-03,11434490,195.0
False,2016-05-29,1687330,190.0
False,2016-05-30,1687330,190.0
False,2016-05-31,1687330,190.0
False,2016-06-01,1687330,190.0
False,2016-06-02,1687330,190.0
False,2016-06-03,1687330,190.0
False,2016-06-04,1687330,190.0
False,2016-06-05,1687330,190.0
False,2016-06-06,1687330,190.0
False,2016-06-07,1687330,190.0
False,2016-06-08,1687330,190.0
False,2016-06-09,1687330,190.0
True,2016-06-10,1687330,250.0
True,2016-06-11,1687330,250.0
False,2016-06-12,1687330,200.0
False,2016-06-13,1687330,190.0
False,2016-06-14,1687330,190.0
False,2016-06-15,1687330,190.0
False,2016-06-16,1687330,190.0
False,2016-06-17,1687330,190.0
False,2016-06-18,1687330,190.0
False,2016-06-19,1687330,190.0
False,2016-06-20,1687330,190.0
False,2016-06-21,1687330,190.0
False,2016-06-22,1687330,190.0
False,2016-06-23,1687330,190.0
False,2016-06-24,1687330,190.0
False,2016-06-25,1687330,190.0
False,2016-06-26,1687330,190.0
False,2016-06-27,1687330,190.0
False,2016-06-28,1687330,190.0
False,2016-06-29,1687330,190.0
False,2016-06-30,1687330,190.0
False,2016-07-01,1687330,190.0
False,2016-07-02,1687330,190.0
False,2016-07-03,1687330,190.0
False,2016-07-04,1687330,190.0
False,2016-07-05,1687330,190.0
False,2016-07-06,1687330,190.0
False,2016-07-07,1687330,190.0
False,2016-07-08,1687330,190.0
False,2016-07-09,1687330,190.0
False,2016-07-10,1687330,190.0
False,2016-07-11,1687330,190.0
False,2016-07-12,1687330,190.0
False,2016-07-13,1687330,190.0
False,2016-07-14,1687330,190.0
False,2016-07-15,1687330,190.0
False,2016-07-16,1687330,190.0
False,2016-07-17,1687330,190.0
False,2016-07-18,1687330,190.0
False,2016-07-19,1687330,190.0
False,2016-07-20,1687330,190.0
False,2016-07-21,1687330,190.0
False,2016-07-22,1687330,190.0
False,2016-07-23,1687330,190.0
False,2016-07-24,1687330,190.0
False,2016-07-25,1687330,190.0
False,2016-07-26,1687330,190.0
False,2016-07-27,1687330,190.0
False,2016-07-28,1687330,190.0
False,2016-07-29,1687330,190.0
False,2016-07-30,1687330,190.0
False,2016-07-31,1687330,190.0
False,2016-08-01,1687330,190.0
False,2016-08-02,1687330,190.0
False,2016-08-03,1687330,190.0
False,2016-08-04,1687330,190.0
False,2016-08-05,1687330,190.0
False,2016-08-06,1687330,190.0
False,2016-08-07,1687330,190.0
False,2016-08-08,1687330,190.0
False,2016-08-09,1687330,190.0
False,2016-08-10,1687330,190.0
False,2016-08-11,1687330,190.0
False,2016-08-12,1687330,190.0
False,2016-08-13,1687330,190.0
False,2016-08-14,1687330,190.0
False,2016-08-15,1687330,190.0
False,2016-08-16,1687330,190.0
False,2016-08-17,1687330,190.0
False,2016-08-18,1687330,190.0
False,2016-08-19,1687330,190.0
False,2016-08-20,1687330,190.0
False,2016-08-21,1687330,190.0
False,2016-08-22,1687330,190.0
False,2016-08-23,1687330,190.0
False,2016-08-24,1687330,190.0
False,2016-08-25,1687330,190.0
False,2016-08-26,1687330,190.0
False,2016-08-27,1687330,190.0
False,2016-08-28,1687330,190.0
False,2016-08-29,1687330,190.0
False,2016-08-30,1687330,190.0
False,2016-08-31,1687330,190.0
False,2016-09-01,1687330,190.0
False,2016-09-02,1687330,190.0
False,2016-09-03,1687330,190.0
False,2016-05-29,13264163,325.0
False,2016-05-30,13264163,325.0
False,2016-05-31,13264163,325.0
False,2016-06-01,13264163,325.0
False,2016-06-02,13264163,325.0
False,2016-06-03,13264163,325.0
False,2016-06-04,13264163,325.0
False,2016-06-05,13264163,325.0
False,2016-06-06,13264163,325.0
False,2016-06-07,13264163,325.0
False,2016-06-08,13264163,325.0
False,2016-06-09,13264163,325.0
False,2016-06-10,13264163,325.0
False,2016-06-11,13264163,325.0
False,2016-06-12,13264163,325.0
False,2016-06-13,13264163,325.0
False,2016-06-14,13264163,325.0
False,2016-06-15,13264163,325.0
False,2016-06-16,13264163,325.0
False,2016-06-17,13264163,325.0
True,2016-06-18,13264163,325.0
True,2016-06-19,13264163,325.0
False,2016-06-20,13264163,325.0
False,2016-06-21,13264163,325.0
False,2016-06-22,13264163,325.0
True,2016-06-23,13264163,325.0
False,2016-06-24,13264163,325.0
False,2016-06-25,13264163,325.0
False,2016-06-26,13264163,325.0
False,2016-06-27,13264163,325.0
True,2016-06-28,13264163,325.0
True,2016-06-29,13264163,325.0
True,2016-06-30,13264163,325.0
False,2016-07-01,13264163,325.0
False,2016-07-02,13264163,325.0
False,2016-07-03,13264163,325.0
False,2016-07-04,13264163,325.0
True,2016-07-05,13264163,325.0
False,2016-07-06,13264163,325.0
False,2016-07-07,13264163,325.0
False,2016-07-08,13264163,325.0
False,2016-07-09,13264163,325.0
False,2016-07-10,13264163,325.0
False,2016-07-11,13264163,325.0
False,2016-07-12,13264163,325.0
False,2016-07-13,13264163,325.0
False,2016-07-14,13264163,325.0
False,2016-07-15,13264163,325.0
True,2016-07-16,13264163,325.0
False,2016-07-17,13264163,325.0
False,2016-07-18,13264163,325.0
False,2016-07-19,13264163,325.0
False,2016-07-20,13264163,325.0
False,2016-07-21,13264163,325.0
False,2016-07-22,13264163,325.0
False,2016-07-23,13264163,325.0
False,2016-07-24,13264163,325.0
False,2016-07-25,13264163,325.0
False,2016-07-26,13264163,325.0
False,2016-07-27,13264163,325.0
False,2016-07-28,13264163,325.0
False,2016-07-29,13264163,325.0
False,2016-07-30,13264163,325.0
False,2016-07-31,13264163,325.0
False,2016-08-01,13264163,325.0
False,2016-08-02,13264163,325.0
True,2016-08-03,13264163,325.0
False,2016-08-04,13264163,325.0
False,2016-08-05,13264163,325.0
False,2016-08-06,13264163,325.0
False,2016-08-07,13264163,325.0
False,2016-08-08,13264163,325.0
False,2016-08-09,13264163,325.0
True,2016-08-10,13264163,325.0
False,2016-08-11,13264163,325.0
False,2016-08-12,13264163,325.0
False,2016-08-13,13264163,325.0
True,2016-08-14,13264163,325.0
False,2016-08-15,13264163,325.0
False,2016-08-16,13264163,325.0
False,2016-08-17,13264163,325.0
False,2016-08-18,13264163,325.0
False,2016-08-19,13264163,325.0
False,2016-08-20,13264163,325.0
True,2016-08-21,13264163,325.0
False,2016-08-22,13264163,325.0
False,2016-08-23,13264163,325.0
False,2016-08-24,13264163,325.0
False,2016-08-25,13264163,325.0
False,2016-08-26,13264163,325.0
False,2016-08-27,13264163,325.0
False,2016-08-28,13264163,325.0
False,2016-08-29,13264163,325.0
False,2016-08-30,13264163,325.0
False,2016-08-31,13264163,325.0
False,2016-09-01,13264163,325.0
False,2016-09-02,13264163,325.0
False,2016-09-03,13264163,325.0
False,2016-05-29,8392607,900.0
False,2016-05-30,8392607,900.0
False,2016-05-31,8392607,900.0
False,2016-06-01,8392607,900.0
False,2016-06-02,8392607,900.0
False,2016-06-03,8392607,900.0
False,2016-06-04,8392607,900.0
False,2016-06-05,8392607,900.0
False,2016-06-06,8392607,900.0
False,2016-06-07,8392607,900.0
False,2016-06-08,8392607,900.0
False,2016-06-09,8392607,900.0
False,2016-06-10,8392607,900.0
False,2016-06-11,8392607,900.0
False,2016-06-12,8392607,900.0
False,2016-06-13,8392607,900.0
False,2016-06-14,8392607,900.0
False,2016-06-15,8392607,900.0
False,2016-06-16,8392607,900.0
False,2016-06-17,8392607,900.0
False,2016-06-18,8392607,900.0
False,2016-06-19,8392607,900.0
False,2016-06-20,8392607,900.0
False,2016-06-21,8392607,900.0
False,2016-06-22,8392607,900.0
False,2016-06-23,8392607,900.0
False,2016-06-24,8392607,900.0
False,2016-06-25,8392607,900.0
False,2016-06-26,8392607,900.0
False,2016-06-27,8392607,900.0
False,2016-06-28,8392607,900.0
False,2016-06-29,8392607,900.0
False,2016-06-30,8392607,900.0
False,2016-07-01,8392607,900.0
False,2016-07-02,8392607,900.0
False,2016-07-03,8392607,900.0
False,2016-07-04,8392607,900.0
False,2016-07-05,8392607,900.0
False,2016-07-06,8392607,900.0
False,2016-07-07,8392607,900.0
False,2016-07-08,8392607,900.0
False,2016-07-09,8392607,900.0
False,2016-07-10,8392607,900.0
False,2016-07-11,8392607,900.0
False,2016-07-12,8392607,900.0
False,2016-07-13,8392607,900.0
False,2016-07-14,8392607,900.0
False,2016-07-15,8392607,900.0
False,2016-07-16,8392607,900.0
False,2016-07-17,8392607,900.0
False,2016-07-18,8392607,900.0
False,2016-07-19,8392607,900.0
False,2016-07-20,8392607,900.0
False,2016-07-21,8392607,900.0
False,2016-07-22,8392607,900.0
False,2016-07-23,8392607,900.0
False,2016-07-24,8392607,900.0
False,2016-07-25,8392607,900.0
False,2016-07-26,8392607,900.0
False,2016-07-27,8392607,900.0
False,2016-07-28,8392607,900.0
False,2016-07-29,8392607,900.0
False,2016-07-30,8392607,900.0
False,2016-07-31,8392607,900.0
False,2016-08-01,8392607,900.0
False,2016-08-02,8392607,900.0
False,2016-08-03,8392607,900.0
False,2016-08-04,8392607,900.0
False,2016-08-05,8392607,900.0
False,2016-08-06,8392607,900.0
False,2016-08-07,8392607,900.0
False,2016-08-08,8392607,900.0
False,2016-08-09,8392607,900.0
False,2016-08-10,8392607,900.0
False,2016-08-11,8392607,900.0
False,2016-08-12,8392607,900.0
False,2016-08-13,8392607,900.0
False,2016-08-14,8392607,900.0
False,2016-08-15,8392607,900.0
False,2016-08-16,8392607,900.0
False,2016-08-17,8392607,900.0
False,2016-08-18,8392607,900.0
False,2016-08-19,8392607,900.0
False,2016-08-20,8392607,900.0
False,2016-08-21,8392607,900.0
False,2016-08-22,8392607,900.0
False,2016-08-23,8392607,900.0
False,2016-08-24,8392607,900.0
False,2016-08-25,8392607,900.0
False,2016-08-26,8392607,900.0
False,2016-08-27,8392607,900.0
False,2016-08-28,8392607,900.0
False,2016-08-29,8392607,900.0
False,2016-08-30,8392607,900.0
False,2016-08-31,8392607,900.0
False,2016-09-01,8392607,900.0
False,2016-09-02,8392607,900.0
False,2016-09-03,8392607,900.0
False,2016-05-29,9064582,300.0
False,2016-05-30,9064582,300.0
False,2016-05-31,9064582,300.0
False,2016-06-01,9064582,300.0
False,2016-06-02,9064582,300.0
False,2016-06-03,9064582,300.0
False,2016-06-04,9064582,300.0
False,2016-06-05,9064582,300.0
False,2016-06-06,9064582,300.0
False,2016-06-07,9064582,300.0
False,2016-06-08,9064582,300.0
False,2016-06-09,9064582,300.0
False,2016-06-10,9064582,300.0
False,2016-06-11,9064582,300.0
False,2016-06-12,9064582,300.0
False,2016-06-13,9064582,300.0
False,2016-06-14,9064582,300.0
False,2016-06-15,9064582,300.0
False,2016-06-16,9064582,300.0
False,2016-06-17,9064582,300.0
False,2016-06-18,9064582,300.0
False,2016-06-19,9064582,300.0
False,2016-06-20,9064582,300.0
False,2016-06-21,9064582,300.0
False,2016-06-22,9064582,300.0
False,2016-06-23,9064582,300.0
False,2016-06-24,9064582,300.0
False,2016-06-25,9064582,300.0
False,2016-06-26,9064582,300.0
False,2016-06-27,9064582,300.0
False,2016-06-28,9064582,300.0
False,2016-06-29,9064582,300.0
False,2016-06-30,9064582,300.0
False,2016-07-01,9064582,300.0
False,2016-07-02,9064582,300.0
False,2016-07-03,9064582,300.0
False,2016-07-04,9064582,300.0
False,2016-07-05,9064582,300.0
False,2016-07-06,9064582,300.0
False,2016-07-07,9064582,300.0
False,2016-07-08,9064582,300.0
False,2016-07-09,9064582,300.0
False,2016-07-10,9064582,300.0
False,2016-07-11,9064582,300.0
False,2016-07-12,9064582,300.0
False,2016-07-13,9064582,300.0
False,2016-07-14,9064582,300.0
False,2016-07-15,9064582,300.0
False,2016-07-16,9064582,300.0
False,2016-07-17,9064582,300.0
False,2016-07-18,9064582,200.0
False,2016-07-19,9064582,200.0
False,2016-07-20,9064582,200.0
False,2016-07-21,9064582,200.0
False,2016-07-22,9064582,200.0
False,2016-07-23,9064582,200.0
False,2016-07-24,9064582,200.0
False,2016-07-25,9064582,200.0
False,2016-07-26,9064582,200.0
False,2016-07-27,9064582,200.0
False,2016-07-28,9064582,200.0
False,2016-07-29,9064582,200.0
False,2016-07-30,9064582,200.0
False,2016-07-31,9064582,200.0
False,2016-08-01,9064582,200.0
False,2016-08-02,9064582,200.0
False,2016-08-03,9064582,200.0
False,2016-08-04,9064582,200.0
False,2016-08-05,9064582,200.0
False,2016-08-06,9064582,200.0
False,2016-08-07,9064582,200.0
False,2016-08-08,9064582,200.0
False,2016-08-09,9064582,200.0
False,2016-08-10,9064582,200.0
False,2016-08-11,9064582,200.0
False,2016-08-12,9064582,200.0
False,2016-08-13,9064582,200.0
False,2016-08-14,9064582,200.0
False,2016-08-15,9064582,200.0
False,2016-08-16,9064582,200.0
False,2016-08-17,9064582,200.0
False,2016-08-18,9064582,200.0
False,2016-08-19,9064582,200.0
False,2016-08-20,9064582,200.0
False,2016-08-21,9064582,200.0
False,2016-08-22,9064582,200.0
False,2016-08-23,9064582,200.0
False,2016-08-24,9064582,200.0
False,2016-08-25,9064582,200.0
False,2016-08-26,9064582,200.0
False,2016-08-27,9064582,200.0
False,2016-08-28,9064582,200.0
False,2016-08-29,9064582,200.0
False,2016-08-30,9064582,200.0
False,2016-08-31,9064582,200.0
False,2016-09-01,9064582,200.0
False,2016-09-02,9064582,200.0
False,2016-09-03,9064582,200.0
False,2016-05-29,12137766,135.0
False,2016-05-30,12137766,135.0
False,2016-05-31,12137766,135.0
True,2016-06-01,12137766,145.0
True,2016-06-02,12137766,145.0
False,2016-06-03,12137766,135.0
False,2016-06-04,12137766,135.0
False,2016-06-05,12137766,135.0
False,2016-06-06,12137766,135.0
False,2016-06-07,12137766,135.0
False,2016-06-08,12137766,135.0
False,2016-06-09,12137766,135.0
False,2016-06-10,12137766,135.0
True,2016-06-11,12137766,135.0
False,2016-06-12,12137766,135.0
False,2016-06-13,12137766,135.0
False,2016-06-14,12137766,135.0
False,2016-06-15,12137766,145.0
False,2016-06-16,12137766,145.0
False,2016-06-17,12137766,135.0
False,2016-06-18,12137766,135.0
False,2016-06-19,12137766,135.0
False,2016-06-20,12137766,125.0
False,2016-06-21,12137766,125.0
False,2016-06-22,12137766,125.0
False,2016-06-23,12137766,125.0
False,2016-06-24,12137766,125.0
False,2016-06-25,12137766,125.0
False,2016-06-26,12137766,125.0
False,2016-06-27,12137766,125.0
False,2016-06-28,12137766,125.0
False,2016-06-29,12137766,125.0
False,2016-06-30,12137766,125.0
False,2016-07-01,12137766,125.0
False,2016-07-02,12137766,125.0
False,2016-07-03,12137766,135.0
False,2016-07-04,12137766,135.0
False,2016-07-05,12137766,135.0
False,2016-07-06,12137766,135.0
False,2016-07-07,12137766,135.0
False,2016-07-08,12137766,135.0
False,2016-07-09,12137766,135.0
False,2016-07-10,12137766,135.0
False,2016-07-11,12137766,135.0
False,2016-07-12,12137766,135.0
False,2016-07-13,12137766,135.0
False,2016-07-14,12137766,135.0
False,2016-07-15,12137766,135.0
False,2016-07-16,12137766,135.0
False,2016-07-17,12137766,135.0
False,2016-07-18,12137766,135.0
False,2016-07-19,12137766,135.0
False,2016-07-20,12137766,135.0
False,2016-07-21,12137766,135.0
False,2016-07-22,12137766,135.0
False,2016-07-23,12137766,135.0
False,2016-07-24,12137766,135.0
False,2016-07-25,12137766,135.0
False,2016-07-26,12137766,135.0
False,2016-07-27,12137766,135.0
False,2016-07-28,12137766,135.0
False,2016-07-29,12137766,135.0
False,2016-07-30,12137766,135.0
False,2016-07-31,12137766,135.0
True,2016-08-01,12137766,135.0
True,2016-08-02,12137766,135.0
False,2016-08-03,12137766,125.0
False,2016-08-04,12137766,125.0
False,2016-08-05,12137766,125.0
False,2016-08-06,12137766,125.0
False,2016-08-07,12137766,125.0
False,2016-08-08,12137766,135.0
False,2016-08-09,12137766,135.0
False,2016-08-10,12137766,135.0
False,2016-08-11,12137766,135.0
False,2016-08-12,12137766,135.0
False,2016-08-13,12137766,135.0
False,2016-08-14,12137766,135.0
False,2016-08-15,12137766,135.0
False,2016-08-16,12137766,135.0
False,2016-08-17,12137766,135.0
False,2016-08-18,12137766,135.0
False,2016-08-19,12137766,135.0
False,2016-08-20,12137766,135.0
False,2016-08-21,12137766,135.0
False,2016-08-22,12137766,135.0
False,2016-08-23,12137766,135.0
False,2016-08-24,12137766,135.0
False,2016-08-25,12137766,135.0
False,2016-08-26,12137766,135.0
False,2016-08-27,12137766,135.0
False,2016-08-28,12137766,165.0
True,2016-08-29,12137766,165.0
True,2016-08-30,12137766,165.0
True,2016-08-31,12137766,165.0
True,2016-09-01,12137766,165.0
True,2016-09-02,12137766,165.0
False,2016-09-03,12137766,165.0
True,2016-05-29,13802791,250.0
True,2016-05-30,13802791,250.0
True,2016-05-31,13802791,250.0
True,2016-06-01,13802791,250.0
True,2016-06-02,13802791,250.0
True,2016-06-03,13802791,250.0
True,2016-06-04,13802791,250.0
True,2016-06-05,13802791,250.0
True,2016-06-06,13802791,250.0
True,2016-06-07,13802791,250.0
True,2016-06-08,13802791,250.0
True,2016-06-09,13802791,250.0
True,2016-06-10,13802791,250.0
True,2016-06-11,13802791,250.0
True,2016-06-12,13802791,250.0
True,2016-06-13,13802791,250.0
True,2016-06-14,13802791,250.0
True,2016-06-15,13802791,250.0
True,2016-06-16,13802791,250.0
True,2016-06-17,13802791,250.0
True,2016-06-18,13802791,250.0
True,2016-06-19,13802791,250.0
True,2016-06-20,13802791,250.0
True,2016-06-21,13802791,250.0
True,2016-06-22,13802791,250.0
True,2016-06-23,13802791,250.0
True,2016-06-24,13802791,250.0
True,2016-06-25,13802791,250.0
True,2016-06-26,13802791,250.0
True,2016-06-27,13802791,250.0
True,2016-06-28,13802791,250.0
True,2016-06-29,13802791,250.0
True,2016-06-30,13802791,250.0
True,2016-07-01,13802791,250.0
True,2016-07-02,13802791,200.0
False,2016-07-03,13802791,200.0
False,2016-07-04,13802791,200.0
False,2016-07-05,13802791,200.0
False,2016-07-06,13802791,200.0
False,2016-07-07,13802791,200.0
False,2016-07-08,13802791,200.0
False,2016-07-09,13802791,200.0
False,2016-07-10,13802791,200.0
False,2016-07-11,13802791,200.0
False,2016-07-12,13802791,200.0
False,2016-07-13,13802791,200.0
False,2016-07-14,13802791,200.0
False,2016-07-15,13802791,200.0
False,2016-07-16,13802791,200.0
False,2016-07-17,13802791,200.0
False,2016-07-18,13802791,200.0
False,2016-07-19,13802791,200.0
False,2016-07-20,13802791,200.0
False,2016-07-21,13802791,200.0
False,2016-07-22,13802791,200.0
False,2016-07-23,13802791,200.0
False,2016-07-24,13802791,200.0
False,2016-07-25,13802791,200.0
False,2016-07-26,13802791,200.0
False,2016-07-27,13802791,200.0
False,2016-07-28,13802791,200.0
False,2016-07-29,13802791,230.0
False,2016-07-30,13802791,232.0
False,2016-07-31,13802791,216.0
False,2016-08-01,13802791,200.0
False,2016-08-02,13802791,200.0
False,2016-08-03,13802791,200.0
False,2016-08-04,13802791,200.0
False,2016-08-05,13802791,203.0
False,2016-08-06,13802791,201.0
False,2016-08-07,13802791,200.0
False,2016-08-08,13802791,200.0
False,2016-08-09,13802791,200.0
False,2016-08-10,13802791,200.0
False,2016-08-11,13802791,200.0
False,2016-08-12,13802791,212.0
False,2016-08-13,13802791,200.0
False,2016-08-14,13802791,200.0
False,2016-08-15,13802791,200.0
False,2016-08-16,13802791,200.0
True,2016-08-17,13802791,200.0
True,2016-08-18,13802791,215.0
True,2016-08-19,13802791,214.0
True,2016-08-20,13802791,200.0
False,2016-08-21,13802791,200.0
False,2016-08-22,13802791,200.0
False,2016-08-23,13802791,200.0
False,2016-08-24,13802791,200.0
False,2016-08-25,13802791,200.0
False,2016-08-26,13802791,200.0
False,2016-08-27,13802791,200.0
True,2016-08-28,13802791,200.0
True,2016-08-29,13802791,200.0
True,2016-08-30,13802791,205.0
True,2016-08-31,13802791,204.0
True,2016-09-01,13802791,214.0
True,2016-09-02,13802791,214.0
True,2016-09-03,13802791,214.0
False,2016-05-29,9910056,158.0
True,2016-05-30,9910056,125.0
False,2016-05-31,9910056,138.0
False,2016-06-01,9910056,146.0
False,2016-06-02,9910056,169.0
False,2016-06-03,9910056,168.0
False,2016-06-04,9910056,169.0
False,2016-06-05,9910056,163.0
False,2016-06-06,9910056,179.0
False,2016-06-07,9910056,195.0
False,2016-06-08,9910056,199.0
True,2016-06-09,9910056,143.0
False,2016-06-10,9910056,192.0
False,2016-06-11,9910056,192.0
False,2016-06-12,9910056,167.0
False,2016-06-13,9910056,172.0
False,2016-06-14,9910056,181.0
False,2016-06-15,9910056,183.0
True,2016-06-16,9910056,121.0
False,2016-06-17,9910056,193.0
False,2016-06-18,9910056,193.0
False,2016-06-19,9910056,185.0
False,2016-06-20,9910056,175.0
False,2016-06-21,9910056,180.0
False,2016-06-22,9910056,188.0
False,2016-06-23,9910056,190.0
False,2016-06-24,9910056,186.0
False,2016-06-25,9910056,180.0
False,2016-06-26,9910056,183.0
False,2016-06-27,9910056,182.0
False,2016-06-28,9910056,185.0
False,2016-06-29,9910056,190.0
False,2016-06-30,9910056,188.0
False,2016-07-01,9910056,180.0
False,2016-07-02,9910056,178.0
False,2016-07-03,9910056,177.0
False,2016-07-04,9910056,183.0
False,2016-07-05,9910056,186.0
True,2016-07-06,9910056,122.0
False,2016-07-07,9910056,149.0
False,2016-07-08,9910056,163.0
False,2016-07-09,9910056,183.0
False,2016-07-10,9910056,181.0
False,2016-07-11,9910056,150.0
False,2016-07-12,9910056,166.0
False,2016-07-13,9910056,201.0
False,2016-07-14,9910056,202.0
False,2016-07-15,9910056,207.0
False,2016-07-16,9910056,183.0
False,2016-07-17,9910056,181.0
False,2016-07-18,9910056,185.0
False,2016-07-19,9910056,196.0
False,2016-07-20,9910056,207.0
False,2016-07-21,9910056,197.0
False,2016-07-22,9910056,194.0
True,2016-07-23,9910056,166.0
True,2016-07-24,9910056,162.0
False,2016-07-25,9910056,150.0
False,2016-07-26,9910056,150.0
False,2016-07-27,9910056,206.0
False,2016-07-28,9910056,204.0
False,2016-07-29,9910056,195.0
False,2016-07-30,9910056,195.0
False,2016-07-31,9910056,192.0
True,2016-08-01,9910056,155.0
False,2016-08-02,9910056,191.0
False,2016-08-03,9910056,197.0
True,2016-08-04,9910056,167.0
False,2016-08-05,9910056,203.0
False,2016-08-06,9910056,200.0
True,2016-08-07,9910056,169.0
True,2016-08-08,9910056,166.0
False,2016-08-09,9910056,161.0
False,2016-08-10,9910056,154.0
False,2016-08-11,9910056,156.0
False,2016-08-12,9910056,165.0
False,2016-08-13,9910056,165.0
False,2016-08-14,9910056,157.0
False,2016-08-15,9910056,153.0
False,2016-08-16,9910056,160.0
False,2016-08-17,9910056,160.0
False,2016-08-18,9910056,163.0
False,2016-08-19,9910056,164.0
False,2016-08-20,9910056,165.0
False,2016-08-21,9910056,158.0
False,2016-08-22,9910056,153.0
False,2016-08-23,9910056,154.0
True,2016-08-24,9910056,156.0
False,2016-08-25,9910056,198.0
False,2016-08-26,9910056,193.0
False,2016-08-27,9910056,190.0
False,2016-08-28,9910056,187.0
False,2016-08-29,9910056,201.0
False,2016-08-30,9910056,203.0
False,2016-08-31,9910056,204.0
False,2016-09-01,9910056,201.0
False,2016-09-02,9910056,188.0
False,2016-09-03,9910056,187.0
False,2016-05-29,13788970,250.0
False,2016-05-30,13788970,250.0
False,2016-05-31,13788970,250.0
False,2016-06-01,13788970,250.0
False,2016-06-02,13788970,250.0
False,2016-06-03,13788970,250.0
False,2016-06-04,13788970,250.0
False,2016-06-05,13788970,250.0
False,2016-06-06,13788970,250.0
False,2016-06-07,13788970,250.0
False,2016-06-08,13788970,250.0
False,2016-06-09,13788970,250.0
False,2016-06-10,13788970,250.0
False,2016-06-11,13788970,250.0
False,2016-06-12,13788970,250.0
False,2016-06-13,13788970,250.0
False,2016-06-14,13788970,250.0
False,2016-06-15,13788970,250.0
False,2016-06-16,13788970,250.0
False,2016-06-17,13788970,250.0
False,2016-06-18,13788970,250.0
False,2016-06-19,13788970,250.0
False,2016-06-20,13788970,250.0
False,2016-06-21,13788970,250.0
False,2016-06-22,13788970,250.0
False,2016-06-23,13788970,250.0
False,2016-06-24,13788970,250.0
False,2016-06-25,13788970,250.0
False,2016-06-26,13788970,250.0
False,2016-06-27,13788970,250.0
False,2016-06-28,13788970,250.0
False,2016-06-29,13788970,250.0
False,2016-06-30,13788970,250.0
False,2016-07-01,13788970,200.0
False,2016-07-02,13788970,200.0
False,2016-07-03,13788970,200.0
False,2016-07-04,13788970,200.0
False,2016-07-05,13788970,200.0
False,2016-07-06,13788970,200.0
False,2016-07-07,13788970,200.0
False,2016-07-08,13788970,200.0
False,2016-07-09,13788970,200.0
False,2016-07-10,13788970,200.0
False,2016-07-11,13788970,200.0
False,2016-07-12,13788970,200.0
False,2016-07-13,13788970,200.0
False,2016-07-14,13788970,200.0
False,2016-07-15,13788970,200.0
False,2016-07-16,13788970,200.0
False,2016-07-17,13788970,200.0
False,2016-07-18,13788970,200.0
False,2016-07-19,13788970,200.0
False,2016-07-20,13788970,200.0
False,2016-07-21,13788970,200.0
False,2016-07-22,13788970,200.0
False,2016-07-23,13788970,200.0
False,2016-07-24,13788970,200.0
False,2016-07-25,13788970,200.0
False,2016-07-26,13788970,200.0
False,2016-07-27,13788970,200.0
False,2016-07-28,13788970,200.0
False,2016-07-29,13788970,200.0
False,2016-07-30,13788970,200.0
False,2016-07-31,13788970,200.0
False,2016-08-01,13788970,200.0
False,2016-08-02,13788970,200.0
False,2016-08-03,13788970,200.0
False,2016-08-04,13788970,200.0
False,2016-08-05,13788970,200.0
False,2016-08-06,13788970,200.0
False,2016-08-07,13788970,200.0
False,2016-08-08,13788970,200.0
False,2016-08-09,13788970,200.0
False,2016-08-10,13788970,200.0
False,2016-08-11,13788970,200.0
False,2016-08-12,13788970,200.0
False,2016-08-13,13788970,200.0
False,2016-08-14,13788970,200.0
False,2016-08-15,13788970,200.0
False,2016-08-16,13788970,200.0
False,2016-08-17,13788970,200.0
False,2016-08-18,13788970,200.0
False,2016-08-19,13788970,200.0
False,2016-08-20,13788970,200.0
False,2016-08-21,13788970,200.0
False,2016-08-22,13788970,200.0
False,2016-08-23,13788970,200.0
False,2016-08-24,13788970,200.0
False,2016-08-25,13788970,200.0
False,2016-08-26,13788970,201.0
False,2016-08-27,13788970,201.0
False,2016-08-28,13788970,200.0
False,2016-08-29,13788970,200.0
False,2016-08-30,13788970,200.0
False,2016-08-31,13788970,200.0
False,2016-09-01,13788970,201.0
False,2016-09-02,13788970,202.0
False,2016-09-03,13788970,202.0
False,2016-05-29,3105383,299.0
True,2016-05-30,3105383,399.0
True,2016-05-31,3105383,399.0
False,2016-06-01,3105383,399.0
False,2016-06-02,3105383,160.0
True,2016-06-03,3105383,299.0
False,2016-06-04,3105383,299.0
False,2016-06-05,3105383,187.0
False,2016-06-06,3105383,299.0
False,2016-06-07,3105383,299.0
False,2016-06-08,3105383,159.0
False,2016-06-09,3105383,299.0
False,2016-06-10,3105383,299.0
False,2016-06-11,3105383,299.0
False,2016-06-12,3105383,299.0
False,2016-06-13,3105383,299.0
False,2016-06-14,3105383,299.0
False,2016-06-15,3105383,299.0
False,2016-06-16,3105383,299.0
False,2016-06-17,3105383,299.0
False,2016-06-18,3105383,299.0
False,2016-06-19,3105383,299.0
False,2016-06-20,3105383,299.0
False,2016-06-21,3105383,199.0
False,2016-06-22,3105383,199.0
False,2016-06-23,3105383,249.0
False,2016-06-24,3105383,299.0
False,2016-06-25,3105383,299.0
False,2016-06-26,3105383,299.0
False,2016-06-27,3105383,161.0
True,2016-06-28,3105383,189.0
True,2016-06-29,3105383,200.0
True,2016-06-30,3105383,199.0
True,2016-07-01,3105383,299.0
True,2016-07-02,3105383,299.0
True,2016-07-03,3105383,264.0
True,2016-07-04,3105383,266.0
True,2016-07-05,3105383,199.0
True,2016-07-06,3105383,199.0
True,2016-07-07,3105383,199.0
False,2016-07-08,3105383,299.0
False,2016-07-09,3105383,299.0
True,2016-07-10,3105383,189.0
False,2016-07-11,3105383,299.0
False,2016-07-12,3105383,299.0
False,2016-07-13,3105383,299.0
False,2016-07-14,3105383,299.0
True,2016-07-15,3105383,299.0
True,2016-07-16,3105383,299.0
True,2016-07-17,3105383,249.0
False,2016-07-18,3105383,299.0
False,2016-07-19,3105383,299.0
False,2016-07-20,3105383,299.0
False,2016-07-21,3105383,399.0
True,2016-07-22,3105383,299.0
True,2016-07-23,3105383,299.0
True,2016-07-24,3105383,249.0
False,2016-07-25,3105383,285.0
False,2016-07-26,3105383,285.0
False,2016-07-27,3105383,284.0
False,2016-07-28,3105383,285.0
False,2016-07-29,3105383,299.0
False,2016-07-30,3105383,299.0
False,2016-07-31,3105383,259.0
False,2016-08-01,3105383,313.0
False,2016-08-02,3105383,289.0
False,2016-08-03,3105383,289.0
False,2016-08-04,3105383,289.0
False,2016-08-05,3105383,299.0
False,2016-08-06,3105383,299.0
True,2016-08-07,3105383,349.0
True,2016-08-08,3105383,349.0
True,2016-08-09,3105383,349.0
True,2016-08-10,3105383,284.0
True,2016-08-11,3105383,284.0
True,2016-08-12,3105383,299.0
True,2016-08-13,3105383,299.0
True,2016-08-14,3105383,285.0
True,2016-08-15,3105383,285.0
False,2016-08-16,3105383,285.0
False,2016-08-17,3105383,285.0
False,2016-08-18,3105383,285.0
False,2016-08-19,3105383,299.0
False,2016-08-20,3105383,299.0
False,2016-08-21,3105383,286.0
False,2016-08-22,3105383,280.0
False,2016-08-23,3105383,281.0
False,2016-08-24,3105383,278.0
False,2016-08-25,3105383,281.0
False,2016-08-26,3105383,299.0
False,2016-08-27,3105383,299.0
False,2016-08-28,3105383,278.0
False,2016-08-29,3105383,279.0
False,2016-08-30,3105383,279.0
False,2016-08-31,3105383,279.0
False,2016-09-01,3105383,282.0
True,2016-09-02,3105383,299.0
True,2016-09-03,3105383,299.0
True,2016-05-29,11260204,228.0
True,2016-05-30,11260204,178.0
True,2016-05-31,11260204,183.0
True,2016-06-01,11260204,186.0
True,2016-06-02,11260204,190.0
True,2016-06-03,11260204,197.0
True,2016-06-04,11260204,251.0
True,2016-06-05,11260204,262.0
True,2016-06-06,11260204,280.0
True,2016-06-07,11260204,272.0
True,2016-06-08,11260204,235.0
True,2016-06-09,11260204,242.0
True,2016-06-10,11260204,198.0
True,2016-06-11,11260204,261.0
True,2016-06-12,11260204,241.0
True,2016-06-13,11260204,235.0
True,2016-06-14,11260204,238.0
True,2016-06-15,11260204,242.0
True,2016-06-16,11260204,291.0
True,2016-06-17,11260204,262.0
True,2016-06-18,11260204,268.0
True,2016-06-19,11260204,186.0
True,2016-06-20,11260204,242.0
True,2016-06-21,11260204,245.0
True,2016-06-22,11260204,249.0
True,2016-06-23,11260204,256.0
True,2016-06-24,11260204,306.0
True,2016-06-25,11260204,201.0
False,2016-06-26,11260204,221.0
True,2016-06-27,11260204,248.0
True,2016-06-28,11260204,250.0
True,2016-06-29,11260204,254.0
True,2016-06-30,11260204,261.0
True,2016-07-01,11260204,273.0
True,2016-07-02,11260204,279.0
True,2016-07-03,11260204,258.0
True,2016-07-04,11260204,252.0
False,2016-07-05,11260204,184.0
True,2016-07-06,11260204,142.0
True,2016-07-07,11260204,264.0
True,2016-07-08,11260204,277.0
True,2016-07-09,11260204,231.0
False,2016-07-10,11260204,213.0
False,2016-07-11,11260204,352.0
False,2016-07-12,11260204,328.0
False,2016-07-13,11260204,335.0
False,2016-07-14,11260204,345.0
True,2016-07-15,11260204,182.0
False,2016-07-16,11260204,286.0
False,2016-07-17,11260204,325.0
False,2016-07-18,11260204,348.0
False,2016-07-19,11260204,383.0
True,2016-07-20,11260204,191.0
False,2016-07-21,11260204,430.0
False,2016-07-22,11260204,392.0
False,2016-07-23,11260204,338.0
False,2016-07-24,11260204,368.0
False,2016-07-25,11260204,344.0
False,2016-07-26,11260204,310.0
False,2016-07-27,11260204,268.0
False,2016-07-28,11260204,244.0
False,2016-07-29,11260204,289.0
False,2016-07-30,11260204,348.0
False,2016-07-31,11260204,343.0
False,2016-08-01,11260204,362.0
False,2016-08-02,11260204,319.0
False,2016-08-03,11260204,319.0
True,2016-08-04,11260204,296.0
False,2016-08-05,11260204,430.0
False,2016-08-06,11260204,439.0
False,2016-08-07,11260204,377.0
True,2016-08-08,11260204,185.0
False,2016-08-09,11260204,265.0
False,2016-08-10,11260204,268.0
False,2016-08-11,11260204,274.0
False,2016-08-12,11260204,285.0
True,2016-08-13,11260204,208.0
False,2016-08-14,11260204,268.0
False,2016-08-15,11260204,261.0
False,2016-08-16,11260204,263.0
True,2016-08-17,11260204,196.0
False,2016-08-18,11260204,280.0
False,2016-08-19,11260204,288.0
False,2016-08-20,11260204,287.0
False,2016-08-21,11260204,265.0
False,2016-08-22,11260204,258.0
False,2016-08-23,11260204,259.0
True,2016-08-24,11260204,259.0
True,2016-08-25,11260204,267.0
True,2016-08-26,11260204,275.0
False,2016-08-27,11260204,283.0
False,2016-08-28,11260204,262.0
False,2016-08-29,11260204,254.0
False,2016-08-30,11260204,256.0
False,2016-08-31,11260204,258.0
False,2016-09-01,11260204,264.0
False,2016-09-02,11260204,276.0
False,2016-09-03,11260204,280.0
True,2016-05-29,13843165,225.0
True,2016-05-30,13843165,225.0
True,2016-05-31,13843165,225.0
True,2016-06-01,13843165,225.0
True,2016-06-02,13843165,225.0
True,2016-06-03,13843165,225.0
True,2016-06-04,13843165,225.0
True,2016-06-05,13843165,225.0
True,2016-06-06,13843165,225.0
True,2016-06-07,13843165,225.0
True,2016-06-08,13843165,225.0
True,2016-06-09,13843165,225.0
True,2016-06-10,13843165,225.0
True,2016-06-11,13843165,225.0
True,2016-06-12,13843165,225.0
True,2016-06-13,13843165,225.0
True,2016-06-14,13843165,225.0
True,2016-06-15,13843165,225.0
True,2016-06-16,13843165,225.0
True,2016-06-17,13843165,225.0
True,2016-06-18,13843165,225.0
True,2016-06-19,13843165,225.0
True,2016-06-20,13843165,225.0
True,2016-06-21,13843165,225.0
True,2016-06-22,13843165,225.0
True,2016-06-23,13843165,225.0
True,2016-06-24,13843165,225.0
True,2016-06-25,13843165,225.0
True,2016-06-26,13843165,225.0
True,2016-06-27,13843165,225.0
True,2016-06-28,13843165,225.0
True,2016-06-29,13843165,225.0
True,2016-06-30,13843165,225.0
True,2016-07-01,13843165,225.0
True,2016-07-02,13843165,225.0
True,2016-07-03,13843165,225.0
True,2016-07-04,13843165,162.0
False,2016-07-05,13843165,162.0
False,2016-07-06,13843165,162.0
False,2016-07-07,13843165,150.0
False,2016-07-08,13843165,150.0
False,2016-07-09,13843165,150.0
False,2016-07-10,13843165,150.0
False,2016-07-11,13843165,150.0
False,2016-07-12,13843165,163.0
False,2016-07-13,13843165,189.0
False,2016-07-14,13843165,195.0
False,2016-07-15,13843165,163.0
True,2016-07-16,13843165,168.0
True,2016-07-17,13843165,205.0
True,2016-07-18,13843165,209.0
True,2016-07-19,13843165,212.0
True,2016-07-20,13843165,214.0
True,2016-07-21,13843165,228.0
True,2016-07-22,13843165,230.0
False,2016-07-23,13843165,238.0
True,2016-07-24,13843165,239.0
False,2016-07-25,13843165,240.0
False,2016-07-26,13843165,189.0
False,2016-07-27,13843165,192.0
False,2016-07-28,13843165,195.0
False,2016-07-29,13843165,207.0
False,2016-07-30,13843165,209.0
False,2016-07-31,13843165,248.0
True,2016-08-01,13843165,249.0
True,2016-08-02,13843165,255.0
False,2016-08-03,13843165,255.0
False,2016-08-04,13843165,242.0
False,2016-08-05,13843165,250.0
False,2016-08-06,13843165,248.0
False,2016-08-07,13843165,256.0
True,2016-08-08,13843165,256.0
True,2016-08-09,13843165,257.0
False,2016-08-10,13843165,257.0
False,2016-08-11,13843165,244.0
False,2016-08-12,13843165,244.0
False,2016-08-13,13843165,257.0
True,2016-08-14,13843165,258.0
True,2016-08-15,13843165,258.0
True,2016-08-16,13843165,258.0
True,2016-08-17,13843165,258.0
True,2016-08-18,13843165,256.0
True,2016-08-19,13843165,246.0
False,2016-08-20,13843165,246.0
False,2016-08-21,13843165,233.0
False,2016-08-22,13843165,228.0
False,2016-08-23,13843165,223.0
False,2016-08-24,13843165,241.0
True,2016-08-25,13843165,241.0
True,2016-08-26,13843165,256.0
True,2016-08-27,13843165,257.0
True,2016-08-28,13843165,250.0
True,2016-08-29,13843165,251.0
True,2016-08-30,13843165,255.0
True,2016-08-31,13843165,255.0
True,2016-09-01,13843165,262.0
True,2016-09-02,13843165,260.0
True,2016-09-03,13843165,260.0
False,2016-05-29,12151600,170.0
False,2016-05-30,12151600,190.0
False,2016-05-31,12151600,123.0
False,2016-06-01,12151600,109.0
False,2016-06-02,12151600,162.0
False,2016-06-03,12151600,162.0
False,2016-06-04,12151600,150.0
False,2016-06-05,12151600,175.0
False,2016-06-06,12151600,172.0
False,2016-06-07,12151600,191.0
False,2016-06-08,12151600,161.0
False,2016-06-09,12151600,111.0
False,2016-06-10,12151600,178.0
False,2016-06-11,12151600,179.0
False,2016-06-12,12151600,179.0
False,2016-06-13,12151600,168.0
False,2016-06-14,12151600,168.0
False,2016-06-15,12151600,168.0
False,2016-06-16,12151600,168.0
False,2016-06-17,12151600,164.0
False,2016-06-18,12151600,163.0
False,2016-06-19,12151600,180.0
False,2016-06-20,12151600,180.0
False,2016-06-21,12151600,169.0
False,2016-06-22,12151600,169.0
False,2016-06-23,12151600,169.0
False,2016-06-24,12151600,165.0
False,2016-06-25,12151600,165.0
False,2016-06-26,12151600,181.0
False,2016-06-27,12151600,171.0
False,2016-06-28,12151600,153.0
False,2016-06-29,12151600,153.0
False,2016-06-30,12151600,171.0
False,2016-07-01,12151600,181.0
False,2016-07-02,12151600,184.0
False,2016-07-03,12151600,178.0
False,2016-07-04,12151600,182.0
False,2016-07-05,12151600,210.0
False,2016-07-06,12151600,186.0
False,2016-07-07,12151600,180.0
False,2016-07-08,12151600,178.0
False,2016-07-09,12151600,178.0
False,2016-07-10,12151600,178.0
False,2016-07-11,12151600,182.0
False,2016-07-12,12151600,182.0
False,2016-07-13,12151600,182.0
False,2016-07-14,12151600,181.0
False,2016-07-15,12151600,179.0
False,2016-07-16,12151600,156.0
False,2016-07-17,12151600,179.0
False,2016-07-18,12151600,109.0
False,2016-07-19,12151600,183.0
False,2016-07-20,12151600,142.0
False,2016-07-21,12151600,194.0
False,2016-07-22,12151600,191.0
False,2016-07-23,12151600,151.0
False,2016-07-24,12151600,191.0
False,2016-07-25,12151600,190.0
False,2016-07-26,12151600,190.0
False,2016-07-27,12151600,192.0
False,2016-07-28,12151600,205.0
False,2016-07-29,12151600,206.0
False,2016-07-30,12151600,206.0
False,2016-07-31,12151600,195.0
False,2016-08-01,12151600,196.0
False,2016-08-02,12151600,165.0
False,2016-08-03,12151600,165.0
False,2016-08-04,12151600,176.0
False,2016-08-05,12151600,176.0
False,2016-08-06,12151600,176.0
False,2016-08-07,12151600,176.0
False,2016-08-08,12151600,217.0
False,2016-08-09,12151600,228.0
True,2016-08-10,12151600,140.0
False,2016-08-11,12151600,176.0
False,2016-08-12,12151600,176.0
False,2016-08-13,12151600,176.0
False,2016-08-14,12151600,176.0
False,2016-08-15,12151600,176.0
False,2016-08-16,12151600,176.0
False,2016-08-17,12151600,176.0
False,2016-08-18,12151600,176.0
False,2016-08-19,12151600,176.0
False,2016-08-20,12151600,176.0
False,2016-08-21,12151600,176.0
False,2016-08-22,12151600,167.0
False,2016-08-23,12151600,168.0
False,2016-08-24,12151600,180.0
False,2016-08-25,12151600,180.0
False,2016-08-26,12151600,180.0
False,2016-08-27,12151600,180.0
False,2016-08-28,12151600,180.0
False,2016-08-29,12151600,180.0
False,2016-08-30,12151600,180.0
False,2016-08-31,12151600,180.0
False,2016-09-01,12151600,180.0
False,2016-09-02,12151600,180.0
False,2016-09-03,12151600,180.0
False,2016-05-29,3939634,334.0
False,2016-05-30,3939634,334.0
False,2016-05-31,3939634,334.0
False,2016-06-01,3939634,334.0
False,2016-06-02,3939634,334.0
False,2016-06-03,3939634,334.0
False,2016-06-04,3939634,334.0
False,2016-06-05,3939634,334.0
False,2016-06-06,3939634,334.0
False,2016-06-07,3939634,334.0
False,2016-06-08,3939634,334.0
False,2016-06-09,3939634,334.0
False,2016-06-10,3939634,334.0
False,2016-06-11,3939634,334.0
False,2016-06-12,3939634,334.0
False,2016-06-13,3939634,334.0
False,2016-06-14,3939634,334.0
False,2016-06-15,3939634,334.0
False,2016-06-16,3939634,334.0
False,2016-06-17,3939634,334.0
False,2016-06-18,3939634,334.0
False,2016-06-19,3939634,334.0
False,2016-06-20,3939634,334.0
False,2016-06-21,3939634,334.0
False,2016-06-22,3939634,334.0
False,2016-06-23,3939634,334.0
False,2016-06-24,3939634,334.0
False,2016-06-25,3939634,334.0
False,2016-06-26,3939634,334.0
False,2016-06-27,3939634,334.0
False,2016-06-28,3939634,334.0
False,2016-06-29,3939634,334.0
False,2016-06-30,3939634,334.0
False,2016-07-01,3939634,334.0
False,2016-07-02,3939634,334.0
False,2016-07-03,3939634,334.0
False,2016-07-04,3939634,334.0
False,2016-07-05,3939634,334.0
False,2016-07-06,3939634,334.0
False,2016-07-07,3939634,334.0
False,2016-07-08,3939634,334.0
False,2016-07-09,3939634,334.0
False,2016-07-10,3939634,334.0
False,2016-07-11,3939634,334.0
False,2016-07-12,3939634,334.0
False,2016-07-13,3939634,334.0
False,2016-07-14,3939634,334.0
False,2016-07-15,3939634,334.0
False,2016-07-16,3939634,334.0
False,2016-07-17,3939634,334.0
False,2016-07-18,3939634,334.0
False,2016-07-19,3939634,334.0
False,2016-07-20,3939634,334.0
False,2016-07-21,3939634,334.0
False,2016-07-22,3939634,334.0
False,2016-07-23,3939634,334.0
False,2016-07-24,3939634,334.0
False,2016-07-25,3939634,334.0
False,2016-07-26,3939634,334.0
False,2016-07-27,3939634,334.0
False,2016-07-28,3939634,334.0
False,2016-07-29,3939634,334.0
False,2016-07-30,3939634,334.0
False,2016-07-31,3939634,334.0
False,2016-08-01,3939634,334.0
False,2016-08-02,3939634,334.0
False,2016-08-03,3939634,334.0
False,2016-08-04,3939634,334.0
False,2016-08-05,3939634,334.0
False,2016-08-06,3939634,334.0
False,2016-08-07,3939634,334.0
False,2016-08-08,3939634,334.0
False,2016-08-09,3939634,334.0
False,2016-08-10,3939634,334.0
False,2016-08-11,3939634,334.0
False,2016-08-12,3939634,334.0
False,2016-08-13,3939634,334.0
False,2016-08-14,3939634,334.0
False,2016-08-15,3939634,334.0
False,2016-08-16,3939634,334.0
False,2016-08-17,3939634,334.0
False,2016-08-18,3939634,334.0
False,2016-08-19,3939634,334.0
False,2016-08-20,3939634,334.0
False,2016-08-21,3939634,334.0
False,2016-08-22,3939634,334.0
False,2016-08-23,3939634,334.0
False,2016-08-24,3939634,334.0
False,2016-08-25,3939634,334.0
False,2016-08-26,3939634,334.0
False,2016-08-27,3939634,334.0
False,2016-08-28,3939634,334.0
False,2016-08-29,3939634,334.0
False,2016-08-30,3939634,334.0
False,2016-08-31,3939634,334.0
False,2016-09-01,3939634,334.0
False,2016-09-02,3939634,334.0
False,2016-09-03,3939634,334.0
False,2016-05-29,1673011,525.0
False,2016-05-30,1673011,525.0
False,2016-05-31,1673011,525.0
False,2016-06-01,1673011,525.0
False,2016-06-02,1673011,525.0
False,2016-06-03,1673011,575.0
True,2016-06-04,1673011,575.0
True,2016-06-05,1673011,525.0
False,2016-06-06,1673011,525.0
False,2016-06-07,1673011,525.0
False,2016-06-08,1673011,525.0
False,2016-06-09,1673011,525.0
True,2016-06-10,1673011,575.0
False,2016-06-11,1673011,575.0
False,2016-06-12,1673011,525.0
False,2016-06-13,1673011,525.0
False,2016-06-14,1673011,525.0
True,2016-06-15,1673011,525.0
True,2016-06-16,1673011,525.0
False,2016-06-17,1673011,575.0
False,2016-06-18,1673011,575.0
False,2016-06-19,1673011,525.0
False,2016-06-20,1673011,525.0
False,2016-06-21,1673011,500.0
False,2016-06-22,1673011,500.0
False,2016-06-23,1673011,500.0
False,2016-06-24,1673011,575.0
False,2016-06-25,1673011,575.0
False,2016-06-26,1673011,500.0
False,2016-06-27,1673011,525.0
False,2016-06-28,1673011,525.0
False,2016-06-29,1673011,525.0
False,2016-06-30,1673011,525.0
False,2016-07-01,1673011,575.0
False,2016-07-02,1673011,575.0
False,2016-07-03,1673011,525.0
False,2016-07-04,1673011,525.0
False,2016-07-05,1673011,525.0
False,2016-07-06,1673011,525.0
False,2016-07-07,1673011,525.0
False,2016-07-08,1673011,575.0
False,2016-07-09,1673011,575.0
False,2016-07-10,1673011,525.0
True,2016-07-11,1673011,525.0
False,2016-07-12,1673011,525.0
False,2016-07-13,1673011,525.0
False,2016-07-14,1673011,525.0
True,2016-07-15,1673011,575.0
True,2016-07-16,1673011,575.0
False,2016-07-17,1673011,525.0
False,2016-07-18,1673011,525.0
False,2016-07-19,1673011,525.0
False,2016-07-20,1673011,525.0
False,2016-07-21,1673011,525.0
False,2016-07-22,1673011,575.0
False,2016-07-23,1673011,575.0
False,2016-07-24,1673011,525.0
False,2016-07-25,1673011,525.0
False,2016-07-26,1673011,525.0
False,2016-07-27,1673011,525.0
False,2016-07-28,1673011,525.0
False,2016-07-29,1673011,575.0
False,2016-07-30,1673011,575.0
False,2016-07-31,1673011,525.0
False,2016-08-01,1673011,525.0
False,2016-08-02,1673011,525.0
False,2016-08-03,1673011,525.0
False,2016-08-04,1673011,525.0
False,2016-08-05,1673011,575.0
False,2016-08-06,1673011,575.0
False,2016-08-07,1673011,525.0
True,2016-08-08,1673011,525.0
True,2016-08-09,1673011,525.0
True,2016-08-10,1673011,525.0
False,2016-08-11,1673011,525.0
False,2016-08-12,1673011,575.0
False,2016-08-13,1673011,575.0
False,2016-08-14,1673011,525.0
False,2016-08-15,1673011,525.0
False,2016-08-16,1673011,525.0
False,2016-08-17,1673011,525.0
False,2016-08-18,1673011,525.0
False,2016-08-19,1673011,575.0
False,2016-08-20,1673011,575.0
False,2016-08-21,1673011,525.0
True,2016-08-22,1673011,525.0
False,2016-08-23,1673011,525.0
False,2016-08-24,1673011,525.0
False,2016-08-25,1673011,525.0
False,2016-08-26,1673011,575.0
True,2016-08-27,1673011,575.0
True,2016-08-28,1673011,525.0
True,2016-08-29,1673011,525.0
True,2016-08-30,1673011,525.0
True,2016-08-31,1673011,525.0
True,2016-09-01,1673011,525.0
True,2016-09-02,1673011,575.0
True,2016-09-03,1673011,575.0
False,2016-05-29,7650100,389.0
False,2016-05-30,7650100,389.0
False,2016-05-31,7650100,389.0
False,2016-06-01,7650100,389.0
False,2016-06-02,7650100,389.0
False,2016-06-03,7650100,389.0
False,2016-06-04,7650100,389.0
False,2016-06-05,7650100,389.0
False,2016-06-06,7650100,389.0
False,2016-06-07,7650100,389.0
False,2016-06-08,7650100,389.0
False,2016-06-09,7650100,389.0
False,2016-06-10,7650100,389.0
False,2016-06-11,7650100,389.0
False,2016-06-12,7650100,389.0
False,2016-06-13,7650100,389.0
False,2016-06-14,7650100,389.0
False,2016-06-15,7650100,389.0
False,2016-06-16,7650100,389.0
False,2016-06-17,7650100,389.0
False,2016-06-18,7650100,389.0
False,2016-06-19,7650100,389.0
False,2016-06-20,7650100,389.0
False,2016-06-21,7650100,389.0
False,2016-06-22,7650100,389.0
False,2016-06-23,7650100,389.0
False,2016-06-24,7650100,389.0
False,2016-06-25,7650100,389.0
False,2016-06-26,7650100,389.0
True,2016-06-27,7650100,389.0
False,2016-06-28,7650100,389.0
False,2016-06-29,7650100,389.0
True,2016-06-30,7650100,299.0
True,2016-07-01,7650100,299.0
False,2016-07-02,7650100,299.0
False,2016-07-03,7650100,299.0
True,2016-07-04,7650100,299.0
True,2016-07-05,7650100,299.0
False,2016-07-06,7650100,389.0
False,2016-07-07,7650100,389.0
False,2016-07-08,7650100,389.0
False,2016-07-09,7650100,389.0
False,2016-07-10,7650100,389.0
False,2016-07-11,7650100,389.0
False,2016-07-12,7650100,389.0
False,2016-07-13,7650100,389.0
False,2016-07-14,7650100,389.0
False,2016-07-15,7650100,389.0
False,2016-07-16,7650100,389.0
False,2016-07-17,7650100,389.0
False,2016-07-18,7650100,389.0
False,2016-07-19,7650100,389.0
True,2016-07-20,7650100,389.0
False,2016-07-21,7650100,389.0
False,2016-07-22,7650100,389.0
False,2016-07-23,7650100,389.0
False,2016-07-24,7650100,389.0
True,2016-07-25,7650100,389.0
True,2016-07-26,7650100,389.0
False,2016-07-27,7650100,389.0
False,2016-07-28,7650100,389.0
False,2016-07-29,7650100,389.0
True,2016-07-30,7650100,425.0
True,2016-07-31,7650100,425.0
False,2016-08-01,7650100,389.0
False,2016-08-02,7650100,389.0
False,2016-08-03,7650100,389.0
False,2016-08-04,7650100,389.0
False,2016-08-05,7650100,389.0
False,2016-08-06,7650100,389.0
False,2016-08-07,7650100,389.0
False,2016-08-08,7650100,389.0
False,2016-08-09,7650100,389.0
False,2016-08-10,7650100,389.0
False,2016-08-11,7650100,389.0
False,2016-08-12,7650100,389.0
False,2016-08-13,7650100,389.0
False,2016-08-14,7650100,389.0
False,2016-08-15,7650100,389.0
False,2016-08-16,7650100,389.0
False,2016-08-17,7650100,389.0
False,2016-08-18,7650100,389.0
False,2016-08-19,7650100,389.0
False,2016-08-20,7650100,389.0
False,2016-08-21,7650100,389.0
False,2016-08-22,7650100,389.0
False,2016-08-23,7650100,389.0
False,2016-08-24,7650100,389.0
False,2016-08-25,7650100,389.0
False,2016-08-26,7650100,389.0
False,2016-08-27,7650100,389.0
False,2016-08-28,7650100,389.0
False,2016-08-29,7650100,389.0
False,2016-08-30,7650100,389.0
False,2016-08-31,7650100,389.0
False,2016-09-01,7650100,389.0
False,2016-09-02,7650100,389.0
False,2016-09-03,7650100,389.0
False,2016-05-29,10839194,274.0
False,2016-05-30,10839194,242.0
False,2016-05-31,10839194,254.0
False,2016-06-01,10839194,292.0
False,2016-06-02,10839194,291.0
False,2016-06-03,10839194,297.0
False,2016-06-04,10839194,306.0
False,2016-06-05,10839194,291.0
False,2016-06-06,10839194,327.0
False,2016-06-07,10839194,321.0
False,2016-06-08,10839194,286.0
False,2016-06-09,10839194,295.0
False,2016-06-10,10839194,302.0
False,2016-06-11,10839194,340.0
False,2016-06-12,10839194,241.0
False,2016-06-13,10839194,392.0
False,2016-06-14,10839194,302.0
False,2016-06-15,10839194,309.0
False,2016-06-16,10839194,323.0
False,2016-06-17,10839194,256.0
False,2016-06-18,10839194,404.0
False,2016-06-19,10839194,327.0
False,2016-06-20,10839194,321.0
False,2016-06-21,10839194,327.0
False,2016-06-22,10839194,195.0
False,2016-06-23,10839194,351.0
False,2016-06-24,10839194,440.0
False,2016-06-25,10839194,431.0
False,2016-06-26,10839194,440.0
False,2016-06-27,10839194,226.0
False,2016-06-28,10839194,165.0
False,2016-06-29,10839194,299.0
False,2016-06-30,10839194,308.0
False,2016-07-01,10839194,352.0
False,2016-07-02,10839194,351.0
False,2016-07-03,10839194,200.0
False,2016-07-04,10839194,303.0
False,2016-07-05,10839194,150.0
False,2016-07-06,10839194,150.0
False,2016-07-07,10839194,354.0
False,2016-07-08,10839194,333.0
False,2016-07-09,10839194,334.0
False,2016-07-10,10839194,317.0
False,2016-07-11,10839194,220.0
False,2016-07-12,10839194,397.0
False,2016-07-13,10839194,343.0
False,2016-07-14,10839194,331.0
False,2016-07-15,10839194,338.0
False,2016-07-16,10839194,339.0
False,2016-07-17,10839194,248.0
False,2016-07-18,10839194,317.0
False,2016-07-19,10839194,320.0
False,2016-07-20,10839194,328.0
False,2016-07-21,10839194,340.0
False,2016-07-22,10839194,360.0
False,2016-07-23,10839194,325.0
False,2016-07-24,10839194,322.0
False,2016-07-25,10839194,316.0
False,2016-07-26,10839194,200.0
False,2016-07-27,10839194,338.0
False,2016-07-28,10839194,401.0
False,2016-07-29,10839194,354.0
False,2016-07-30,10839194,353.0
False,2016-07-31,10839194,324.0
False,2016-08-01,10839194,471.0
False,2016-08-02,10839194,464.0
False,2016-08-03,10839194,446.0
False,2016-08-04,10839194,483.0
False,2016-08-05,10839194,468.0
False,2016-08-06,10839194,447.0
False,2016-08-07,10839194,374.0
False,2016-08-08,10839194,369.0
False,2016-08-09,10839194,373.0
False,2016-08-10,10839194,380.0
False,2016-08-11,10839194,389.0
False,2016-08-12,10839194,392.0
False,2016-08-13,10839194,391.0
False,2016-08-14,10839194,374.0
False,2016-08-15,10839194,368.0
False,2016-08-16,10839194,372.0
False,2016-08-17,10839194,379.0
False,2016-08-18,10839194,387.0
False,2016-08-19,10839194,390.0
False,2016-08-20,10839194,388.0
False,2016-08-21,10839194,371.0
False,2016-08-22,10839194,442.0
False,2016-08-23,10839194,475.0
False,2016-08-24,10839194,506.0
False,2016-08-25,10839194,515.0
False,2016-08-26,10839194,491.0
False,2016-08-27,10839194,385.0
False,2016-08-28,10839194,368.0
False,2016-08-29,10839194,434.0
False,2016-08-30,10839194,444.0
False,2016-08-31,10839194,454.0
False,2016-09-01,10839194,382.0
False,2016-09-02,10839194,385.0
False,2016-09-03,10839194,384.0
False,2016-05-29,166199,210.0
False,2016-05-30,166199,174.0
False,2016-05-31,166199,174.0
False,2016-06-01,166199,178.0
False,2016-06-02,166199,211.0
False,2016-06-03,166199,198.0
True,2016-06-04,166199,199.0
False,2016-06-05,166199,183.0
False,2016-06-06,166199,212.0
False,2016-06-07,166199,224.0
False,2016-06-08,166199,196.0
False,2016-06-09,166199,383.0
False,2016-06-10,166199,383.0
False,2016-06-11,166199,383.0
False,2016-06-12,166199,383.0
True,2016-06-13,166199,194.0
True,2016-06-14,166199,217.0
True,2016-06-15,166199,257.0
False,2016-06-16,166199,292.0
False,2016-06-17,166199,292.0
False,2016-06-18,166199,292.0
False,2016-06-19,166199,292.0
False,2016-06-20,166199,181.0
False,2016-06-21,166199,181.0
False,2016-06-22,166199,185.0
False,2016-06-23,166199,192.0
False,2016-06-24,166199,272.0
False,2016-06-25,166199,206.0
False,2016-06-26,166199,287.0
False,2016-06-27,166199,181.0
False,2016-06-28,166199,181.0
False,2016-06-29,166199,215.0
False,2016-06-30,166199,192.0
False,2016-07-01,166199,205.0
False,2016-07-02,166199,206.0
False,2016-07-03,166199,189.0
False,2016-07-04,166199,179.0
False,2016-07-05,166199,179.0
False,2016-07-06,166199,183.0
False,2016-07-07,166199,189.0
False,2016-07-08,166199,203.0
True,2016-07-09,166199,205.0
False,2016-07-10,166199,189.0
False,2016-07-11,166199,180.0
False,2016-07-12,166199,299.0
False,2016-07-13,166199,332.0
False,2016-07-14,166199,378.0
False,2016-07-15,166199,434.0
False,2016-07-16,166199,204.0
False,2016-07-17,166199,188.0
False,2016-07-18,166199,179.0
False,2016-07-19,166199,179.0
False,2016-07-20,166199,233.0
False,2016-07-21,166199,189.0
False,2016-07-22,166199,203.0
False,2016-07-23,166199,204.0
False,2016-07-24,166199,188.0
False,2016-07-25,166199,179.0
False,2016-07-26,166199,179.0
False,2016-07-27,166199,183.0
False,2016-07-28,166199,189.0
False,2016-07-29,166199,203.0
False,2016-07-30,166199,204.0
False,2016-07-31,166199,188.0
False,2016-08-01,166199,179.0
False,2016-08-02,166199,179.0
True,2016-08-03,166199,183.0
True,2016-08-04,166199,189.0
False,2016-08-05,166199,225.0
True,2016-08-06,166199,267.0
True,2016-08-07,166199,175.0
True,2016-08-08,166199,175.0
False,2016-08-09,166199,175.0
False,2016-08-10,166199,175.0
False,2016-08-11,166199,175.0
False,2016-08-12,166199,185.0
False,2016-08-13,166199,185.0
False,2016-08-14,166199,175.0
False,2016-08-15,166199,175.0
False,2016-08-16,166199,175.0
False,2016-08-17,166199,175.0
False,2016-08-18,166199,175.0
False,2016-08-19,166199,185.0
False,2016-08-20,166199,185.0
False,2016-08-21,166199,175.0
False,2016-08-22,166199,175.0
False,2016-08-23,166199,175.0
False,2016-08-24,166199,175.0
False,2016-08-25,166199,175.0
False,2016-08-26,166199,185.0
False,2016-08-27,166199,185.0
False,2016-08-28,166199,175.0
False,2016-08-29,166199,175.0
False,2016-08-30,166199,175.0
False,2016-08-31,166199,175.0
False,2016-09-01,166199,175.0
False,2016-09-02,166199,185.0
False,2016-09-03,166199,185.0
False,2016-05-29,7458845,395.0
False,2016-05-30,7458845,395.0
False,2016-05-31,7458845,395.0
False,2016-06-01,7458845,395.0
False,2016-06-02,7458845,395.0
False,2016-06-03,7458845,395.0
False,2016-06-04,7458845,395.0
False,2016-06-05,7458845,395.0
False,2016-06-06,7458845,395.0
False,2016-06-07,7458845,395.0
False,2016-06-08,7458845,395.0
False,2016-06-09,7458845,395.0
False,2016-06-10,7458845,395.0
False,2016-06-11,7458845,395.0
False,2016-06-12,7458845,395.0
False,2016-06-13,7458845,395.0
False,2016-06-14,7458845,395.0
False,2016-06-15,7458845,395.0
False,2016-06-16,7458845,395.0
False,2016-06-17,7458845,395.0
False,2016-06-18,7458845,395.0
False,2016-06-19,7458845,395.0
False,2016-06-20,7458845,395.0
False,2016-06-21,7458845,395.0
False,2016-06-22,7458845,395.0
False,2016-06-23,7458845,395.0
False,2016-06-24,7458845,395.0
False,2016-06-25,7458845,395.0
False,2016-06-26,7458845,395.0
False,2016-06-27,7458845,395.0
False,2016-06-28,7458845,395.0
False,2016-06-29,7458845,395.0
False,2016-06-30,7458845,395.0
False,2016-07-01,7458845,395.0
False,2016-07-02,7458845,395.0
False,2016-07-03,7458845,395.0
False,2016-07-04,7458845,395.0
False,2016-07-05,7458845,395.0
False,2016-07-06,7458845,395.0
False,2016-07-07,7458845,395.0
False,2016-07-08,7458845,395.0
False,2016-07-09,7458845,395.0
False,2016-07-10,7458845,395.0
False,2016-07-11,7458845,395.0
False,2016-07-12,7458845,395.0
False,2016-07-13,7458845,395.0
False,2016-07-14,7458845,395.0
False,2016-07-15,7458845,395.0
False,2016-07-16,7458845,395.0
False,2016-07-17,7458845,395.0
False,2016-07-18,7458845,395.0
False,2016-07-19,7458845,395.0
False,2016-07-20,7458845,395.0
False,2016-07-21,7458845,395.0
False,2016-07-22,7458845,395.0
False,2016-07-23,7458845,395.0
False,2016-07-24,7458845,395.0
False,2016-07-25,7458845,395.0
False,2016-07-26,7458845,395.0
False,2016-07-27,7458845,395.0
False,2016-07-28,7458845,395.0
False,2016-07-29,7458845,395.0
False,2016-07-30,7458845,395.0
False,2016-07-31,7458845,395.0
False,2016-08-01,7458845,395.0
False,2016-08-02,7458845,395.0
False,2016-08-03,7458845,395.0
False,2016-08-04,7458845,395.0
False,2016-08-05,7458845,395.0
False,2016-08-06,7458845,395.0
False,2016-08-07,7458845,395.0
False,2016-08-08,7458845,395.0
False,2016-08-09,7458845,395.0
False,2016-08-10,7458845,395.0
False,2016-08-11,7458845,395.0
False,2016-08-12,7458845,395.0
False,2016-08-13,7458845,395.0
False,2016-08-14,7458845,395.0
False,2016-08-15,7458845,395.0
False,2016-08-16,7458845,395.0
False,2016-08-17,7458845,395.0
False,2016-08-18,7458845,395.0
False,2016-08-19,7458845,395.0
False,2016-08-20,7458845,395.0
False,2016-08-21,7458845,395.0
False,2016-08-22,7458845,395.0
False,2016-08-23,7458845,395.0
False,2016-08-24,7458845,395.0
False,2016-08-25,7458845,395.0
False,2016-08-26,7458845,395.0
False,2016-08-27,7458845,395.0
False,2016-08-28,7458845,395.0
False,2016-08-29,7458845,395.0
False,2016-08-30,7458845,395.0
False,2016-08-31,7458845,395.0
False,2016-09-01,7458845,395.0
False,2016-09-02,7458845,395.0
False,2016-09-03,7458845,395.0
False,2016-05-29,13155130,300.0
False,2016-05-30,13155130,300.0
False,2016-05-31,13155130,300.0
False,2016-06-01,13155130,300.0
False,2016-06-02,13155130,300.0
False,2016-06-03,13155130,300.0
False,2016-06-04,13155130,300.0
False,2016-06-05,13155130,300.0
False,2016-06-06,13155130,300.0
False,2016-06-07,13155130,300.0
False,2016-06-08,13155130,300.0
False,2016-06-09,13155130,300.0
False,2016-06-10,13155130,300.0
False,2016-06-11,13155130,300.0
False,2016-06-12,13155130,300.0
False,2016-06-13,13155130,300.0
False,2016-06-14,13155130,300.0
False,2016-06-15,13155130,225.0
False,2016-06-16,13155130,225.0
False,2016-06-17,13155130,300.0
False,2016-06-18,13155130,300.0
False,2016-06-19,13155130,300.0
False,2016-06-20,13155130,300.0
False,2016-06-21,13155130,300.0
False,2016-06-22,13155130,300.0
False,2016-06-23,13155130,300.0
False,2016-06-24,13155130,300.0
False,2016-06-25,13155130,300.0
False,2016-06-26,13155130,300.0
False,2016-06-27,13155130,300.0
False,2016-06-28,13155130,300.0
False,2016-06-29,13155130,300.0
False,2016-06-30,13155130,300.0
False,2016-07-01,13155130,300.0
False,2016-07-02,13155130,300.0
False,2016-07-03,13155130,300.0
False,2016-07-04,13155130,300.0
False,2016-07-05,13155130,300.0
False,2016-07-06,13155130,300.0
False,2016-07-07,13155130,300.0
False,2016-07-08,13155130,300.0
False,2016-07-09,13155130,300.0
False,2016-07-10,13155130,300.0
False,2016-07-11,13155130,300.0
False,2016-07-12,13155130,300.0
False,2016-07-13,13155130,300.0
False,2016-07-14,13155130,300.0
False,2016-07-15,13155130,300.0
False,2016-07-16,13155130,300.0
False,2016-07-17,13155130,300.0
False,2016-07-18,13155130,300.0
False,2016-07-19,13155130,300.0
False,2016-07-20,13155130,300.0
False,2016-07-21,13155130,300.0
False,2016-07-22,13155130,300.0
False,2016-07-23,13155130,300.0
False,2016-07-24,13155130,300.0
False,2016-07-25,13155130,300.0
False,2016-07-26,13155130,300.0
False,2016-07-27,13155130,300.0
False,2016-07-28,13155130,300.0
False,2016-07-29,13155130,300.0
False,2016-07-30,13155130,300.0
False,2016-07-31,13155130,300.0
False,2016-08-01,13155130,300.0
False,2016-08-02,13155130,300.0
False,2016-08-03,13155130,300.0
False,2016-08-04,13155130,300.0
False,2016-08-05,13155130,300.0
False,2016-08-06,13155130,200.0
False,2016-08-07,13155130,300.0
False,2016-08-08,13155130,300.0
False,2016-08-09,13155130,300.0
False,2016-08-10,13155130,300.0
False,2016-08-11,13155130,300.0
False,2016-08-12,13155130,300.0
False,2016-08-13,13155130,300.0
False,2016-08-14,13155130,300.0
False,2016-08-15,13155130,300.0
False,2016-08-16,13155130,300.0
False,2016-08-17,13155130,300.0
False,2016-08-18,13155130,300.0
False,2016-08-19,13155130,300.0
False,2016-08-20,13155130,300.0
False,2016-08-21,13155130,300.0
False,2016-08-22,13155130,300.0
False,2016-08-23,13155130,300.0
False,2016-08-24,13155130,300.0
False,2016-08-25,13155130,300.0
False,2016-08-26,13155130,300.0
False,2016-08-27,13155130,300.0
False,2016-08-28,13155130,300.0
False,2016-08-29,13155130,300.0
False,2016-08-30,13155130,300.0
False,2016-08-31,13155130,300.0
False,2016-09-01,13155130,300.0
False,2016-09-02,13155130,300.0
False,2016-09-03,13155130,300.0
True,2016-05-29,13732155,555.0
True,2016-05-30,13732155,555.0
True,2016-05-31,13732155,555.0
True,2016-06-01,13732155,555.0
True,2016-06-02,13732155,555.0
True,2016-06-03,13732155,555.0
True,2016-06-04,13732155,555.0
True,2016-06-05,13732155,555.0
True,2016-06-06,13732155,555.0
True,2016-06-07,13732155,555.0
True,2016-06-08,13732155,555.0
True,2016-06-09,13732155,555.0
True,2016-06-10,13732155,555.0
True,2016-06-11,13732155,555.0
True,2016-06-12,13732155,555.0
True,2016-06-13,13732155,555.0
True,2016-06-14,13732155,555.0
True,2016-06-15,13732155,555.0
True,2016-06-16,13732155,555.0
True,2016-06-17,13732155,555.0
True,2016-06-18,13732155,555.0
True,2016-06-19,13732155,555.0
True,2016-06-20,13732155,555.0
True,2016-06-21,13732155,555.0
True,2016-06-22,13732155,555.0
True,2016-06-23,13732155,555.0
True,2016-06-24,13732155,555.0
True,2016-06-25,13732155,555.0
True,2016-06-26,13732155,555.0
True,2016-06-27,13732155,555.0
False,2016-06-28,13732155,555.0
False,2016-06-29,13732155,555.0
False,2016-06-30,13732155,555.0
False,2016-07-01,13732155,555.0
False,2016-07-02,13732155,555.0
False,2016-07-03,13732155,555.0
False,2016-07-04,13732155,400.0
True,2016-07-05,13732155,325.0
False,2016-07-06,13732155,325.0
False,2016-07-07,13732155,325.0
False,2016-07-08,13732155,371.0
False,2016-07-09,13732155,300.0
True,2016-07-10,13732155,300.0
True,2016-07-11,13732155,300.0
False,2016-07-12,13732155,450.0
False,2016-07-13,13732155,450.0
True,2016-07-14,13732155,450.0
False,2016-07-15,13732155,450.0
False,2016-07-16,13732155,450.0
True,2016-07-17,13732155,450.0
False,2016-07-18,13732155,450.0
False,2016-07-19,13732155,500.0
False,2016-07-20,13732155,500.0
True,2016-07-21,13732155,500.0
False,2016-07-22,13732155,500.0
False,2016-07-23,13732155,500.0
False,2016-07-24,13732155,500.0
False,2016-07-25,13732155,500.0
True,2016-07-26,13732155,500.0
True,2016-07-27,13732155,500.0
True,2016-07-28,13732155,555.0
False,2016-07-29,13732155,555.0
False,2016-07-30,13732155,555.0
False,2016-07-31,13732155,555.0
True,2016-08-01,13732155,555.0
True,2016-08-02,13732155,555.0
True,2016-08-03,13732155,555.0
True,2016-08-04,13732155,555.0
True,2016-08-05,13732155,555.0
False,2016-08-06,13732155,555.0
False,2016-08-07,13732155,555.0
False,2016-08-08,13732155,555.0
True,2016-08-09,13732155,555.0
True,2016-08-10,13732155,600.0
True,2016-08-11,13732155,600.0
True,2016-08-12,13732155,600.0
True,2016-08-13,13732155,600.0
True,2016-08-14,13732155,600.0
True,2016-08-15,13732155,600.0
True,2016-08-16,13732155,555.0
False,2016-08-17,13732155,555.0
False,2016-08-18,13732155,555.0
False,2016-08-19,13732155,555.0
False,2016-08-20,13732155,555.0
True,2016-08-21,13732155,555.0
True,2016-08-22,13732155,600.0
True,2016-08-23,13732155,600.0
True,2016-08-24,13732155,600.0
True,2016-08-25,13732155,600.0
True,2016-08-26,13732155,600.0
True,2016-08-27,13732155,600.0
True,2016-08-28,13732155,600.0
True,2016-08-29,13732155,600.0
True,2016-08-30,13732155,600.0
True,2016-08-31,13732155,600.0
True,2016-09-01,13732155,600.0
True,2016-09-02,13732155,555.0
False,2016-09-03,13732155,555.0
False,2016-05-29,7345468,200.0
False,2016-05-30,7345468,200.0
False,2016-05-31,7345468,200.0
False,2016-06-01,7345468,200.0
False,2016-06-02,7345468,200.0
False,2016-06-03,7345468,200.0
False,2016-06-04,7345468,200.0
False,2016-06-05,7345468,200.0
False,2016-06-06,7345468,200.0
False,2016-06-07,7345468,200.0
False,2016-06-08,7345468,200.0
False,2016-06-09,7345468,200.0
False,2016-06-10,7345468,200.0
False,2016-06-11,7345468,200.0
False,2016-06-12,7345468,200.0
False,2016-06-13,7345468,200.0
False,2016-06-14,7345468,200.0
False,2016-06-15,7345468,200.0
False,2016-06-16,7345468,200.0
False,2016-06-17,7345468,200.0
False,2016-06-18,7345468,200.0
False,2016-06-19,7345468,200.0
False,2016-06-20,7345468,200.0
False,2016-06-21,7345468,200.0
False,2016-06-22,7345468,200.0
False,2016-06-23,7345468,200.0
False,2016-06-24,7345468,200.0
False,2016-06-25,7345468,200.0
True,2016-06-26,7345468,200.0
False,2016-06-27,7345468,200.0
False,2016-06-28,7345468,200.0
False,2016-06-29,7345468,200.0
False,2016-06-30,7345468,200.0
False,2016-07-01,7345468,200.0
False,2016-07-02,7345468,200.0
False,2016-07-03,7345468,200.0
False,2016-07-04,7345468,200.0
False,2016-07-05,7345468,200.0
False,2016-07-06,7345468,200.0
True,2016-07-07,7345468,200.0
False,2016-07-08,7345468,200.0
False,2016-07-09,7345468,200.0
True,2016-07-10,7345468,200.0
False,2016-07-11,7345468,200.0
False,2016-07-12,7345468,200.0
False,2016-07-13,7345468,200.0
False,2016-07-14,7345468,200.0
False,2016-07-15,7345468,200.0
False,2016-07-16,7345468,200.0
False,2016-07-17,7345468,200.0
False,2016-07-18,7345468,200.0
False,2016-07-19,7345468,200.0
False,2016-07-20,7345468,200.0
False,2016-07-21,7345468,200.0
False,2016-07-22,7345468,200.0
False,2016-07-23,7345468,200.0
True,2016-07-24,7345468,200.0
False,2016-07-25,7345468,200.0
False,2016-07-26,7345468,200.0
False,2016-07-27,7345468,200.0
False,2016-07-28,7345468,200.0
False,2016-07-29,7345468,200.0
False,2016-07-30,7345468,200.0
False,2016-07-31,7345468,200.0
False,2016-08-01,7345468,200.0
False,2016-08-02,7345468,200.0
False,2016-08-03,7345468,200.0
False,2016-08-04,7345468,200.0
False,2016-08-05,7345468,200.0
False,2016-08-06,7345468,200.0
True,2016-08-07,7345468,200.0
True,2016-08-08,7345468,200.0
True,2016-08-09,7345468,200.0
True,2016-08-10,7345468,200.0
True,2016-08-11,7345468,200.0
True,2016-08-12,7345468,200.0
True,2016-08-13,7345468,200.0
True,2016-08-14,7345468,200.0
False,2016-08-15,7345468,200.0
False,2016-08-16,7345468,200.0
False,2016-08-17,7345468,200.0
False,2016-08-18,7345468,200.0
False,2016-08-19,7345468,200.0
False,2016-08-20,7345468,200.0
False,2016-08-21,7345468,200.0
False,2016-08-22,7345468,200.0
False,2016-08-23,7345468,200.0
False,2016-08-24,7345468,200.0
False,2016-08-25,7345468,200.0
False,2016-08-26,7345468,200.0
False,2016-08-27,7345468,200.0
False,2016-08-28,7345468,200.0
False,2016-08-29,7345468,200.0
False,2016-08-30,7345468,200.0
False,2016-08-31,7345468,200.0
False,2016-09-01,7345468,200.0
False,2016-09-02,7345468,200.0
False,2016-09-03,7345468,200.0
False,2016-05-29,5932682,169.0
False,2016-05-30,5932682,169.0
False,2016-05-31,5932682,169.0
False,2016-06-01,5932682,169.0
True,2016-06-02,5932682,169.0
False,2016-06-03,5932682,169.0
False,2016-06-04,5932682,169.0
False,2016-06-05,5932682,169.0
False,2016-06-06,5932682,169.0
False,2016-06-07,5932682,169.0
False,2016-06-08,5932682,169.0
False,2016-06-09,5932682,169.0
True,2016-06-10,5932682,189.0
False,2016-06-11,5932682,189.0
False,2016-06-12,5932682,169.0
False,2016-06-13,5932682,169.0
False,2016-06-14,5932682,169.0
False,2016-06-15,5932682,169.0
False,2016-06-16,5932682,169.0
False,2016-06-17,5932682,189.0
False,2016-06-18,5932682,189.0
False,2016-06-19,5932682,169.0
True,2016-06-20,5932682,169.0
True,2016-06-21,5932682,169.0
False,2016-06-22,5932682,189.0
False,2016-06-23,5932682,189.0
False,2016-06-24,5932682,199.0
False,2016-06-25,5932682,199.0
False,2016-06-26,5932682,220.0
False,2016-06-27,5932682,220.0
False,2016-06-28,5932682,220.0
True,2016-06-29,5932682,189.0
True,2016-06-30,5932682,189.0
False,2016-07-01,5932682,189.0
False,2016-07-02,5932682,198.0
False,2016-07-03,5932682,198.0
False,2016-07-04,5932682,198.0
True,2016-07-05,5932682,139.0
True,2016-07-06,5932682,139.0
True,2016-07-07,5932682,139.0
False,2016-07-08,5932682,160.0
False,2016-07-09,5932682,160.0
False,2016-07-10,5932682,160.0
True,2016-07-11,5932682,219.0
False,2016-07-12,5932682,219.0
False,2016-07-13,5932682,219.0
False,2016-07-14,5932682,219.0
False,2016-07-15,5932682,229.0
False,2016-07-16,5932682,229.0
False,2016-07-17,5932682,189.0
False,2016-07-18,5932682,189.0
False,2016-07-19,5932682,189.0
False,2016-07-20,5932682,160.0
False,2016-07-21,5932682,160.0
False,2016-07-22,5932682,160.0
True,2016-07-23,5932682,160.0
False,2016-07-24,5932682,160.0
False,2016-07-25,5932682,160.0
False,2016-07-26,5932682,160.0
False,2016-07-27,5932682,160.0
False,2016-07-28,5932682,160.0
True,2016-07-29,5932682,229.0
False,2016-07-30,5932682,229.0
False,2016-07-31,5932682,199.0
False,2016-08-01,5932682,189.0
False,2016-08-02,5932682,189.0
False,2016-08-03,5932682,160.0
False,2016-08-04,5932682,160.0
False,2016-08-05,5932682,160.0
False,2016-08-06,5932682,160.0
True,2016-08-07,5932682,189.0
False,2016-08-08,5932682,189.0
False,2016-08-09,5932682,189.0
False,2016-08-10,5932682,189.0
False,2016-08-11,5932682,189.0
False,2016-08-12,5932682,199.0
False,2016-08-13,5932682,199.0
False,2016-08-14,5932682,189.0
False,2016-08-15,5932682,189.0
False,2016-08-16,5932682,189.0
False,2016-08-17,5932682,189.0
False,2016-08-18,5932682,189.0
False,2016-08-19,5932682,199.0
False,2016-08-20,5932682,199.0
True,2016-08-21,5932682,189.0
False,2016-08-22,5932682,189.0
False,2016-08-23,5932682,189.0
False,2016-08-24,5932682,189.0
True,2016-08-25,5932682,189.0
False,2016-08-26,5932682,199.0
False,2016-08-27,5932682,199.0
False,2016-08-28,5932682,189.0
False,2016-08-29,5932682,189.0
False,2016-08-30,5932682,189.0
False,2016-08-31,5932682,189.0
True,2016-09-01,5932682,189.0
False,2016-09-02,5932682,199.0
False,2016-09-03,5932682,199.0
False,2016-05-29,9531201,250.0
False,2016-05-30,9531201,250.0
False,2016-05-31,9531201,250.0
False,2016-06-01,9531201,250.0
False,2016-06-02,9531201,250.0
False,2016-06-03,9531201,250.0
False,2016-06-04,9531201,250.0
False,2016-06-05,9531201,250.0
False,2016-06-06,9531201,250.0
False,2016-06-07,9531201,250.0
False,2016-06-08,9531201,250.0
False,2016-06-09,9531201,250.0
False,2016-06-10,9531201,250.0
False,2016-06-11,9531201,250.0
False,2016-06-12,9531201,250.0
False,2016-06-13,9531201,250.0
False,2016-06-14,9531201,250.0
False,2016-06-15,9531201,250.0
False,2016-06-16,9531201,250.0
False,2016-06-17,9531201,250.0
False,2016-06-18,9531201,250.0
False,2016-06-19,9531201,250.0
False,2016-06-20,9531201,250.0
False,2016-06-21,9531201,250.0
False,2016-06-22,9531201,250.0
False,2016-06-23,9531201,250.0
False,2016-06-24,9531201,250.0
False,2016-06-25,9531201,250.0
False,2016-06-26,9531201,250.0
False,2016-06-27,9531201,250.0
False,2016-06-28,9531201,250.0
False,2016-06-29,9531201,250.0
False,2016-06-30,9531201,250.0
False,2016-07-01,9531201,240.0
False,2016-07-02,9531201,240.0
False,2016-07-03,9531201,240.0
False,2016-07-04,9531201,280.0
False,2016-07-05,9531201,250.0
False,2016-07-06,9531201,250.0
False,2016-07-07,9531201,250.0
False,2016-07-08,9531201,250.0
False,2016-07-09,9531201,250.0
False,2016-07-10,9531201,250.0
False,2016-07-11,9531201,250.0
False,2016-07-12,9531201,250.0
False,2016-07-13,9531201,250.0
True,2016-07-14,9531201,250.0
False,2016-07-15,9531201,250.0
False,2016-07-16,9531201,250.0
False,2016-07-17,9531201,250.0
False,2016-07-18,9531201,250.0
False,2016-07-19,9531201,250.0
False,2016-07-20,9531201,250.0
False,2016-07-21,9531201,250.0
False,2016-07-22,9531201,250.0
False,2016-07-23,9531201,250.0
False,2016-07-24,9531201,250.0
False,2016-07-25,9531201,250.0
False,2016-07-26,9531201,250.0
False,2016-07-27,9531201,250.0
False,2016-07-28,9531201,250.0
False,2016-07-29,9531201,250.0
False,2016-07-30,9531201,250.0
False,2016-07-31,9531201,250.0
False,2016-08-01,9531201,250.0
False,2016-08-02,9531201,250.0
False,2016-08-03,9531201,250.0
False,2016-08-04,9531201,250.0
False,2016-08-05,9531201,250.0
False,2016-08-06,9531201,250.0
False,2016-08-07,9531201,250.0
False,2016-08-08,9531201,250.0
False,2016-08-09,9531201,250.0
False,2016-08-10,9531201,250.0
False,2016-08-11,9531201,250.0
False,2016-08-12,9531201,250.0
False,2016-08-13,9531201,250.0
False,2016-08-14,9531201,250.0
False,2016-08-15,9531201,250.0
False,2016-08-16,9531201,250.0
False,2016-08-17,9531201,250.0
False,2016-08-18,9531201,250.0
False,2016-08-19,9531201,250.0
False,2016-08-20,9531201,250.0
False,2016-08-21,9531201,250.0
False,2016-08-22,9531201,250.0
False,2016-08-23,9531201,250.0
False,2016-08-24,9531201,250.0
False,2016-08-25,9531201,250.0
False,2016-08-26,9531201,250.0
False,2016-08-27,9531201,250.0
False,2016-08-28,9531201,250.0
False,2016-08-29,9531201,250.0
False,2016-08-30,9531201,250.0
False,2016-08-31,9531201,250.0
False,2016-09-01,9531201,250.0
False,2016-09-02,9531201,250.0
False,2016-09-03,9531201,250.0
True,2016-05-29,13670210,250.0
True,2016-05-30,13670210,250.0
True,2016-05-31,13670210,250.0
True,2016-06-01,13670210,250.0
True,2016-06-02,13670210,250.0
True,2016-06-03,13670210,300.0
True,2016-06-04,13670210,300.0
True,2016-06-05,13670210,250.0
True,2016-06-06,13670210,250.0
True,2016-06-07,13670210,250.0
True,2016-06-08,13670210,250.0
True,2016-06-09,13670210,250.0
True,2016-06-10,13670210,300.0
True,2016-06-11,13670210,300.0
True,2016-06-12,13670210,250.0
True,2016-06-13,13670210,250.0
True,2016-06-14,13670210,250.0
True,2016-06-15,13670210,250.0
True,2016-06-16,13670210,250.0
True,2016-06-17,13670210,300.0
True,2016-06-18,13670210,300.0
True,2016-06-19,13670210,250.0
True,2016-06-20,13670210,250.0
True,2016-06-21,13670210,250.0
True,2016-06-22,13670210,250.0
True,2016-06-23,13670210,250.0
False,2016-06-24,13670210,300.0
False,2016-06-25,13670210,300.0
False,2016-06-26,13670210,250.0
False,2016-06-27,13670210,250.0
False,2016-06-28,13670210,250.0
False,2016-06-29,13670210,250.0
False,2016-06-30,13670210,250.0
False,2016-07-01,13670210,300.0
False,2016-07-02,13670210,300.0
False,2016-07-03,13670210,250.0
False,2016-07-04,13670210,250.0
False,2016-07-05,13670210,250.0
False,2016-07-06,13670210,250.0
False,2016-07-07,13670210,250.0
False,2016-07-08,13670210,300.0
False,2016-07-09,13670210,300.0
False,2016-07-10,13670210,250.0
False,2016-07-11,13670210,250.0
False,2016-07-12,13670210,250.0
False,2016-07-13,13670210,250.0
False,2016-07-14,13670210,250.0
False,2016-07-15,13670210,300.0
False,2016-07-16,13670210,300.0
False,2016-07-17,13670210,250.0
True,2016-07-18,13670210,250.0
False,2016-07-19,13670210,250.0
False,2016-07-20,13670210,250.0
False,2016-07-21,13670210,250.0
False,2016-07-22,13670210,300.0
False,2016-07-23,13670210,300.0
False,2016-07-24,13670210,250.0
False,2016-07-25,13670210,250.0
False,2016-07-26,13670210,250.0
False,2016-07-27,13670210,250.0
True,2016-07-28,13670210,200.0
True,2016-07-29,13670210,250.0
True,2016-07-30,13670210,250.0
True,2016-07-31,13670210,250.0
True,2016-08-01,13670210,250.0
True,2016-08-02,13670210,250.0
True,2016-08-03,13670210,250.0
False,2016-08-04,13670210,250.0
False,2016-08-05,13670210,300.0
False,2016-08-06,13670210,300.0
False,2016-08-07,13670210,250.0
False,2016-08-08,13670210,250.0
True,2016-08-09,13670210,250.0
True,2016-08-10,13670210,250.0
True,2016-08-11,13670210,250.0
True,2016-08-12,13670210,300.0
True,2016-08-13,13670210,300.0
True,2016-08-14,13670210,250.0
True,2016-08-15,13670210,250.0
True,2016-08-16,13670210,250.0
True,2016-08-17,13670210,250.0
True,2016-08-18,13670210,250.0
True,2016-08-19,13670210,300.0
True,2016-08-20,13670210,300.0
True,2016-08-21,13670210,250.0
True,2016-08-22,13670210,250.0
True,2016-08-23,13670210,250.0
True,2016-08-24,13670210,250.0
True,2016-08-25,13670210,250.0
False,2016-08-26,13670210,300.0
False,2016-08-27,13670210,300.0
False,2016-08-28,13670210,250.0
True,2016-08-29,13670210,250.0
True,2016-08-30,13670210,250.0
True,2016-08-31,13670210,250.0
True,2016-09-01,13670210,250.0
True,2016-09-02,13670210,300.0
True,2016-09-03,13670210,300.0
False,2016-05-29,1145668,140.0
False,2016-05-30,1145668,140.0
False,2016-05-31,1145668,140.0
False,2016-06-01,1145668,375.0
False,2016-06-02,1145668,395.0
False,2016-06-03,1145668,425.0
False,2016-06-04,1145668,425.0
False,2016-06-05,1145668,395.0
False,2016-06-06,1145668,395.0
False,2016-06-07,1145668,395.0
False,2016-06-08,1145668,395.0
False,2016-06-09,1145668,140.0
False,2016-06-10,1145668,140.0
False,2016-06-11,1145668,140.0
False,2016-06-12,1145668,400.0
False,2016-06-13,1145668,375.0
False,2016-06-14,1145668,375.0
False,2016-06-15,1145668,395.0
False,2016-06-16,1145668,395.0
True,2016-06-17,1145668,425.0
True,2016-06-18,1145668,425.0
True,2016-06-19,1145668,395.0
False,2016-06-20,1145668,300.0
False,2016-06-21,1145668,300.0
False,2016-06-22,1145668,300.0
False,2016-06-23,1145668,300.0
False,2016-06-24,1145668,140.0
False,2016-06-25,1145668,140.0
False,2016-06-26,1145668,140.0
False,2016-06-27,1145668,300.0
False,2016-06-28,1145668,300.0
False,2016-06-29,1145668,300.0
True,2016-06-30,1145668,395.0
False,2016-07-01,1145668,395.0
False,2016-07-02,1145668,395.0
False,2016-07-03,1145668,140.0
False,2016-07-04,1145668,140.0
False,2016-07-05,1145668,140.0
False,2016-07-06,1145668,140.0
False,2016-07-07,1145668,140.0
False,2016-07-08,1145668,140.0
False,2016-07-09,1145668,140.0
False,2016-07-10,1145668,140.0
False,2016-07-11,1145668,140.0
False,2016-07-12,1145668,140.0
True,2016-07-13,1145668,395.0
False,2016-07-14,1145668,140.0
False,2016-07-15,1145668,140.0
False,2016-07-16,1145668,140.0
False,2016-07-17,1145668,140.0
False,2016-07-18,1145668,140.0
False,2016-07-19,1145668,140.0
True,2016-07-20,1145668,395.0
False,2016-07-21,1145668,140.0
False,2016-07-22,1145668,140.0
False,2016-07-23,1145668,140.0
False,2016-07-24,1145668,395.0
False,2016-07-25,1145668,395.0
False,2016-07-26,1145668,395.0
False,2016-07-27,1145668,395.0
False,2016-07-28,1145668,395.0
False,2016-07-29,1145668,395.0
False,2016-07-30,1145668,395.0
True,2016-07-31,1145668,395.0
True,2016-08-01,1145668,395.0
False,2016-08-02,1145668,140.0
False,2016-08-03,1145668,140.0
False,2016-08-04,1145668,140.0
False,2016-08-05,1145668,140.0
False,2016-08-06,1145668,140.0
False,2016-08-07,1145668,140.0
True,2016-08-08,1145668,395.0
True,2016-08-09,1145668,395.0
True,2016-08-10,1145668,395.0
False,2016-08-11,1145668,395.0
False,2016-08-12,1145668,425.0
False,2016-08-13,1145668,425.0
False,2016-08-14,1145668,395.0
False,2016-08-15,1145668,395.0
False,2016-08-16,1145668,395.0
False,2016-08-17,1145668,395.0
False,2016-08-18,1145668,375.0
False,2016-08-19,1145668,400.0
False,2016-08-20,1145668,400.0
True,2016-08-21,1145668,395.0
True,2016-08-22,1145668,395.0
True,2016-08-23,1145668,395.0
True,2016-08-24,1145668,395.0
True,2016-08-25,1145668,395.0
True,2016-08-26,1145668,425.0
True,2016-08-27,1145668,425.0
True,2016-08-28,1145668,395.0
True,2016-08-29,1145668,395.0
True,2016-08-30,1145668,395.0
True,2016-08-31,1145668,395.0
True,2016-09-01,1145668,395.0
True,2016-09-02,1145668,425.0
True,2016-09-03,1145668,425.0
False,2016-05-29,4532551,219.0
False,2016-05-30,4532551,219.0
False,2016-05-31,4532551,219.0
False,2016-06-01,4532551,219.0
True,2016-06-02,4532551,219.0
True,2016-06-03,4532551,219.0
True,2016-06-04,4532551,219.0
False,2016-06-05,4532551,219.0
False,2016-06-06,4532551,219.0
False,2016-06-07,4532551,219.0
True,2016-06-08,4532551,199.0
False,2016-06-09,4532551,199.0
False,2016-06-10,4532551,199.0
False,2016-06-11,4532551,199.0
False,2016-06-12,4532551,199.0
False,2016-06-13,4532551,199.0
False,2016-06-14,4532551,199.0
False,2016-06-15,4532551,199.0
False,2016-06-16,4532551,199.0
False,2016-06-17,4532551,199.0
False,2016-06-18,4532551,199.0
False,2016-06-19,4532551,199.0
False,2016-06-20,4532551,199.0
False,2016-06-21,4532551,199.0
False,2016-06-22,4532551,199.0
False,2016-06-23,4532551,199.0
True,2016-06-24,4532551,199.0
True,2016-06-25,4532551,199.0
False,2016-06-26,4532551,199.0
False,2016-06-27,4532551,199.0
False,2016-06-28,4532551,199.0
False,2016-06-29,4532551,199.0
False,2016-06-30,4532551,199.0
False,2016-07-01,4532551,199.0
False,2016-07-02,4532551,199.0
False,2016-07-03,4532551,199.0
False,2016-07-04,4532551,199.0
True,2016-07-05,4532551,153.0
True,2016-07-06,4532551,166.0
True,2016-07-07,4532551,158.0
False,2016-07-08,4532551,219.0
False,2016-07-09,4532551,219.0
False,2016-07-10,4532551,219.0
True,2016-07-11,4532551,188.0
False,2016-07-12,4532551,219.0
False,2016-07-13,4532551,219.0
False,2016-07-14,4532551,186.0
False,2016-07-15,4532551,189.0
False,2016-07-16,4532551,219.0
False,2016-07-17,4532551,219.0
False,2016-07-18,4532551,219.0
False,2016-07-19,4532551,219.0
False,2016-07-20,4532551,219.0
False,2016-07-21,4532551,219.0
False,2016-07-22,4532551,219.0
False,2016-07-23,4532551,219.0
False,2016-07-24,4532551,219.0
False,2016-07-25,4532551,219.0
False,2016-07-26,4532551,219.0
False,2016-07-27,4532551,219.0
False,2016-07-28,4532551,219.0
False,2016-07-29,4532551,219.0
True,2016-07-30,4532551,219.0
True,2016-07-31,4532551,219.0
False,2016-08-01,4532551,219.0
False,2016-08-02,4532551,219.0
False,2016-08-03,4532551,219.0
False,2016-08-04,4532551,219.0
False,2016-08-05,4532551,219.0
False,2016-08-06,4532551,219.0
False,2016-08-07,4532551,219.0
False,2016-08-08,4532551,219.0
False,2016-08-09,4532551,219.0
False,2016-08-10,4532551,219.0
False,2016-08-11,4532551,219.0
False,2016-08-12,4532551,219.0
False,2016-08-13,4532551,219.0
False,2016-08-14,4532551,219.0
False,2016-08-15,4532551,219.0
False,2016-08-16,4532551,219.0
False,2016-08-17,4532551,219.0
True,2016-08-18,4532551,219.0
False,2016-08-19,4532551,219.0
False,2016-08-20,4532551,219.0
False,2016-08-21,4532551,219.0
False,2016-08-22,4532551,219.0
True,2016-08-23,4532551,219.0
True,2016-08-24,4532551,219.0
False,2016-08-25,4532551,219.0
False,2016-08-26,4532551,219.0
False,2016-08-27,4532551,219.0
False,2016-08-28,4532551,219.0
False,2016-08-29,4532551,219.0
False,2016-08-30,4532551,219.0
False,2016-08-31,4532551,219.0
False,2016-09-01,4532551,219.0
False,2016-09-02,4532551,219.0
False,2016-09-03,4532551,219.0
False,2016-05-29,295240,250.0
False,2016-05-30,295240,250.0
False,2016-05-31,295240,250.0
False,2016-06-01,295240,250.0
False,2016-06-02,295240,250.0
False,2016-06-03,295240,250.0
False,2016-06-04,295240,250.0
False,2016-06-05,295240,250.0
False,2016-06-06,295240,250.0
True,2016-06-07,295240,250.0
False,2016-06-08,295240,250.0
False,2016-06-09,295240,250.0
False,2016-06-10,295240,250.0
False,2016-06-11,295240,250.0
False,2016-06-12,295240,250.0
False,2016-06-13,295240,250.0
False,2016-06-14,295240,250.0
True,2016-06-15,295240,250.0
False,2016-06-16,295240,250.0
False,2016-06-17,295240,250.0
False,2016-06-18,295240,250.0
False,2016-06-19,295240,250.0
False,2016-06-20,295240,250.0
False,2016-06-21,295240,250.0
False,2016-06-22,295240,250.0
False,2016-06-23,295240,250.0
True,2016-06-24,295240,250.0
False,2016-06-25,295240,250.0
False,2016-06-26,295240,250.0
False,2016-06-27,295240,250.0
False,2016-06-28,295240,250.0
False,2016-06-29,295240,250.0
False,2016-06-30,295240,250.0
False,2016-07-01,295240,250.0
False,2016-07-02,295240,250.0
False,2016-07-03,295240,250.0
False,2016-07-04,295240,250.0
False,2016-07-05,295240,250.0
False,2016-07-06,295240,250.0
False,2016-07-07,295240,250.0
False,2016-07-08,295240,250.0
False,2016-07-09,295240,250.0
False,2016-07-10,295240,250.0
False,2016-07-11,295240,250.0
False,2016-07-12,295240,250.0
False,2016-07-13,295240,250.0
False,2016-07-14,295240,250.0
False,2016-07-15,295240,250.0
False,2016-07-16,295240,250.0
False,2016-07-17,295240,250.0
True,2016-07-18,295240,250.0
False,2016-07-19,295240,250.0
False,2016-07-20,295240,250.0
False,2016-07-21,295240,250.0
False,2016-07-22,295240,250.0
False,2016-07-23,295240,250.0
False,2016-07-24,295240,250.0
True,2016-07-25,295240,250.0
False,2016-07-26,295240,250.0
False,2016-07-27,295240,250.0
False,2016-07-28,295240,250.0
False,2016-07-29,295240,250.0
True,2016-07-30,295240,250.0
False,2016-07-31,295240,250.0
False,2016-08-01,295240,250.0
False,2016-08-02,295240,250.0
True,2016-08-03,295240,250.0
True,2016-08-04,295240,250.0
False,2016-08-05,295240,250.0
False,2016-08-06,295240,250.0
False,2016-08-07,295240,250.0
False,2016-08-08,295240,250.0
False,2016-08-09,295240,250.0
False,2016-08-10,295240,250.0
False,2016-08-11,295240,250.0
False,2016-08-12,295240,250.0
False,2016-08-13,295240,250.0
False,2016-08-14,295240,250.0
False,2016-08-15,295240,250.0
False,2016-08-16,295240,250.0
False,2016-08-17,295240,250.0
False,2016-08-18,295240,250.0
False,2016-08-19,295240,250.0
False,2016-08-20,295240,250.0
False,2016-08-21,295240,250.0
False,2016-08-22,295240,250.0
False,2016-08-23,295240,250.0
False,2016-08-24,295240,250.0
True,2016-08-25,295240,250.0
False,2016-08-26,295240,250.0
False,2016-08-27,295240,250.0
True,2016-08-28,295240,250.0
True,2016-08-29,295240,250.0
True,2016-08-30,295240,250.0
True,2016-08-31,295240,250.0
False,2016-09-01,295240,250.0
False,2016-09-02,295240,250.0
False,2016-09-03,295240,250.0
False,2016-05-29,1074231,170.0
True,2016-05-30,1074231,170.0
True,2016-05-31,1074231,165.0
True,2016-06-01,1074231,165.0
False,2016-06-02,1074231,165.0
False,2016-06-03,1074231,195.0
False,2016-06-04,1074231,195.0
False,2016-06-05,1074231,165.0
False,2016-06-06,1074231,165.0
False,2016-06-07,1074231,165.0
False,2016-06-08,1074231,165.0
False,2016-06-09,1074231,165.0
False,2016-06-10,1074231,195.0
False,2016-06-11,1074231,195.0
False,2016-06-12,1074231,184.0
False,2016-06-13,1074231,186.0
False,2016-06-14,1074231,186.0
False,2016-06-15,1074231,185.0
False,2016-06-16,1074231,173.0
False,2016-06-17,1074231,198.0
False,2016-06-18,1074231,198.0
False,2016-06-19,1074231,193.0
False,2016-06-20,1074231,196.0
False,2016-06-21,1074231,196.0
False,2016-06-22,1074231,196.0
False,2016-06-23,1074231,196.0
False,2016-06-24,1074231,205.0
False,2016-06-25,1074231,205.0
False,2016-06-26,1074231,199.0
False,2016-06-27,1074231,196.0
False,2016-06-28,1074231,196.0
False,2016-06-29,1074231,196.0
True,2016-06-30,1074231,165.0
False,2016-07-01,1074231,195.0
False,2016-07-02,1074231,195.0
False,2016-07-03,1074231,185.0
False,2016-07-04,1074231,186.0
False,2016-07-05,1074231,186.0
False,2016-07-06,1074231,175.0
False,2016-07-07,1074231,175.0
False,2016-07-08,1074231,195.0
False,2016-07-09,1074231,195.0
False,2016-07-10,1074231,185.0
False,2016-07-11,1074231,165.0
False,2016-07-12,1074231,165.0
False,2016-07-13,1074231,165.0
False,2016-07-14,1074231,165.0
False,2016-07-15,1074231,195.0
False,2016-07-16,1074231,165.0
False,2016-07-17,1074231,166.0
False,2016-07-18,1074231,178.0
False,2016-07-19,1074231,165.0
False,2016-07-20,1074231,165.0
False,2016-07-21,1074231,165.0
False,2016-07-22,1074231,195.0
False,2016-07-23,1074231,195.0
False,2016-07-24,1074231,175.0
False,2016-07-25,1074231,189.0
False,2016-07-26,1074231,185.0
True,2016-07-27,1074231,165.0
False,2016-07-28,1074231,165.0
False,2016-07-29,1074231,195.0
False,2016-07-30,1074231,195.0
False,2016-07-31,1074231,165.0
False,2016-08-01,1074231,165.0
False,2016-08-02,1074231,189.0
False,2016-08-03,1074231,189.0
False,2016-08-04,1074231,187.0
False,2016-08-05,1074231,195.0
False,2016-08-06,1074231,195.0
False,2016-08-07,1074231,250.0
False,2016-08-08,1074231,183.0
False,2016-08-09,1074231,194.0
False,2016-08-10,1074231,199.0
False,2016-08-11,1074231,199.0
False,2016-08-12,1074231,199.0
True,2016-08-13,1074231,165.0
True,2016-08-14,1074231,165.0
False,2016-08-15,1074231,255.0
False,2016-08-16,1074231,255.0
False,2016-08-17,1074231,262.0
False,2016-08-18,1074231,262.0
False,2016-08-19,1074231,262.0
False,2016-08-20,1074231,262.0
False,2016-08-21,1074231,262.0
True,2016-08-22,1074231,165.0
False,2016-08-23,1074231,195.0
True,2016-08-24,1074231,169.0
True,2016-08-25,1074231,195.0
True,2016-08-26,1074231,195.0
True,2016-08-27,1074231,175.0
False,2016-08-28,1074231,181.0
True,2016-08-29,1074231,165.0
True,2016-08-30,1074231,169.0
True,2016-08-31,1074231,169.0
True,2016-09-01,1074231,170.0
False,2016-09-02,1074231,181.0
False,2016-09-03,1074231,181.0
True,2016-05-29,8005452,295.0
True,2016-05-30,8005452,295.0
True,2016-05-31,8005452,295.0
True,2016-06-01,8005452,295.0
True,2016-06-02,8005452,295.0
True,2016-06-03,8005452,325.0
True,2016-06-04,8005452,325.0
True,2016-06-05,8005452,295.0
True,2016-06-06,8005452,295.0
False,2016-06-07,8005452,295.0
False,2016-06-08,8005452,295.0
False,2016-06-09,8005452,295.0
False,2016-06-10,8005452,325.0
False,2016-06-11,8005452,325.0
False,2016-06-12,8005452,295.0
False,2016-06-13,8005452,295.0
False,2016-06-14,8005452,295.0
False,2016-06-15,8005452,295.0
True,2016-06-16,8005452,295.0
True,2016-06-17,8005452,325.0
True,2016-06-18,8005452,325.0
False,2016-06-19,8005452,295.0
False,2016-06-20,8005452,295.0
False,2016-06-21,8005452,295.0
False,2016-06-22,8005452,295.0
False,2016-06-23,8005452,295.0
False,2016-06-24,8005452,325.0
False,2016-06-25,8005452,325.0
False,2016-06-26,8005452,295.0
False,2016-06-27,8005452,295.0
False,2016-06-28,8005452,295.0
False,2016-06-29,8005452,295.0
False,2016-06-30,8005452,295.0
True,2016-07-01,8005452,300.0
True,2016-07-02,8005452,300.0
True,2016-07-03,8005452,300.0
True,2016-07-04,8005452,300.0
True,2016-07-05,8005452,295.0
True,2016-07-06,8005452,295.0
True,2016-07-07,8005452,295.0
True,2016-07-08,8005452,325.0
True,2016-07-09,8005452,325.0
False,2016-07-10,8005452,295.0
False,2016-07-11,8005452,295.0
False,2016-07-12,8005452,295.0
False,2016-07-13,8005452,295.0
False,2016-07-14,8005452,295.0
False,2016-07-15,8005452,325.0
True,2016-07-16,8005452,325.0
True,2016-07-17,8005452,295.0
True,2016-07-18,8005452,295.0
True,2016-07-19,8005452,295.0
True,2016-07-20,8005452,295.0
True,2016-07-21,8005452,295.0
True,2016-07-22,8005452,325.0
False,2016-07-23,8005452,325.0
False,2016-07-24,8005452,295.0
False,2016-07-25,8005452,295.0
False,2016-07-26,8005452,295.0
False,2016-07-27,8005452,295.0
False,2016-07-28,8005452,295.0
False,2016-07-29,8005452,325.0
False,2016-07-30,8005452,325.0
False,2016-07-31,8005452,295.0
False,2016-08-01,8005452,295.0
False,2016-08-02,8005452,295.0
False,2016-08-03,8005452,295.0
False,2016-08-04,8005452,295.0
False,2016-08-05,8005452,325.0
False,2016-08-06,8005452,325.0
False,2016-08-07,8005452,295.0
False,2016-08-08,8005452,295.0
False,2016-08-09,8005452,295.0
False,2016-08-10,8005452,295.0
False,2016-08-11,8005452,295.0
False,2016-08-12,8005452,325.0
False,2016-08-13,8005452,325.0
False,2016-08-14,8005452,295.0
False,2016-08-15,8005452,295.0
False,2016-08-16,8005452,295.0
False,2016-08-17,8005452,295.0
False,2016-08-18,8005452,295.0
False,2016-08-19,8005452,325.0
False,2016-08-20,8005452,325.0
False,2016-08-21,8005452,295.0
False,2016-08-22,8005452,295.0
False,2016-08-23,8005452,295.0
False,2016-08-24,8005452,295.0
False,2016-08-25,8005452,295.0
False,2016-08-26,8005452,325.0
False,2016-08-27,8005452,325.0
True,2016-08-28,8005452,295.0
True,2016-08-29,8005452,295.0
True,2016-08-30,8005452,295.0
True,2016-08-31,8005452,295.0
True,2016-09-01,8005452,295.0
False,2016-09-02,8005452,325.0
False,2016-09-03,8005452,325.0
False,2016-05-29,394575,149.0
False,2016-05-30,394575,149.0
False,2016-05-31,394575,149.0
False,2016-06-01,394575,149.0
False,2016-06-02,394575,149.0
False,2016-06-03,394575,149.0
False,2016-06-04,394575,149.0
False,2016-06-05,394575,149.0
True,2016-06-06,394575,149.0
False,2016-06-07,394575,149.0
False,2016-06-08,394575,149.0
False,2016-06-09,394575,149.0
False,2016-06-10,394575,149.0
False,2016-06-11,394575,149.0
False,2016-06-12,394575,149.0
False,2016-06-13,394575,149.0
False,2016-06-14,394575,149.0
False,2016-06-15,394575,149.0
True,2016-06-16,394575,149.0
False,2016-06-17,394575,149.0
False,2016-06-18,394575,149.0
False,2016-06-19,394575,149.0
False,2016-06-20,394575,149.0
False,2016-06-21,394575,149.0
False,2016-06-22,394575,149.0
False,2016-06-23,394575,149.0
False,2016-06-24,394575,149.0
False,2016-06-25,394575,149.0
False,2016-06-26,394575,149.0
True,2016-06-27,394575,149.0
False,2016-06-28,394575,149.0
False,2016-06-29,394575,149.0
False,2016-06-30,394575,149.0
False,2016-07-01,394575,149.0
False,2016-07-02,394575,149.0
False,2016-07-03,394575,149.0
False,2016-07-04,394575,149.0
False,2016-07-05,394575,149.0
False,2016-07-06,394575,149.0
False,2016-07-07,394575,149.0
False,2016-07-08,394575,149.0
False,2016-07-09,394575,149.0
False,2016-07-10,394575,149.0
False,2016-07-11,394575,149.0
False,2016-07-12,394575,149.0
False,2016-07-13,394575,149.0
False,2016-07-14,394575,149.0
False,2016-07-15,394575,149.0
False,2016-07-16,394575,149.0
False,2016-07-17,394575,149.0
False,2016-07-18,394575,149.0
False,2016-07-19,394575,149.0
False,2016-07-20,394575,149.0
False,2016-07-21,394575,149.0
False,2016-07-22,394575,149.0
False,2016-07-23,394575,149.0
False,2016-07-24,394575,149.0
False,2016-07-25,394575,149.0
False,2016-07-26,394575,149.0
False,2016-07-27,394575,149.0
False,2016-07-28,394575,149.0
False,2016-07-29,394575,149.0
False,2016-07-30,394575,149.0
False,2016-07-31,394575,149.0
False,2016-08-01,394575,149.0
False,2016-08-02,394575,149.0
False,2016-08-03,394575,149.0
False,2016-08-04,394575,149.0
True,2016-08-05,394575,149.0
False,2016-08-06,394575,149.0
False,2016-08-07,394575,149.0
False,2016-08-08,394575,149.0
False,2016-08-09,394575,149.0
False,2016-08-10,394575,149.0
False,2016-08-11,394575,149.0
False,2016-08-12,394575,149.0
False,2016-08-13,394575,149.0
False,2016-08-14,394575,149.0
False,2016-08-15,394575,149.0
False,2016-08-16,394575,149.0
False,2016-08-17,394575,149.0
False,2016-08-18,394575,149.0
False,2016-08-19,394575,149.0
True,2016-08-20,394575,149.0
False,2016-08-21,394575,149.0
False,2016-08-22,394575,149.0
False,2016-08-23,394575,149.0
False,2016-08-24,394575,149.0
False,2016-08-25,394575,149.0
False,2016-08-26,394575,149.0
False,2016-08-27,394575,149.0
False,2016-08-28,394575,149.0
False,2016-08-29,394575,149.0
True,2016-08-30,394575,149.0
False,2016-08-31,394575,149.0
False,2016-09-01,394575,149.0
False,2016-09-02,394575,149.0
False,2016-09-03,394575,149.0
False,2016-05-29,10943827,134.0
False,2016-05-30,10943827,134.0
False,2016-05-31,10943827,134.0
False,2016-06-01,10943827,149.0
False,2016-06-02,10943827,149.0
False,2016-06-03,10943827,139.0
False,2016-06-04,10943827,139.0
False,2016-06-05,10943827,124.0
False,2016-06-06,10943827,124.0
False,2016-06-07,10943827,124.0
False,2016-06-08,10943827,124.0
False,2016-06-09,10943827,124.0
False,2016-06-10,10943827,139.0
False,2016-06-11,10943827,139.0
False,2016-06-12,10943827,124.0
False,2016-06-13,10943827,124.0
False,2016-06-14,10943827,124.0
False,2016-06-15,10943827,134.0
False,2016-06-16,10943827,134.0
False,2016-06-17,10943827,139.0
False,2016-06-18,10943827,139.0
False,2016-06-19,10943827,124.0
False,2016-06-20,10943827,124.0
False,2016-06-21,10943827,124.0
False,2016-06-22,10943827,124.0
False,2016-06-23,10943827,124.0
False,2016-06-24,10943827,139.0
False,2016-06-25,10943827,139.0
False,2016-06-26,10943827,124.0
False,2016-06-27,10943827,124.0
False,2016-06-28,10943827,124.0
False,2016-06-29,10943827,124.0
True,2016-06-30,10943827,124.0
False,2016-07-01,10943827,139.0
False,2016-07-02,10943827,139.0
False,2016-07-03,10943827,124.0
False,2016-07-04,10943827,124.0
False,2016-07-05,10943827,124.0
False,2016-07-06,10943827,124.0
False,2016-07-07,10943827,124.0
False,2016-07-08,10943827,139.0
False,2016-07-09,10943827,139.0
False,2016-07-10,10943827,124.0
False,2016-07-11,10943827,124.0
False,2016-07-12,10943827,124.0
False,2016-07-13,10943827,124.0
False,2016-07-14,10943827,124.0
False,2016-07-15,10943827,139.0
False,2016-07-16,10943827,139.0
False,2016-07-17,10943827,124.0
False,2016-07-18,10943827,124.0
False,2016-07-19,10943827,124.0
False,2016-07-20,10943827,124.0
False,2016-07-21,10943827,124.0
False,2016-07-22,10943827,139.0
False,2016-07-23,10943827,139.0
False,2016-07-24,10943827,124.0
False,2016-07-25,10943827,124.0
False,2016-07-26,10943827,124.0
False,2016-07-27,10943827,124.0
False,2016-07-28,10943827,124.0
False,2016-07-29,10943827,139.0
False,2016-07-30,10943827,139.0
False,2016-07-31,10943827,124.0
False,2016-08-01,10943827,124.0
True,2016-08-02,10943827,124.0
False,2016-08-03,10943827,124.0
False,2016-08-04,10943827,124.0
False,2016-08-05,10943827,139.0
False,2016-08-06,10943827,139.0
False,2016-08-07,10943827,124.0
False,2016-08-08,10943827,124.0
False,2016-08-09,10943827,124.0
True,2016-08-10,10943827,124.0
False,2016-08-11,10943827,124.0
False,2016-08-12,10943827,139.0
False,2016-08-13,10943827,139.0
False,2016-08-14,10943827,124.0
False,2016-08-15,10943827,124.0
False,2016-08-16,10943827,124.0
False,2016-08-17,10943827,124.0
False,2016-08-18,10943827,124.0
False,2016-08-19,10943827,139.0
False,2016-08-20,10943827,139.0
False,2016-08-21,10943827,124.0
False,2016-08-22,10943827,124.0
False,2016-08-23,10943827,124.0
False,2016-08-24,10943827,124.0
False,2016-08-25,10943827,124.0
True,2016-08-26,10943827,134.0
True,2016-08-27,10943827,134.0
False,2016-08-28,10943827,124.0
False,2016-08-29,10943827,124.0
False,2016-08-30,10943827,124.0
False,2016-08-31,10943827,129.0
True,2016-09-01,10943827,129.0
False,2016-09-02,10943827,139.0
False,2016-09-03,10943827,139.0
False,2016-05-29,10840593,185.0
False,2016-05-30,10840593,185.0
False,2016-05-31,10840593,185.0
False,2016-06-01,10840593,185.0
False,2016-06-02,10840593,185.0
False,2016-06-03,10840593,185.0
False,2016-06-04,10840593,185.0
False,2016-06-05,10840593,185.0
False,2016-06-06,10840593,185.0
False,2016-06-07,10840593,185.0
False,2016-06-08,10840593,185.0
False,2016-06-09,10840593,185.0
False,2016-06-10,10840593,185.0
False,2016-06-11,10840593,185.0
False,2016-06-12,10840593,185.0
False,2016-06-13,10840593,185.0
False,2016-06-14,10840593,185.0
False,2016-06-15,10840593,185.0
False,2016-06-16,10840593,195.0
False,2016-06-17,10840593,195.0
False,2016-06-18,10840593,195.0
False,2016-06-19,10840593,195.0
False,2016-06-20,10840593,195.0
False,2016-06-21,10840593,195.0
False,2016-06-22,10840593,195.0
False,2016-06-23,10840593,195.0
False,2016-06-24,10840593,195.0
False,2016-06-25,10840593,195.0
False,2016-06-26,10840593,185.0
False,2016-06-27,10840593,185.0
False,2016-06-28,10840593,185.0
False,2016-06-29,10840593,185.0
False,2016-06-30,10840593,195.0
False,2016-07-01,10840593,195.0
False,2016-07-02,10840593,185.0
False,2016-07-03,10840593,185.0
False,2016-07-04,10840593,185.0
False,2016-07-05,10840593,185.0
False,2016-07-06,10840593,185.0
False,2016-07-07,10840593,185.0
False,2016-07-08,10840593,185.0
False,2016-07-09,10840593,195.0
False,2016-07-10,10840593,185.0
False,2016-07-11,10840593,185.0
False,2016-07-12,10840593,185.0
False,2016-07-13,10840593,185.0
False,2016-07-14,10840593,185.0
True,2016-07-15,10840593,195.0
False,2016-07-16,10840593,195.0
False,2016-07-17,10840593,195.0
False,2016-07-18,10840593,195.0
False,2016-07-19,10840593,195.0
False,2016-07-20,10840593,195.0
True,2016-07-21,10840593,185.0
False,2016-07-22,10840593,185.0
False,2016-07-23,10840593,185.0
False,2016-07-24,10840593,185.0
False,2016-07-25,10840593,185.0
False,2016-07-26,10840593,185.0
False,2016-07-27,10840593,195.0
False,2016-07-28,10840593,195.0
False,2016-07-29,10840593,195.0
False,2016-07-30,10840593,195.0
False,2016-07-31,10840593,185.0
False,2016-08-01,10840593,185.0
False,2016-08-02,10840593,185.0
True,2016-08-03,10840593,195.0
False,2016-08-04,10840593,185.0
False,2016-08-05,10840593,185.0
False,2016-08-06,10840593,185.0
False,2016-08-07,10840593,185.0
False,2016-08-08,10840593,185.0
True,2016-08-09,10840593,195.0
False,2016-08-10,10840593,195.0
False,2016-08-11,10840593,195.0
False,2016-08-12,10840593,195.0
False,2016-08-13,10840593,195.0
False,2016-08-14,10840593,195.0
False,2016-08-15,10840593,195.0
False,2016-08-16,10840593,195.0
False,2016-08-17,10840593,195.0
False,2016-08-18,10840593,195.0
False,2016-08-19,10840593,195.0
False,2016-08-20,10840593,195.0
False,2016-08-21,10840593,195.0
False,2016-08-22,10840593,195.0
False,2016-08-23,10840593,195.0
True,2016-08-24,10840593,195.0
False,2016-08-25,10840593,195.0
False,2016-08-26,10840593,195.0
True,2016-08-27,10840593,185.0
True,2016-08-28,10840593,185.0
False,2016-08-29,10840593,185.0
False,2016-08-30,10840593,185.0
False,2016-08-31,10840593,185.0
False,2016-09-01,10840593,185.0
False,2016-09-02,10840593,185.0
False,2016-09-03,10840593,185.0
True,2016-05-29,13747542,199.0
True,2016-05-30,13747542,199.0
True,2016-05-31,13747542,199.0
True,2016-06-01,13747542,199.0
True,2016-06-02,13747542,199.0
True,2016-06-03,13747542,199.0
True,2016-06-04,13747542,199.0
True,2016-06-05,13747542,199.0
True,2016-06-06,13747542,199.0
True,2016-06-07,13747542,199.0
True,2016-06-08,13747542,199.0
True,2016-06-09,13747542,199.0
True,2016-06-10,13747542,199.0
True,2016-06-11,13747542,199.0
True,2016-06-12,13747542,199.0
True,2016-06-13,13747542,199.0
True,2016-06-14,13747542,199.0
True,2016-06-15,13747542,199.0
True,2016-06-16,13747542,199.0
True,2016-06-17,13747542,199.0
True,2016-06-18,13747542,199.0
True,2016-06-19,13747542,199.0
True,2016-06-20,13747542,199.0
True,2016-06-21,13747542,199.0
True,2016-06-22,13747542,199.0
True,2016-06-23,13747542,199.0
True,2016-06-24,13747542,199.0
True,2016-06-25,13747542,199.0
True,2016-06-26,13747542,199.0
True,2016-06-27,13747542,199.0
True,2016-06-28,13747542,199.0
True,2016-06-29,13747542,199.0
False,2016-06-30,13747542,199.0
False,2016-07-01,13747542,79.0
False,2016-07-02,13747542,99.0
True,2016-07-03,13747542,199.0
False,2016-07-04,13747542,119.0
False,2016-07-05,13747542,119.0
False,2016-07-06,13747542,119.0
True,2016-07-07,13747542,199.0
True,2016-07-08,13747542,199.0
False,2016-07-09,13747542,199.0
False,2016-07-10,13747542,199.0
False,2016-07-11,13747542,199.0
False,2016-07-12,13747542,199.0
False,2016-07-13,13747542,199.0
False,2016-07-14,13747542,199.0
False,2016-07-15,13747542,199.0
False,2016-07-16,13747542,149.0
False,2016-07-17,13747542,199.0
False,2016-07-18,13747542,199.0
False,2016-07-19,13747542,199.0
False,2016-07-20,13747542,199.0
False,2016-07-21,13747542,199.0
False,2016-07-22,13747542,199.0
False,2016-07-23,13747542,199.0
False,2016-07-24,13747542,199.0
False,2016-07-25,13747542,199.0
False,2016-07-26,13747542,199.0
False,2016-07-27,13747542,199.0
False,2016-07-28,13747542,199.0
False,2016-07-29,13747542,199.0
False,2016-07-30,13747542,219.0
True,2016-07-31,13747542,149.0
False,2016-08-01,13747542,199.0
False,2016-08-02,13747542,199.0
False,2016-08-03,13747542,199.0
False,2016-08-04,13747542,199.0
False,2016-08-05,13747542,199.0
False,2016-08-06,13747542,199.0
False,2016-08-07,13747542,199.0
False,2016-08-08,13747542,139.0
True,2016-08-09,13747542,139.0
True,2016-08-10,13747542,139.0
False,2016-08-11,13747542,199.0
False,2016-08-12,13747542,199.0
False,2016-08-13,13747542,199.0
False,2016-08-14,13747542,199.0
False,2016-08-15,13747542,199.0
True,2016-08-16,13747542,119.0
False,2016-08-17,13747542,189.0
False,2016-08-18,13747542,189.0
False,2016-08-19,13747542,189.0
False,2016-08-20,13747542,189.0
False,2016-08-21,13747542,189.0
False,2016-08-22,13747542,189.0
True,2016-08-23,13747542,159.0
True,2016-08-24,13747542,159.0
True,2016-08-25,13747542,159.0
False,2016-08-26,13747542,199.0
False,2016-08-27,13747542,199.0
True,2016-08-28,13747542,199.0
True,2016-08-29,13747542,199.0
True,2016-08-30,13747542,199.0
True,2016-08-31,13747542,279.0
True,2016-09-01,13747542,279.0
True,2016-09-02,13747542,279.0
True,2016-09-03,13747542,279.0
False,2016-05-29,9254770,150.0
False,2016-05-30,9254770,150.0
False,2016-05-31,9254770,150.0
False,2016-06-01,9254770,150.0
False,2016-06-02,9254770,150.0
False,2016-06-03,9254770,149.0
False,2016-06-04,9254770,190.0
False,2016-06-05,9254770,190.0
False,2016-06-06,9254770,150.0
False,2016-06-07,9254770,150.0
False,2016-06-08,9254770,150.0
False,2016-06-09,9254770,150.0
False,2016-06-10,9254770,149.0
False,2016-06-11,9254770,150.0
False,2016-06-12,9254770,150.0
False,2016-06-13,9254770,150.0
False,2016-06-14,9254770,150.0
False,2016-06-15,9254770,150.0
False,2016-06-16,9254770,150.0
False,2016-06-17,9254770,150.0
False,2016-06-18,9254770,149.0
True,2016-06-19,9254770,149.0
True,2016-06-20,9254770,149.0
True,2016-06-21,9254770,149.0
False,2016-06-22,9254770,149.0
True,2016-06-23,9254770,149.0
False,2016-06-24,9254770,149.0
False,2016-06-25,9254770,149.0
True,2016-06-26,9254770,149.0
False,2016-06-27,9254770,149.0
False,2016-06-28,9254770,149.0
False,2016-06-29,9254770,149.0
False,2016-06-30,9254770,170.0
False,2016-07-01,9254770,149.0
False,2016-07-02,9254770,190.0
False,2016-07-03,9254770,190.0
False,2016-07-04,9254770,190.0
False,2016-07-05,9254770,190.0
False,2016-07-06,9254770,190.0
False,2016-07-07,9254770,190.0
True,2016-07-08,9254770,149.0
False,2016-07-09,9254770,149.0
False,2016-07-10,9254770,149.0
False,2016-07-11,9254770,190.0
False,2016-07-12,9254770,190.0
False,2016-07-13,9254770,190.0
False,2016-07-14,9254770,149.0
False,2016-07-15,9254770,149.0
False,2016-07-16,9254770,149.0
False,2016-07-17,9254770,190.0
False,2016-07-18,9254770,149.0
False,2016-07-19,9254770,149.0
False,2016-07-20,9254770,170.0
False,2016-07-21,9254770,170.0
False,2016-07-22,9254770,190.0
True,2016-07-23,9254770,149.0
False,2016-07-24,9254770,190.0
False,2016-07-25,9254770,190.0
False,2016-07-26,9254770,190.0
False,2016-07-27,9254770,149.0
False,2016-07-28,9254770,190.0
False,2016-07-29,9254770,190.0
False,2016-07-30,9254770,190.0
False,2016-07-31,9254770,149.0
False,2016-08-01,9254770,190.0
False,2016-08-02,9254770,190.0
False,2016-08-03,9254770,190.0
False,2016-08-04,9254770,190.0
False,2016-08-05,9254770,149.0
False,2016-08-06,9254770,149.0
False,2016-08-07,9254770,149.0
False,2016-08-08,9254770,149.0
False,2016-08-09,9254770,190.0
False,2016-08-10,9254770,190.0
False,2016-08-11,9254770,190.0
False,2016-08-12,9254770,190.0
False,2016-08-13,9254770,190.0
False,2016-08-14,9254770,190.0
False,2016-08-15,9254770,190.0
False,2016-08-16,9254770,190.0
False,2016-08-17,9254770,190.0
False,2016-08-18,9254770,190.0
False,2016-08-19,9254770,151.0
True,2016-08-20,9254770,149.0
False,2016-08-21,9254770,190.0
False,2016-08-22,9254770,190.0
False,2016-08-23,9254770,190.0
False,2016-08-24,9254770,190.0
False,2016-08-25,9254770,190.0
False,2016-08-26,9254770,162.0
False,2016-08-27,9254770,167.0
True,2016-08-28,9254770,149.0
False,2016-08-29,9254770,149.0
False,2016-08-30,9254770,149.0
False,2016-08-31,9254770,149.0
False,2016-09-01,9254770,149.0
True,2016-09-02,9254770,149.0
False,2016-09-03,9254770,160.0
False,2016-05-29,7309656,245.0
False,2016-05-30,7309656,245.0
True,2016-05-31,7309656,210.0
True,2016-06-01,7309656,210.0
True,2016-06-02,7309656,210.0
False,2016-06-03,7309656,330.0
False,2016-06-04,7309656,330.0
False,2016-06-05,7309656,295.0
False,2016-06-06,7309656,295.0
False,2016-06-07,7309656,295.0
False,2016-06-08,7309656,295.0
False,2016-06-09,7309656,295.0
True,2016-06-10,7309656,330.0
False,2016-06-11,7309656,330.0
False,2016-06-12,7309656,295.0
False,2016-06-13,7309656,295.0
False,2016-06-14,7309656,295.0
False,2016-06-15,7309656,295.0
False,2016-06-16,7309656,295.0
False,2016-06-17,7309656,330.0
False,2016-06-18,7309656,330.0
True,2016-06-19,7309656,245.0
True,2016-06-20,7309656,295.0
True,2016-06-21,7309656,295.0
False,2016-06-22,7309656,295.0
False,2016-06-23,7309656,295.0
False,2016-06-24,7309656,330.0
False,2016-06-25,7309656,330.0
False,2016-06-26,7309656,330.0
False,2016-06-27,7309656,295.0
True,2016-06-28,7309656,295.0
False,2016-06-29,7309656,245.0
False,2016-06-30,7309656,245.0
False,2016-07-01,7309656,245.0
False,2016-07-02,7309656,245.0
True,2016-07-03,7309656,232.0
True,2016-07-04,7309656,259.0
True,2016-07-05,7309656,205.0
False,2016-07-06,7309656,295.0
False,2016-07-07,7309656,295.0
False,2016-07-08,7309656,330.0
False,2016-07-09,7309656,330.0
False,2016-07-10,7309656,295.0
False,2016-07-11,7309656,295.0
False,2016-07-12,7309656,295.0
False,2016-07-13,7309656,295.0
False,2016-07-14,7309656,295.0
False,2016-07-15,7309656,330.0
False,2016-07-16,7309656,330.0
True,2016-07-17,7309656,295.0
False,2016-07-18,7309656,295.0
False,2016-07-19,7309656,295.0
False,2016-07-20,7309656,295.0
False,2016-07-21,7309656,295.0
False,2016-07-22,7309656,330.0
False,2016-07-23,7309656,330.0
True,2016-07-24,7309656,295.0
True,2016-07-25,7309656,295.0
False,2016-07-26,7309656,295.0
False,2016-07-27,7309656,295.0
False,2016-07-28,7309656,295.0
False,2016-07-29,7309656,330.0
True,2016-07-30,7309656,330.0
False,2016-07-31,7309656,295.0
False,2016-08-01,7309656,295.0
False,2016-08-02,7309656,295.0
False,2016-08-03,7309656,295.0
False,2016-08-04,7309656,295.0
False,2016-08-05,7309656,330.0
False,2016-08-06,7309656,330.0
True,2016-08-07,7309656,280.0
True,2016-08-08,7309656,280.0
False,2016-08-09,7309656,280.0
False,2016-08-10,7309656,280.0
False,2016-08-11,7309656,280.0
False,2016-08-12,7309656,330.0
False,2016-08-13,7309656,330.0
False,2016-08-14,7309656,295.0
False,2016-08-15,7309656,295.0
False,2016-08-16,7309656,295.0
False,2016-08-17,7309656,295.0
False,2016-08-18,7309656,295.0
False,2016-08-19,7309656,330.0
True,2016-08-20,7309656,330.0
True,2016-08-21,7309656,260.0
True,2016-08-22,7309656,260.0
True,2016-08-23,7309656,260.0
False,2016-08-24,7309656,260.0
False,2016-08-25,7309656,260.0
False,2016-08-26,7309656,330.0
True,2016-08-27,7309656,330.0
False,2016-08-28,7309656,295.0
False,2016-08-29,7309656,295.0
False,2016-08-30,7309656,295.0
False,2016-08-31,7309656,295.0
False,2016-09-01,7309656,295.0
True,2016-09-02,7309656,330.0
True,2016-09-03,7309656,330.0
True,2016-05-29,2628957,225.0
False,2016-05-30,2628957,236.0
False,2016-05-31,2628957,236.0
False,2016-06-01,2628957,245.0
False,2016-06-02,2628957,245.0
False,2016-06-03,2628957,225.0
False,2016-06-04,2628957,225.0
False,2016-06-05,2628957,225.0
False,2016-06-06,2628957,225.0
False,2016-06-07,2628957,225.0
False,2016-06-08,2628957,225.0
False,2016-06-09,2628957,225.0
False,2016-06-10,2628957,227.0
False,2016-06-11,2628957,228.0
False,2016-06-12,2628957,225.0
False,2016-06-13,2628957,245.0
False,2016-06-14,2628957,245.0
False,2016-06-15,2628957,225.0
False,2016-06-16,2628957,225.0
True,2016-06-17,2628957,225.0
False,2016-06-18,2628957,225.0
False,2016-06-19,2628957,225.0
False,2016-06-20,2628957,225.0
False,2016-06-21,2628957,225.0
False,2016-06-22,2628957,225.0
False,2016-06-23,2628957,225.0
False,2016-06-24,2628957,225.0
False,2016-06-25,2628957,225.0
False,2016-06-26,2628957,225.0
False,2016-06-27,2628957,225.0
False,2016-06-28,2628957,225.0
False,2016-06-29,2628957,225.0
False,2016-06-30,2628957,225.0
False,2016-07-01,2628957,225.0
False,2016-07-02,2628957,225.0
True,2016-07-03,2628957,225.0
False,2016-07-04,2628957,225.0
False,2016-07-05,2628957,225.0
False,2016-07-06,2628957,225.0
False,2016-07-07,2628957,225.0
False,2016-07-08,2628957,225.0
False,2016-07-09,2628957,225.0
False,2016-07-10,2628957,225.0
False,2016-07-11,2628957,225.0
False,2016-07-12,2628957,225.0
False,2016-07-13,2628957,225.0
False,2016-07-14,2628957,225.0
False,2016-07-15,2628957,225.0
False,2016-07-16,2628957,225.0
False,2016-07-17,2628957,225.0
False,2016-07-18,2628957,225.0
False,2016-07-19,2628957,225.0
False,2016-07-20,2628957,225.0
False,2016-07-21,2628957,225.0
False,2016-07-22,2628957,225.0
False,2016-07-23,2628957,225.0
False,2016-07-24,2628957,225.0
False,2016-07-25,2628957,225.0
False,2016-07-26,2628957,225.0
False,2016-07-27,2628957,225.0
False,2016-07-28,2628957,225.0
False,2016-07-29,2628957,225.0
False,2016-07-30,2628957,225.0
False,2016-07-31,2628957,225.0
False,2016-08-01,2628957,225.0
False,2016-08-02,2628957,225.0
False,2016-08-03,2628957,225.0
False,2016-08-04,2628957,225.0
False,2016-08-05,2628957,225.0
False,2016-08-06,2628957,225.0
False,2016-08-07,2628957,225.0
False,2016-08-08,2628957,225.0
False,2016-08-09,2628957,225.0
False,2016-08-10,2628957,225.0
False,2016-08-11,2628957,225.0
False,2016-08-12,2628957,225.0
False,2016-08-13,2628957,225.0
False,2016-08-14,2628957,225.0
False,2016-08-15,2628957,225.0
False,2016-08-16,2628957,225.0
False,2016-08-17,2628957,225.0
False,2016-08-18,2628957,225.0
False,2016-08-19,2628957,225.0
False,2016-08-20,2628957,225.0
False,2016-08-21,2628957,225.0
False,2016-08-22,2628957,225.0
False,2016-08-23,2628957,225.0
False,2016-08-24,2628957,225.0
False,2016-08-25,2628957,225.0
True,2016-08-26,2628957,250.0
True,2016-08-27,2628957,250.0
False,2016-08-28,2628957,225.0
False,2016-08-29,2628957,225.0
False,2016-08-30,2628957,225.0
False,2016-08-31,2628957,225.0
False,2016-09-01,2628957,225.0
False,2016-09-02,2628957,225.0
False,2016-09-03,2628957,225.0
False,2016-05-29,11119969,231.0
True,2016-05-30,11119969,201.0
True,2016-05-31,11119969,202.0
False,2016-06-01,11119969,288.0
False,2016-06-02,11119969,290.0
False,2016-06-03,11119969,294.0
False,2016-06-04,11119969,296.0
False,2016-06-05,11119969,296.0
False,2016-06-06,11119969,319.0
False,2016-06-07,11119969,327.0
True,2016-06-08,11119969,224.0
True,2016-06-09,11119969,232.0
False,2016-06-10,11119969,266.0
False,2016-06-11,11119969,274.0
False,2016-06-12,11119969,258.0
False,2016-06-13,11119969,258.0
False,2016-06-14,11119969,296.0
False,2016-06-15,11119969,301.0
False,2016-06-16,11119969,322.0
False,2016-06-17,11119969,300.0
True,2016-06-18,11119969,222.0
True,2016-06-19,11119969,208.0
True,2016-06-20,11119969,200.0
True,2016-06-21,11119969,200.0
True,2016-06-22,11119969,201.0
False,2016-06-23,11119969,314.0
False,2016-06-24,11119969,314.0
False,2016-06-25,11119969,305.0
False,2016-06-26,11119969,308.0
False,2016-06-27,11119969,243.0
False,2016-06-28,11119969,246.0
False,2016-06-29,11119969,258.0
True,2016-06-30,11119969,204.0
False,2016-07-01,11119969,301.0
False,2016-07-02,11119969,298.0
False,2016-07-03,11119969,296.0
False,2016-07-04,11119969,298.0
False,2016-07-05,11119969,301.0
False,2016-07-06,11119969,306.0
False,2016-07-07,11119969,307.0
False,2016-07-08,11119969,299.0
False,2016-07-09,11119969,296.0
False,2016-07-10,11119969,293.0
True,2016-07-11,11119969,207.0
False,2016-07-12,11119969,343.0
False,2016-07-13,11119969,347.0
False,2016-07-14,11119969,351.0
False,2016-07-15,11119969,355.0
False,2016-07-16,11119969,306.0
False,2016-07-17,11119969,302.0
False,2016-07-18,11119969,268.0
False,2016-07-19,11119969,269.0
False,2016-07-20,11119969,287.0
False,2016-07-21,11119969,313.0
False,2016-07-22,11119969,314.0
False,2016-07-23,11119969,313.0
False,2016-07-24,11119969,312.0
False,2016-07-25,11119969,254.0
False,2016-07-26,11119969,252.0
False,2016-07-27,11119969,264.0
False,2016-07-28,11119969,288.0
False,2016-07-29,11119969,278.0
False,2016-07-30,11119969,277.0
False,2016-07-31,11119969,272.0
False,2016-08-01,11119969,273.0
True,2016-08-02,11119969,256.0
True,2016-08-03,11119969,268.0
False,2016-08-04,11119969,350.0
False,2016-08-05,11119969,349.0
False,2016-08-06,11119969,343.0
False,2016-08-07,11119969,338.0
True,2016-08-08,11119969,275.0
False,2016-08-09,11119969,285.0
False,2016-08-10,11119969,277.0
False,2016-08-11,11119969,277.0
False,2016-08-12,11119969,277.0
False,2016-08-13,11119969,325.0
False,2016-08-14,11119969,321.0
False,2016-08-15,11119969,322.0
False,2016-08-16,11119969,335.0
False,2016-08-17,11119969,336.0
True,2016-08-18,11119969,273.0
False,2016-08-19,11119969,325.0
False,2016-08-20,11119969,321.0
False,2016-08-21,11119969,318.0
True,2016-08-22,11119969,255.0
True,2016-08-23,11119969,253.0
True,2016-08-24,11119969,255.0
False,2016-08-25,11119969,316.0
False,2016-08-26,11119969,313.0
False,2016-08-27,11119969,309.0
False,2016-08-28,11119969,304.0
True,2016-08-29,11119969,275.0
True,2016-08-30,11119969,272.0
False,2016-08-31,11119969,274.0
False,2016-09-01,11119969,278.0
False,2016-09-02,11119969,274.0
False,2016-09-03,11119969,276.0
False,2016-05-29,4323170,200.0
False,2016-05-30,4323170,200.0
False,2016-05-31,4323170,200.0
False,2016-06-01,4323170,200.0
False,2016-06-02,4323170,200.0
False,2016-06-03,4323170,200.0
False,2016-06-04,4323170,200.0
False,2016-06-05,4323170,200.0
False,2016-06-06,4323170,200.0
False,2016-06-07,4323170,200.0
False,2016-06-08,4323170,200.0
False,2016-06-09,4323170,200.0
False,2016-06-10,4323170,200.0
False,2016-06-11,4323170,200.0
False,2016-06-12,4323170,200.0
False,2016-06-13,4323170,200.0
False,2016-06-14,4323170,200.0
False,2016-06-15,4323170,200.0
False,2016-06-16,4323170,200.0
False,2016-06-17,4323170,200.0
False,2016-06-18,4323170,200.0
False,2016-06-19,4323170,200.0
False,2016-06-20,4323170,200.0
False,2016-06-21,4323170,200.0
False,2016-06-22,4323170,200.0
False,2016-06-23,4323170,200.0
False,2016-06-24,4323170,200.0
False,2016-06-25,4323170,200.0
False,2016-06-26,4323170,200.0
False,2016-06-27,4323170,200.0
False,2016-06-28,4323170,200.0
False,2016-06-29,4323170,200.0
False,2016-06-30,4323170,200.0
False,2016-07-01,4323170,200.0
False,2016-07-02,4323170,200.0
False,2016-07-03,4323170,200.0
False,2016-07-04,4323170,200.0
False,2016-07-05,4323170,200.0
False,2016-07-06,4323170,200.0
False,2016-07-07,4323170,200.0
False,2016-07-08,4323170,200.0
False,2016-07-09,4323170,200.0
False,2016-07-10,4323170,200.0
False,2016-07-11,4323170,200.0
False,2016-07-12,4323170,200.0
False,2016-07-13,4323170,200.0
False,2016-07-14,4323170,200.0
False,2016-07-15,4323170,200.0
False,2016-07-16,4323170,200.0
False,2016-07-17,4323170,200.0
False,2016-07-18,4323170,200.0
False,2016-07-19,4323170,200.0
False,2016-07-20,4323170,200.0
False,2016-07-21,4323170,200.0
False,2016-07-22,4323170,200.0
False,2016-07-23,4323170,200.0
False,2016-07-24,4323170,200.0
False,2016-07-25,4323170,200.0
False,2016-07-26,4323170,200.0
False,2016-07-27,4323170,200.0
False,2016-07-28,4323170,200.0
False,2016-07-29,4323170,200.0
False,2016-07-30,4323170,200.0
False,2016-07-31,4323170,200.0
False,2016-08-01,4323170,200.0
False,2016-08-02,4323170,200.0
False,2016-08-03,4323170,200.0
False,2016-08-04,4323170,200.0
False,2016-08-05,4323170,200.0
False,2016-08-06,4323170,200.0
False,2016-08-07,4323170,200.0
False,2016-08-08,4323170,200.0
False,2016-08-09,4323170,200.0
False,2016-08-10,4323170,200.0
False,2016-08-11,4323170,200.0
False,2016-08-12,4323170,200.0
False,2016-08-13,4323170,200.0
False,2016-08-14,4323170,200.0
False,2016-08-15,4323170,200.0
False,2016-08-16,4323170,200.0
False,2016-08-17,4323170,200.0
False,2016-08-18,4323170,200.0
False,2016-08-19,4323170,200.0
False,2016-08-20,4323170,200.0
False,2016-08-21,4323170,200.0
False,2016-08-22,4323170,200.0
False,2016-08-23,4323170,200.0
False,2016-08-24,4323170,200.0
False,2016-08-25,4323170,200.0
False,2016-08-26,4323170,200.0
False,2016-08-27,4323170,200.0
False,2016-08-28,4323170,200.0
False,2016-08-29,4323170,200.0
False,2016-08-30,4323170,200.0
False,2016-08-31,4323170,200.0
False,2016-09-01,4323170,200.0
False,2016-09-02,4323170,200.0
False,2016-09-03,4323170,200.0
False,2016-05-29,10700645,380.0
False,2016-05-30,10700645,380.0
False,2016-05-31,10700645,380.0
False,2016-06-01,10700645,380.0
False,2016-06-02,10700645,350.0
False,2016-06-03,10700645,350.0
False,2016-06-04,10700645,350.0
True,2016-06-05,10700645,350.0
False,2016-06-06,10700645,350.0
False,2016-06-07,10700645,350.0
False,2016-06-08,10700645,350.0
False,2016-06-09,10700645,420.0
False,2016-06-10,10700645,420.0
False,2016-06-11,10700645,420.0
False,2016-06-12,10700645,420.0
False,2016-06-13,10700645,420.0
True,2016-06-14,10700645,380.0
False,2016-06-15,10700645,380.0
False,2016-06-16,10700645,380.0
False,2016-06-17,10700645,380.0
False,2016-06-18,10700645,380.0
False,2016-06-19,10700645,380.0
False,2016-06-20,10700645,380.0
False,2016-06-21,10700645,380.0
False,2016-06-22,10700645,380.0
False,2016-06-23,10700645,380.0
False,2016-06-24,10700645,380.0
False,2016-06-25,10700645,380.0
False,2016-06-26,10700645,380.0
False,2016-06-27,10700645,380.0
False,2016-06-28,10700645,380.0
False,2016-06-29,10700645,380.0
False,2016-06-30,10700645,380.0
False,2016-07-01,10700645,380.0
False,2016-07-02,10700645,380.0
False,2016-07-03,10700645,350.0
False,2016-07-04,10700645,350.0
False,2016-07-05,10700645,350.0
False,2016-07-06,10700645,350.0
False,2016-07-07,10700645,350.0
False,2016-07-08,10700645,350.0
False,2016-07-09,10700645,350.0
False,2016-07-10,10700645,350.0
False,2016-07-11,10700645,350.0
False,2016-07-12,10700645,350.0
False,2016-07-13,10700645,350.0
False,2016-07-14,10700645,350.0
False,2016-07-15,10700645,350.0
False,2016-07-16,10700645,350.0
False,2016-07-17,10700645,350.0
False,2016-07-18,10700645,400.0
False,2016-07-19,10700645,400.0
False,2016-07-20,10700645,400.0
False,2016-07-21,10700645,380.0
False,2016-07-22,10700645,380.0
False,2016-07-23,10700645,380.0
False,2016-07-24,10700645,380.0
False,2016-07-25,10700645,380.0
False,2016-07-26,10700645,380.0
False,2016-07-27,10700645,380.0
False,2016-07-28,10700645,400.0
False,2016-07-29,10700645,400.0
False,2016-07-30,10700645,400.0
True,2016-07-31,10700645,400.0
True,2016-08-01,10700645,400.0
True,2016-08-02,10700645,400.0
False,2016-08-03,10700645,420.0
False,2016-08-04,10700645,480.0
False,2016-08-05,10700645,500.0
False,2016-08-06,10700645,500.0
False,2016-08-07,10700645,420.0
False,2016-08-08,10700645,420.0
False,2016-08-09,10700645,420.0
False,2016-08-10,10700645,420.0
False,2016-08-11,10700645,420.0
False,2016-08-12,10700645,450.0
True,2016-08-13,10700645,450.0
False,2016-08-14,10700645,450.0
False,2016-08-15,10700645,450.0
False,2016-08-16,10700645,450.0
False,2016-08-17,10700645,450.0
True,2016-08-18,10700645,420.0
True,2016-08-19,10700645,420.0
False,2016-08-20,10700645,420.0
False,2016-08-21,10700645,420.0
False,2016-08-22,10700645,420.0
False,2016-08-23,10700645,420.0
False,2016-08-24,10700645,420.0
False,2016-08-25,10700645,420.0
False,2016-08-26,10700645,420.0
False,2016-08-27,10700645,420.0
False,2016-08-28,10700645,420.0
False,2016-08-29,10700645,420.0
False,2016-08-30,10700645,420.0
False,2016-08-31,10700645,420.0
False,2016-09-01,10700645,350.0
False,2016-09-02,10700645,350.0
False,2016-09-03,10700645,350.0
False,2016-05-29,10829670,490.0
False,2016-05-30,10829670,490.0
False,2016-05-31,10829670,490.0
False,2016-06-01,10829670,490.0
False,2016-06-02,10829670,490.0
False,2016-06-03,10829670,490.0
False,2016-06-04,10829670,490.0
False,2016-06-05,10829670,490.0
False,2016-06-06,10829670,490.0
False,2016-06-07,10829670,490.0
False,2016-06-08,10829670,490.0
False,2016-06-09,10829670,490.0
False,2016-06-10,10829670,490.0
False,2016-06-11,10829670,490.0
False,2016-06-12,10829670,490.0
False,2016-06-13,10829670,490.0
False,2016-06-14,10829670,490.0
False,2016-06-15,10829670,490.0
False,2016-06-16,10829670,490.0
False,2016-06-17,10829670,490.0
False,2016-06-18,10829670,490.0
False,2016-06-19,10829670,490.0
False,2016-06-20,10829670,490.0
False,2016-06-21,10829670,490.0
False,2016-06-22,10829670,490.0
False,2016-06-23,10829670,490.0
False,2016-06-24,10829670,490.0
False,2016-06-25,10829670,490.0
False,2016-06-26,10829670,490.0
False,2016-06-27,10829670,490.0
False,2016-06-28,10829670,490.0
False,2016-06-29,10829670,490.0
False,2016-06-30,10829670,490.0
False,2016-07-01,10829670,490.0
False,2016-07-02,10829670,490.0
False,2016-07-03,10829670,490.0
False,2016-07-04,10829670,490.0
False,2016-07-05,10829670,490.0
False,2016-07-06,10829670,490.0
False,2016-07-07,10829670,490.0
False,2016-07-08,10829670,490.0
False,2016-07-09,10829670,490.0
False,2016-07-10,10829670,490.0
False,2016-07-11,10829670,490.0
False,2016-07-12,10829670,490.0
False,2016-07-13,10829670,490.0
False,2016-07-14,10829670,490.0
False,2016-07-15,10829670,490.0
False,2016-07-16,10829670,490.0
False,2016-07-17,10829670,490.0
False,2016-07-18,10829670,490.0
False,2016-07-19,10829670,490.0
False,2016-07-20,10829670,490.0
False,2016-07-21,10829670,490.0
False,2016-07-22,10829670,490.0
False,2016-07-23,10829670,490.0
False,2016-07-24,10829670,490.0
False,2016-07-25,10829670,490.0
False,2016-07-26,10829670,490.0
False,2016-07-27,10829670,490.0
False,2016-07-28,10829670,490.0
False,2016-07-29,10829670,490.0
False,2016-07-30,10829670,490.0
False,2016-07-31,10829670,490.0
False,2016-08-01,10829670,490.0
False,2016-08-02,10829670,490.0
False,2016-08-03,10829670,490.0
False,2016-08-04,10829670,490.0
False,2016-08-05,10829670,490.0
False,2016-08-06,10829670,490.0
False,2016-08-07,10829670,490.0
False,2016-08-08,10829670,490.0
False,2016-08-09,10829670,490.0
False,2016-08-10,10829670,490.0
False,2016-08-11,10829670,490.0
False,2016-08-12,10829670,490.0
False,2016-08-13,10829670,490.0
False,2016-08-14,10829670,490.0
False,2016-08-15,10829670,490.0
False,2016-08-16,10829670,490.0
False,2016-08-17,10829670,490.0
False,2016-08-18,10829670,490.0
False,2016-08-19,10829670,490.0
False,2016-08-20,10829670,490.0
False,2016-08-21,10829670,490.0
False,2016-08-22,10829670,490.0
False,2016-08-23,10829670,490.0
False,2016-08-24,10829670,490.0
False,2016-08-25,10829670,490.0
False,2016-08-26,10829670,490.0
False,2016-08-27,10829670,490.0
False,2016-08-28,10829670,490.0
False,2016-08-29,10829670,490.0
False,2016-08-30,10829670,490.0
False,2016-08-31,10829670,490.0
False,2016-09-01,10829670,490.0
False,2016-09-02,10829670,490.0
False,2016-09-03,10829670,490.0
False,2016-05-29,7478631,150.0
False,2016-05-30,7478631,150.0
False,2016-05-31,7478631,115.0
False,2016-06-01,7478631,150.0
False,2016-06-02,7478631,150.0
False,2016-06-03,7478631,165.0
False,2016-06-04,7478631,165.0
False,2016-06-05,7478631,150.0
False,2016-06-06,7478631,150.0
False,2016-06-07,7478631,150.0
False,2016-06-08,7478631,150.0
False,2016-06-09,7478631,150.0
False,2016-06-10,7478631,165.0
False,2016-06-11,7478631,165.0
False,2016-06-12,7478631,150.0
False,2016-06-13,7478631,150.0
False,2016-06-14,7478631,150.0
False,2016-06-15,7478631,150.0
False,2016-06-16,7478631,150.0
False,2016-06-17,7478631,165.0
False,2016-06-18,7478631,165.0
False,2016-06-19,7478631,150.0
False,2016-06-20,7478631,150.0
False,2016-06-21,7478631,150.0
False,2016-06-22,7478631,150.0
False,2016-06-23,7478631,150.0
False,2016-06-24,7478631,165.0
False,2016-06-25,7478631,165.0
False,2016-06-26,7478631,150.0
False,2016-06-27,7478631,150.0
False,2016-06-28,7478631,150.0
False,2016-06-29,7478631,150.0
False,2016-06-30,7478631,150.0
False,2016-07-01,7478631,165.0
False,2016-07-02,7478631,165.0
False,2016-07-03,7478631,165.0
False,2016-07-04,7478631,165.0
False,2016-07-05,7478631,150.0
False,2016-07-06,7478631,150.0
False,2016-07-07,7478631,150.0
False,2016-07-08,7478631,165.0
False,2016-07-09,7478631,165.0
False,2016-07-10,7478631,150.0
False,2016-07-11,7478631,150.0
False,2016-07-12,7478631,150.0
False,2016-07-13,7478631,150.0
False,2016-07-14,7478631,150.0
False,2016-07-15,7478631,165.0
False,2016-07-16,7478631,165.0
False,2016-07-17,7478631,150.0
False,2016-07-18,7478631,150.0
False,2016-07-19,7478631,150.0
False,2016-07-20,7478631,150.0
False,2016-07-21,7478631,150.0
False,2016-07-22,7478631,165.0
False,2016-07-23,7478631,165.0
False,2016-07-24,7478631,150.0
False,2016-07-25,7478631,150.0
False,2016-07-26,7478631,150.0
False,2016-07-27,7478631,150.0
False,2016-07-28,7478631,150.0
False,2016-07-29,7478631,165.0
False,2016-07-30,7478631,165.0
False,2016-07-31,7478631,150.0
False,2016-08-01,7478631,150.0
False,2016-08-02,7478631,150.0
False,2016-08-03,7478631,150.0
False,2016-08-04,7478631,150.0
False,2016-08-05,7478631,165.0
False,2016-08-06,7478631,165.0
False,2016-08-07,7478631,150.0
False,2016-08-08,7478631,150.0
False,2016-08-09,7478631,150.0
False,2016-08-10,7478631,150.0
False,2016-08-11,7478631,185.0
False,2016-08-12,7478631,165.0
False,2016-08-13,7478631,165.0
False,2016-08-14,7478631,185.0
False,2016-08-15,7478631,150.0
False,2016-08-16,7478631,150.0
False,2016-08-17,7478631,150.0
False,2016-08-18,7478631,150.0
False,2016-08-19,7478631,165.0
False,2016-08-20,7478631,165.0
False,2016-08-21,7478631,150.0
False,2016-08-22,7478631,150.0
False,2016-08-23,7478631,150.0
False,2016-08-24,7478631,150.0
False,2016-08-25,7478631,150.0
False,2016-08-26,7478631,165.0
False,2016-08-27,7478631,165.0
False,2016-08-28,7478631,150.0
False,2016-08-29,7478631,150.0
False,2016-08-30,7478631,150.0
False,2016-08-31,7478631,150.0
False,2016-09-01,7478631,150.0
False,2016-09-02,7478631,165.0
False,2016-09-03,7478631,165.0
False,2016-05-29,12845136,450.0
False,2016-05-30,12845136,450.0
False,2016-05-31,12845136,450.0
False,2016-06-01,12845136,450.0
False,2016-06-02,12845136,450.0
False,2016-06-03,12845136,450.0
False,2016-06-04,12845136,450.0
False,2016-06-05,12845136,450.0
False,2016-06-06,12845136,450.0
False,2016-06-07,12845136,450.0
False,2016-06-08,12845136,450.0
False,2016-06-09,12845136,450.0
False,2016-06-10,12845136,450.0
False,2016-06-11,12845136,450.0
False,2016-06-12,12845136,450.0
False,2016-06-13,12845136,450.0
False,2016-06-14,12845136,450.0
False,2016-06-15,12845136,450.0
False,2016-06-16,12845136,450.0
False,2016-06-17,12845136,450.0
False,2016-06-18,12845136,450.0
False,2016-06-19,12845136,450.0
False,2016-06-20,12845136,450.0
False,2016-06-21,12845136,450.0
False,2016-06-22,12845136,450.0
False,2016-06-23,12845136,450.0
False,2016-06-24,12845136,450.0
False,2016-06-25,12845136,450.0
False,2016-06-26,12845136,450.0
True,2016-06-27,12845136,240.0
False,2016-06-28,12845136,450.0
False,2016-06-29,12845136,450.0
False,2016-06-30,12845136,450.0
False,2016-07-01,12845136,450.0
False,2016-07-02,12845136,450.0
False,2016-07-03,12845136,450.0
False,2016-07-04,12845136,450.0
False,2016-07-05,12845136,450.0
False,2016-07-06,12845136,450.0
False,2016-07-07,12845136,450.0
False,2016-07-08,12845136,450.0
False,2016-07-09,12845136,450.0
False,2016-07-10,12845136,450.0
False,2016-07-11,12845136,450.0
False,2016-07-12,12845136,450.0
False,2016-07-13,12845136,450.0
True,2016-07-14,12845136,487.0
True,2016-07-15,12845136,325.0
False,2016-07-16,12845136,450.0
False,2016-07-17,12845136,450.0
False,2016-07-18,12845136,450.0
False,2016-07-19,12845136,450.0
False,2016-07-20,12845136,450.0
False,2016-07-21,12845136,450.0
False,2016-07-22,12845136,450.0
False,2016-07-23,12845136,450.0
False,2016-07-24,12845136,492.0
False,2016-07-25,12845136,492.0
False,2016-07-26,12845136,492.0
False,2016-07-27,12845136,493.0
False,2016-07-28,12845136,493.0
False,2016-07-29,12845136,493.0
False,2016-07-30,12845136,493.0
True,2016-07-31,12845136,494.0
True,2016-08-01,12845136,419.0
True,2016-08-02,12845136,420.0
False,2016-08-03,12845136,450.0
False,2016-08-04,12845136,450.0
False,2016-08-05,12845136,450.0
False,2016-08-06,12845136,450.0
False,2016-08-07,12845136,450.0
False,2016-08-08,12845136,450.0
False,2016-08-09,12845136,450.0
False,2016-08-10,12845136,450.0
True,2016-08-11,12845136,450.0
True,2016-08-12,12845136,450.0
False,2016-08-13,12845136,450.0
False,2016-08-14,12845136,450.0
False,2016-08-15,12845136,450.0
False,2016-08-16,12845136,450.0
False,2016-08-17,12845136,450.0
False,2016-08-18,12845136,450.0
False,2016-08-19,12845136,450.0
True,2016-08-20,12845136,450.0
True,2016-08-21,12845136,450.0
True,2016-08-22,12845136,450.0
True,2016-08-23,12845136,450.0
True,2016-08-24,12845136,450.0
False,2016-08-25,12845136,450.0
False,2016-08-26,12845136,450.0
False,2016-08-27,12845136,450.0
False,2016-08-28,12845136,450.0
False,2016-08-29,12845136,450.0
False,2016-08-30,12845136,450.0
False,2016-08-31,12845136,450.0
True,2016-09-01,12845136,451.0
True,2016-09-02,12845136,503.0
True,2016-09-03,12845136,503.0
False,2016-05-29,8202603,271.0
False,2016-05-30,8202603,267.0
False,2016-05-31,8202603,267.0
False,2016-06-01,8202603,320.0
False,2016-06-02,8202603,350.0
True,2016-06-03,8202603,350.0
False,2016-06-04,8202603,350.0
False,2016-06-05,8202603,350.0
False,2016-06-06,8202603,318.0
False,2016-06-07,8202603,318.0
False,2016-06-08,8202603,350.0
False,2016-06-09,8202603,350.0
False,2016-06-10,8202603,350.0
False,2016-06-11,8202603,350.0
False,2016-06-12,8202603,350.0
False,2016-06-13,8202603,329.0
False,2016-06-14,8202603,329.0
False,2016-06-15,8202603,350.0
False,2016-06-16,8202603,350.0
False,2016-06-17,8202603,350.0
False,2016-06-18,8202603,350.0
False,2016-06-19,8202603,350.0
False,2016-06-20,8202603,320.0
False,2016-06-21,8202603,320.0
True,2016-06-22,8202603,350.0
False,2016-06-23,8202603,350.0
False,2016-06-24,8202603,350.0
False,2016-06-25,8202603,350.0
False,2016-06-26,8202603,350.0
False,2016-06-27,8202603,350.0
True,2016-06-28,8202603,350.0
False,2016-06-29,8202603,350.0
False,2016-06-30,8202603,350.0
False,2016-07-01,8202603,350.0
False,2016-07-02,8202603,350.0
False,2016-07-03,8202603,350.0
False,2016-07-04,8202603,350.0
False,2016-07-05,8202603,350.0
True,2016-07-06,8202603,350.0
False,2016-07-07,8202603,350.0
False,2016-07-08,8202603,350.0
False,2016-07-09,8202603,350.0
False,2016-07-10,8202603,350.0
False,2016-07-11,8202603,350.0
True,2016-07-12,8202603,350.0
False,2016-07-13,8202603,350.0
False,2016-07-14,8202603,350.0
False,2016-07-15,8202603,350.0
False,2016-07-16,8202603,350.0
False,2016-07-17,8202603,350.0
False,2016-07-18,8202603,350.0
False,2016-07-19,8202603,350.0
True,2016-07-20,8202603,350.0
False,2016-07-21,8202603,350.0
False,2016-07-22,8202603,350.0
False,2016-07-23,8202603,350.0
False,2016-07-24,8202603,350.0
False,2016-07-25,8202603,350.0
False,2016-07-26,8202603,350.0
False,2016-07-27,8202603,350.0
False,2016-07-28,8202603,350.0
False,2016-07-29,8202603,350.0
False,2016-07-30,8202603,350.0
False,2016-07-31,8202603,350.0
False,2016-08-01,8202603,350.0
False,2016-08-02,8202603,350.0
False,2016-08-03,8202603,350.0
True,2016-08-04,8202603,350.0
False,2016-08-05,8202603,350.0
False,2016-08-06,8202603,350.0
False,2016-08-07,8202603,350.0
True,2016-08-08,8202603,350.0
True,2016-08-09,8202603,350.0
False,2016-08-10,8202603,350.0
False,2016-08-11,8202603,350.0
False,2016-08-12,8202603,350.0
False,2016-08-13,8202603,350.0
False,2016-08-14,8202603,350.0
False,2016-08-15,8202603,350.0
False,2016-08-16,8202603,350.0
False,2016-08-17,8202603,350.0
False,2016-08-18,8202603,350.0
False,2016-08-19,8202603,350.0
False,2016-08-20,8202603,350.0
False,2016-08-21,8202603,350.0
True,2016-08-22,8202603,350.0
False,2016-08-23,8202603,350.0
False,2016-08-24,8202603,350.0
False,2016-08-25,8202603,350.0
True,2016-08-26,8202603,350.0
False,2016-08-27,8202603,350.0
False,2016-08-28,8202603,350.0
False,2016-08-29,8202603,350.0
False,2016-08-30,8202603,350.0
True,2016-08-31,8202603,350.0
True,2016-09-01,8202603,375.0
True,2016-09-02,8202603,375.0
False,2016-09-03,8202603,375.0
False,2016-05-29,12173458,222.0
False,2016-05-30,12173458,222.0
False,2016-05-31,12173458,222.0
False,2016-06-01,12173458,222.0
True,2016-06-02,12173458,222.0
True,2016-06-03,12173458,222.0
False,2016-06-04,12173458,222.0
False,2016-06-05,12173458,222.0
False,2016-06-06,12173458,222.0
False,2016-06-07,12173458,222.0
False,2016-06-08,12173458,222.0
False,2016-06-09,12173458,222.0
False,2016-06-10,12173458,222.0
False,2016-06-11,12173458,222.0
False,2016-06-12,12173458,222.0
False,2016-06-13,12173458,222.0
False,2016-06-14,12173458,222.0
False,2016-06-15,12173458,222.0
False,2016-06-16,12173458,222.0
False,2016-06-17,12173458,222.0
False,2016-06-18,12173458,222.0
False,2016-06-19,12173458,222.0
False,2016-06-20,12173458,222.0
False,2016-06-21,12173458,222.0
False,2016-06-22,12173458,222.0
False,2016-06-23,12173458,222.0
False,2016-06-24,12173458,222.0
False,2016-06-25,12173458,222.0
True,2016-06-26,12173458,222.0
False,2016-06-27,12173458,177.0
False,2016-06-28,12173458,177.0
False,2016-06-29,12173458,177.0
True,2016-06-30,12173458,177.0
True,2016-07-01,12173458,195.0
True,2016-07-02,12173458,195.0
True,2016-07-03,12173458,195.0
True,2016-07-04,12173458,195.0
True,2016-07-05,12173458,195.0
True,2016-07-06,12173458,195.0
True,2016-07-07,12173458,195.0
False,2016-07-08,12173458,222.0
False,2016-07-09,12173458,222.0
True,2016-07-10,12173458,222.0
True,2016-07-11,12173458,222.0
False,2016-07-12,12173458,222.0
False,2016-07-13,12173458,222.0
True,2016-07-14,12173458,222.0
True,2016-07-15,12173458,222.0
False,2016-07-16,12173458,222.0
False,2016-07-17,12173458,222.0
False,2016-07-18,12173458,222.0
False,2016-07-19,12173458,222.0
False,2016-07-20,12173458,222.0
False,2016-07-21,12173458,222.0
False,2016-07-22,12173458,222.0
False,2016-07-23,12173458,222.0
False,2016-07-24,12173458,222.0
True,2016-07-25,12173458,222.0
True,2016-07-26,12173458,222.0
False,2016-07-27,12173458,222.0
False,2016-07-28,12173458,222.0
True,2016-07-29,12173458,222.0
False,2016-07-30,12173458,222.0
False,2016-07-31,12173458,222.0
True,2016-08-01,12173458,222.0
True,2016-08-02,12173458,222.0
False,2016-08-03,12173458,222.0
False,2016-08-04,12173458,222.0
False,2016-08-05,12173458,222.0
False,2016-08-06,12173458,222.0
False,2016-08-07,12173458,222.0
True,2016-08-08,12173458,222.0
True,2016-08-09,12173458,222.0
True,2016-08-10,12173458,222.0
True,2016-08-11,12173458,222.0
True,2016-08-12,12173458,222.0
True,2016-08-13,12173458,222.0
True,2016-08-14,12173458,222.0
True,2016-08-15,12173458,222.0
True,2016-08-16,12173458,222.0
True,2016-08-17,12173458,222.0
False,2016-08-18,12173458,222.0
False,2016-08-19,12173458,222.0
False,2016-08-20,12173458,222.0
False,2016-08-21,12173458,222.0
False,2016-08-22,12173458,222.0
False,2016-08-23,12173458,222.0
False,2016-08-24,12173458,222.0
False,2016-08-25,12173458,222.0
False,2016-08-26,12173458,222.0
False,2016-08-27,12173458,222.0
False,2016-08-28,12173458,222.0
False,2016-08-29,12173458,222.0
False,2016-08-30,12173458,222.0
False,2016-08-31,12173458,222.0
False,2016-09-01,12173458,222.0
False,2016-09-02,12173458,222.0
True,2016-09-03,12173458,222.0
False,2016-05-29,10830702,300.0
False,2016-05-30,10830702,300.0
False,2016-05-31,10830702,300.0
False,2016-06-01,10830702,300.0
False,2016-06-02,10830702,300.0
False,2016-06-03,10830702,300.0
False,2016-06-04,10830702,300.0
False,2016-06-05,10830702,300.0
False,2016-06-06,10830702,300.0
False,2016-06-07,10830702,300.0
False,2016-06-08,10830702,300.0
False,2016-06-09,10830702,300.0
False,2016-06-10,10830702,300.0
False,2016-06-11,10830702,300.0
False,2016-06-12,10830702,300.0
False,2016-06-13,10830702,300.0
False,2016-06-14,10830702,300.0
False,2016-06-15,10830702,300.0
False,2016-06-16,10830702,300.0
False,2016-06-17,10830702,300.0
False,2016-06-18,10830702,300.0
False,2016-06-19,10830702,300.0
False,2016-06-20,10830702,300.0
False,2016-06-21,10830702,300.0
False,2016-06-22,10830702,300.0
False,2016-06-23,10830702,300.0
False,2016-06-24,10830702,300.0
False,2016-06-25,10830702,300.0
False,2016-06-26,10830702,300.0
False,2016-06-27,10830702,300.0
False,2016-06-28,10830702,300.0
False,2016-06-29,10830702,300.0
False,2016-06-30,10830702,300.0
False,2016-07-01,10830702,300.0
False,2016-07-02,10830702,300.0
False,2016-07-03,10830702,300.0
False,2016-07-04,10830702,300.0
False,2016-07-05,10830702,300.0
False,2016-07-06,10830702,300.0
False,2016-07-07,10830702,300.0
False,2016-07-08,10830702,300.0
False,2016-07-09,10830702,300.0
False,2016-07-10,10830702,300.0
False,2016-07-11,10830702,300.0
False,2016-07-12,10830702,300.0
False,2016-07-13,10830702,300.0
False,2016-07-14,10830702,300.0
False,2016-07-15,10830702,300.0
False,2016-07-16,10830702,300.0
False,2016-07-17,10830702,300.0
False,2016-07-18,10830702,300.0
False,2016-07-19,10830702,300.0
False,2016-07-20,10830702,300.0
False,2016-07-21,10830702,300.0
False,2016-07-22,10830702,300.0
False,2016-07-23,10830702,300.0
False,2016-07-24,10830702,300.0
False,2016-07-25,10830702,300.0
False,2016-07-26,10830702,300.0
False,2016-07-27,10830702,300.0
False,2016-07-28,10830702,300.0
False,2016-07-29,10830702,300.0
False,2016-07-30,10830702,300.0
False,2016-07-31,10830702,300.0
False,2016-08-01,10830702,300.0
False,2016-08-02,10830702,300.0
False,2016-08-03,10830702,300.0
False,2016-08-04,10830702,300.0
False,2016-08-05,10830702,300.0
False,2016-08-06,10830702,300.0
False,2016-08-07,10830702,300.0
False,2016-08-08,10830702,300.0
False,2016-08-09,10830702,300.0
False,2016-08-10,10830702,300.0
False,2016-08-11,10830702,300.0
False,2016-08-12,10830702,300.0
False,2016-08-13,10830702,300.0
False,2016-08-14,10830702,300.0
False,2016-08-15,10830702,300.0
False,2016-08-16,10830702,300.0
False,2016-08-17,10830702,300.0
False,2016-08-18,10830702,300.0
False,2016-08-19,10830702,300.0
False,2016-08-20,10830702,300.0
False,2016-08-21,10830702,300.0
False,2016-08-22,10830702,300.0
False,2016-08-23,10830702,300.0
False,2016-08-24,10830702,300.0
False,2016-08-25,10830702,300.0
False,2016-08-26,10830702,300.0
False,2016-08-27,10830702,300.0
False,2016-08-28,10830702,300.0
False,2016-08-29,10830702,300.0
False,2016-08-30,10830702,300.0
False,2016-08-31,10830702,300.0
False,2016-09-01,10830702,300.0
False,2016-09-02,10830702,300.0
False,2016-09-03,10830702,300.0
False,2016-05-29,11845487,140.0
False,2016-05-30,11845487,140.0
True,2016-05-31,11845487,140.0
True,2016-06-01,11845487,140.0
False,2016-06-02,11845487,140.0
False,2016-06-03,11845487,140.0
False,2016-06-04,11845487,140.0
False,2016-06-05,11845487,140.0
False,2016-06-06,11845487,110.0
False,2016-06-07,11845487,110.0
False,2016-06-08,11845487,110.0
False,2016-06-09,11845487,110.0
False,2016-06-10,11845487,110.0
False,2016-06-11,11845487,110.0
False,2016-06-12,11845487,110.0
False,2016-06-13,11845487,110.0
False,2016-06-14,11845487,110.0
False,2016-06-15,11845487,110.0
False,2016-06-16,11845487,110.0
False,2016-06-17,11845487,110.0
False,2016-06-18,11845487,110.0
False,2016-06-19,11845487,110.0
False,2016-06-20,11845487,110.0
False,2016-06-21,11845487,110.0
False,2016-06-22,11845487,110.0
False,2016-06-23,11845487,140.0
False,2016-06-24,11845487,140.0
False,2016-06-25,11845487,140.0
True,2016-06-26,11845487,140.0
False,2016-06-27,11845487,140.0
False,2016-06-28,11845487,140.0
False,2016-06-29,11845487,140.0
False,2016-06-30,11845487,130.0
False,2016-07-01,11845487,130.0
False,2016-07-02,11845487,140.0
False,2016-07-03,11845487,140.0
False,2016-07-04,11845487,140.0
False,2016-07-05,11845487,140.0
True,2016-07-06,11845487,140.0
True,2016-07-07,11845487,140.0
False,2016-07-08,11845487,130.0
False,2016-07-09,11845487,130.0
False,2016-07-10,11845487,130.0
True,2016-07-11,11845487,140.0
False,2016-07-12,11845487,140.0
False,2016-07-13,11845487,140.0
False,2016-07-14,11845487,140.0
False,2016-07-15,11845487,140.0
True,2016-07-16,11845487,140.0
False,2016-07-17,11845487,140.0
False,2016-07-18,11845487,140.0
False,2016-07-19,11845487,140.0
False,2016-07-20,11845487,140.0
True,2016-07-21,11845487,140.0
False,2016-07-22,11845487,140.0
False,2016-07-23,11845487,140.0
False,2016-07-24,11845487,140.0
True,2016-07-25,11845487,140.0
False,2016-07-26,11845487,140.0
False,2016-07-27,11845487,140.0
False,2016-07-28,11845487,140.0
False,2016-07-29,11845487,140.0
False,2016-07-30,11845487,140.0
False,2016-07-31,11845487,140.0
False,2016-08-01,11845487,140.0
False,2016-08-02,11845487,140.0
False,2016-08-03,11845487,140.0
False,2016-08-04,11845487,140.0
True,2016-08-05,11845487,140.0
False,2016-08-06,11845487,140.0
False,2016-08-07,11845487,140.0
False,2016-08-08,11845487,140.0
False,2016-08-09,11845487,140.0
False,2016-08-10,11845487,140.0
False,2016-08-11,11845487,140.0
False,2016-08-12,11845487,140.0
False,2016-08-13,11845487,140.0
False,2016-08-14,11845487,140.0
False,2016-08-15,11845487,140.0
True,2016-08-16,11845487,140.0
False,2016-08-17,11845487,140.0
False,2016-08-18,11845487,140.0
False,2016-08-19,11845487,140.0
False,2016-08-20,11845487,140.0
False,2016-08-21,11845487,140.0
False,2016-08-22,11845487,140.0
False,2016-08-23,11845487,140.0
False,2016-08-24,11845487,140.0
False,2016-08-25,11845487,140.0
True,2016-08-26,11845487,140.0
False,2016-08-27,11845487,140.0
False,2016-08-28,11845487,140.0
False,2016-08-29,11845487,140.0
True,2016-08-30,11845487,140.0
True,2016-08-31,11845487,140.0
True,2016-09-01,11845487,140.0
False,2016-09-02,11845487,140.0
False,2016-09-03,11845487,140.0
False,2016-05-29,7134576,380.0
False,2016-05-30,7134576,380.0
False,2016-05-31,7134576,380.0
False,2016-06-01,7134576,380.0
False,2016-06-02,7134576,380.0
False,2016-06-03,7134576,350.0
False,2016-06-04,7134576,350.0
False,2016-06-05,7134576,380.0
False,2016-06-06,7134576,380.0
False,2016-06-07,7134576,380.0
True,2016-06-08,7134576,380.0
True,2016-06-09,7134576,380.0
False,2016-06-10,7134576,350.0
False,2016-06-11,7134576,350.0
False,2016-06-12,7134576,380.0
False,2016-06-13,7134576,380.0
False,2016-06-14,7134576,380.0
False,2016-06-15,7134576,380.0
False,2016-06-16,7134576,380.0
False,2016-06-17,7134576,350.0
False,2016-06-18,7134576,350.0
False,2016-06-19,7134576,380.0
False,2016-06-20,7134576,380.0
False,2016-06-21,7134576,380.0
False,2016-06-22,7134576,380.0
False,2016-06-23,7134576,380.0
False,2016-06-24,7134576,350.0
False,2016-06-25,7134576,350.0
False,2016-06-26,7134576,380.0
False,2016-06-27,7134576,380.0
False,2016-06-28,7134576,380.0
False,2016-06-29,7134576,380.0
False,2016-06-30,7134576,380.0
False,2016-07-01,7134576,350.0
False,2016-07-02,7134576,350.0
False,2016-07-03,7134576,380.0
True,2016-07-04,7134576,380.0
False,2016-07-05,7134576,380.0
False,2016-07-06,7134576,380.0
False,2016-07-07,7134576,380.0
False,2016-07-08,7134576,350.0
False,2016-07-09,7134576,350.0
True,2016-07-10,7134576,380.0
False,2016-07-11,7134576,380.0
False,2016-07-12,7134576,380.0
False,2016-07-13,7134576,380.0
False,2016-07-14,7134576,380.0
False,2016-07-15,7134576,350.0
False,2016-07-16,7134576,350.0
False,2016-07-17,7134576,380.0
False,2016-07-18,7134576,380.0
False,2016-07-19,7134576,380.0
False,2016-07-20,7134576,380.0
False,2016-07-21,7134576,380.0
False,2016-07-22,7134576,350.0
False,2016-07-23,7134576,350.0
False,2016-07-24,7134576,380.0
False,2016-07-25,7134576,380.0
True,2016-07-26,7134576,380.0
True,2016-07-27,7134576,380.0
False,2016-07-28,7134576,380.0
False,2016-07-29,7134576,350.0
False,2016-07-30,7134576,350.0
False,2016-07-31,7134576,380.0
False,2016-08-01,7134576,380.0
True,2016-08-02,7134576,380.0
False,2016-08-03,7134576,380.0
False,2016-08-04,7134576,380.0
False,2016-08-05,7134576,350.0
False,2016-08-06,7134576,350.0
False,2016-08-07,7134576,380.0
False,2016-08-08,7134576,380.0
False,2016-08-09,7134576,380.0
False,2016-08-10,7134576,380.0
True,2016-08-11,7134576,380.0
False,2016-08-12,7134576,350.0
False,2016-08-13,7134576,350.0
False,2016-08-14,7134576,380.0
False,2016-08-15,7134576,380.0
False,2016-08-16,7134576,380.0
False,2016-08-17,7134576,380.0
False,2016-08-18,7134576,380.0
False,2016-08-19,7134576,350.0
False,2016-08-20,7134576,350.0
False,2016-08-21,7134576,320.0
False,2016-08-22,7134576,320.0
False,2016-08-23,7134576,320.0
False,2016-08-24,7134576,320.0
False,2016-08-25,7134576,320.0
False,2016-08-26,7134576,350.0
True,2016-08-27,7134576,350.0
False,2016-08-28,7134576,320.0
False,2016-08-29,7134576,320.0
False,2016-08-30,7134576,320.0
False,2016-08-31,7134576,320.0
False,2016-09-01,7134576,320.0
False,2016-09-02,7134576,350.0
False,2016-09-03,7134576,350.0
False,2016-05-29,937842,200.0
False,2016-05-30,937842,200.0
False,2016-05-31,937842,200.0
False,2016-06-01,937842,200.0
False,2016-06-02,937842,200.0
False,2016-06-03,937842,200.0
False,2016-06-04,937842,200.0
False,2016-06-05,937842,200.0
False,2016-06-06,937842,200.0
False,2016-06-07,937842,200.0
False,2016-06-08,937842,200.0
False,2016-06-09,937842,200.0
False,2016-06-10,937842,200.0
False,2016-06-11,937842,200.0
False,2016-06-12,937842,200.0
False,2016-06-13,937842,200.0
False,2016-06-14,937842,200.0
False,2016-06-15,937842,200.0
False,2016-06-16,937842,200.0
False,2016-06-17,937842,250.0
False,2016-06-18,937842,250.0
False,2016-06-19,937842,200.0
False,2016-06-20,937842,200.0
False,2016-06-21,937842,200.0
False,2016-06-22,937842,200.0
False,2016-06-23,937842,200.0
False,2016-06-24,937842,250.0
False,2016-06-25,937842,250.0
False,2016-06-26,937842,200.0
False,2016-06-27,937842,200.0
False,2016-06-28,937842,200.0
False,2016-06-29,937842,200.0
False,2016-06-30,937842,200.0
False,2016-07-01,937842,200.0
False,2016-07-02,937842,200.0
False,2016-07-03,937842,200.0
False,2016-07-04,937842,200.0
False,2016-07-05,937842,200.0
False,2016-07-06,937842,200.0
False,2016-07-07,937842,200.0
False,2016-07-08,937842,200.0
False,2016-07-09,937842,200.0
False,2016-07-10,937842,200.0
False,2016-07-11,937842,200.0
False,2016-07-12,937842,200.0
False,2016-07-13,937842,200.0
False,2016-07-14,937842,200.0
False,2016-07-15,937842,200.0
False,2016-07-16,937842,200.0
False,2016-07-17,937842,200.0
False,2016-07-18,937842,200.0
False,2016-07-19,937842,200.0
False,2016-07-20,937842,200.0
False,2016-07-21,937842,250.0
False,2016-07-22,937842,250.0
False,2016-07-23,937842,250.0
False,2016-07-24,937842,250.0
False,2016-07-25,937842,250.0
False,2016-07-26,937842,250.0
False,2016-07-27,937842,250.0
False,2016-07-28,937842,250.0
False,2016-07-29,937842,200.0
False,2016-07-30,937842,200.0
False,2016-07-31,937842,200.0
False,2016-08-01,937842,200.0
False,2016-08-02,937842,200.0
False,2016-08-03,937842,200.0
False,2016-08-04,937842,200.0
False,2016-08-05,937842,200.0
False,2016-08-06,937842,200.0
False,2016-08-07,937842,200.0
False,2016-08-08,937842,200.0
False,2016-08-09,937842,200.0
False,2016-08-10,937842,200.0
False,2016-08-11,937842,200.0
False,2016-08-12,937842,200.0
False,2016-08-13,937842,200.0
False,2016-08-14,937842,200.0
False,2016-08-15,937842,200.0
False,2016-08-16,937842,200.0
False,2016-08-17,937842,200.0
False,2016-08-18,937842,200.0
False,2016-08-19,937842,200.0
False,2016-08-20,937842,200.0
False,2016-08-21,937842,200.0
False,2016-08-22,937842,200.0
False,2016-08-23,937842,200.0
False,2016-08-24,937842,200.0
False,2016-08-25,937842,200.0
False,2016-08-26,937842,200.0
False,2016-08-27,937842,200.0
False,2016-08-28,937842,200.0
False,2016-08-29,937842,200.0
False,2016-08-30,937842,200.0
False,2016-08-31,937842,200.0
False,2016-09-01,937842,200.0
False,2016-09-02,937842,200.0
False,2016-09-03,937842,200.0
False,2016-05-29,24723,160.0
False,2016-05-30,24723,160.0
False,2016-05-31,24723,160.0
False,2016-06-01,24723,160.0
False,2016-06-02,24723,160.0
False,2016-06-03,24723,180.0
False,2016-06-04,24723,180.0
False,2016-06-05,24723,160.0
False,2016-06-06,24723,160.0
False,2016-06-07,24723,160.0
False,2016-06-08,24723,160.0
False,2016-06-09,24723,160.0
False,2016-06-10,24723,180.0
False,2016-06-11,24723,180.0
False,2016-06-12,24723,160.0
False,2016-06-13,24723,160.0
False,2016-06-14,24723,160.0
False,2016-06-15,24723,160.0
False,2016-06-16,24723,160.0
False,2016-06-17,24723,180.0
False,2016-06-18,24723,180.0
False,2016-06-19,24723,160.0
False,2016-06-20,24723,160.0
False,2016-06-21,24723,160.0
False,2016-06-22,24723,160.0
False,2016-06-23,24723,160.0
False,2016-06-24,24723,180.0
False,2016-06-25,24723,180.0
False,2016-06-26,24723,160.0
False,2016-06-27,24723,160.0
False,2016-06-28,24723,160.0
False,2016-06-29,24723,160.0
False,2016-06-30,24723,160.0
False,2016-07-01,24723,180.0
False,2016-07-02,24723,180.0
False,2016-07-03,24723,160.0
False,2016-07-04,24723,160.0
False,2016-07-05,24723,160.0
False,2016-07-06,24723,160.0
False,2016-07-07,24723,160.0
False,2016-07-08,24723,180.0
False,2016-07-09,24723,180.0
False,2016-07-10,24723,160.0
False,2016-07-11,24723,160.0
False,2016-07-12,24723,160.0
False,2016-07-13,24723,160.0
False,2016-07-14,24723,160.0
False,2016-07-15,24723,180.0
False,2016-07-16,24723,180.0
False,2016-07-17,24723,160.0
False,2016-07-18,24723,160.0
False,2016-07-19,24723,160.0
False,2016-07-20,24723,160.0
False,2016-07-21,24723,160.0
False,2016-07-22,24723,180.0
False,2016-07-23,24723,180.0
False,2016-07-24,24723,160.0
False,2016-07-25,24723,160.0
False,2016-07-26,24723,160.0
False,2016-07-27,24723,160.0
False,2016-07-28,24723,160.0
False,2016-07-29,24723,180.0
False,2016-07-30,24723,180.0
False,2016-07-31,24723,160.0
False,2016-08-01,24723,160.0
False,2016-08-02,24723,160.0
False,2016-08-03,24723,160.0
False,2016-08-04,24723,160.0
False,2016-08-05,24723,180.0
False,2016-08-06,24723,180.0
False,2016-08-07,24723,160.0
False,2016-08-08,24723,160.0
False,2016-08-09,24723,160.0
False,2016-08-10,24723,160.0
False,2016-08-11,24723,160.0
False,2016-08-12,24723,180.0
True,2016-08-13,24723,180.0
False,2016-08-14,24723,160.0
False,2016-08-15,24723,160.0
False,2016-08-16,24723,160.0
False,2016-08-17,24723,160.0
False,2016-08-18,24723,160.0
False,2016-08-19,24723,180.0
False,2016-08-20,24723,180.0
False,2016-08-21,24723,160.0
False,2016-08-22,24723,160.0
False,2016-08-23,24723,160.0
False,2016-08-24,24723,160.0
False,2016-08-25,24723,160.0
False,2016-08-26,24723,180.0
False,2016-08-27,24723,180.0
False,2016-08-28,24723,155.0
False,2016-08-29,24723,151.0
False,2016-08-30,24723,151.0
False,2016-08-31,24723,151.0
False,2016-09-01,24723,155.0
True,2016-09-02,24723,180.0
True,2016-09-03,24723,180.0
False,2016-05-29,10390390,275.0
False,2016-05-30,10390390,275.0
False,2016-05-31,10390390,275.0
False,2016-06-01,10390390,275.0
False,2016-06-02,10390390,275.0
False,2016-06-03,10390390,275.0
False,2016-06-04,10390390,275.0
False,2016-06-05,10390390,275.0
False,2016-06-06,10390390,275.0
False,2016-06-07,10390390,275.0
False,2016-06-08,10390390,275.0
False,2016-06-09,10390390,275.0
False,2016-06-10,10390390,275.0
False,2016-06-11,10390390,275.0
False,2016-06-12,10390390,275.0
False,2016-06-13,10390390,275.0
False,2016-06-14,10390390,275.0
False,2016-06-15,10390390,275.0
False,2016-06-16,10390390,275.0
False,2016-06-17,10390390,275.0
False,2016-06-18,10390390,275.0
False,2016-06-19,10390390,275.0
False,2016-06-20,10390390,275.0
False,2016-06-21,10390390,275.0
False,2016-06-22,10390390,275.0
False,2016-06-23,10390390,275.0
False,2016-06-24,10390390,275.0
False,2016-06-25,10390390,275.0
False,2016-06-26,10390390,275.0
False,2016-06-27,10390390,275.0
False,2016-06-28,10390390,275.0
False,2016-06-29,10390390,275.0
False,2016-06-30,10390390,275.0
False,2016-07-01,10390390,275.0
False,2016-07-02,10390390,275.0
False,2016-07-03,10390390,275.0
False,2016-07-04,10390390,275.0
False,2016-07-05,10390390,275.0
False,2016-07-06,10390390,275.0
False,2016-07-07,10390390,275.0
False,2016-07-08,10390390,275.0
False,2016-07-09,10390390,275.0
False,2016-07-10,10390390,275.0
False,2016-07-11,10390390,275.0
False,2016-07-12,10390390,275.0
False,2016-07-13,10390390,275.0
False,2016-07-14,10390390,275.0
False,2016-07-15,10390390,275.0
False,2016-07-16,10390390,275.0
False,2016-07-17,10390390,275.0
False,2016-07-18,10390390,275.0
False,2016-07-19,10390390,275.0
False,2016-07-20,10390390,275.0
False,2016-07-21,10390390,275.0
False,2016-07-22,10390390,275.0
False,2016-07-23,10390390,275.0
False,2016-07-24,10390390,275.0
False,2016-07-25,10390390,275.0
False,2016-07-26,10390390,275.0
False,2016-07-27,10390390,275.0
False,2016-07-28,10390390,275.0
False,2016-07-29,10390390,275.0
False,2016-07-30,10390390,275.0
False,2016-07-31,10390390,275.0
False,2016-08-01,10390390,275.0
False,2016-08-02,10390390,275.0
False,2016-08-03,10390390,275.0
False,2016-08-04,10390390,275.0
False,2016-08-05,10390390,275.0
False,2016-08-06,10390390,275.0
False,2016-08-07,10390390,275.0
False,2016-08-08,10390390,275.0
False,2016-08-09,10390390,275.0
False,2016-08-10,10390390,275.0
False,2016-08-11,10390390,275.0
False,2016-08-12,10390390,275.0
False,2016-08-13,10390390,275.0
False,2016-08-14,10390390,275.0
False,2016-08-15,10390390,275.0
False,2016-08-16,10390390,275.0
False,2016-08-17,10390390,275.0
False,2016-08-18,10390390,275.0
False,2016-08-19,10390390,275.0
False,2016-08-20,10390390,275.0
False,2016-08-21,10390390,275.0
False,2016-08-22,10390390,275.0
False,2016-08-23,10390390,275.0
False,2016-08-24,10390390,275.0
False,2016-08-25,10390390,275.0
False,2016-08-26,10390390,275.0
False,2016-08-27,10390390,275.0
False,2016-08-28,10390390,275.0
False,2016-08-29,10390390,275.0
False,2016-08-30,10390390,275.0
False,2016-08-31,10390390,275.0
False,2016-09-01,10390390,275.0
False,2016-09-02,10390390,275.0
False,2016-09-03,10390390,275.0
False,2016-05-29,11531128,250.0
False,2016-05-30,11531128,250.0
False,2016-05-31,11531128,250.0
False,2016-06-01,11531128,250.0
False,2016-06-02,11531128,250.0
False,2016-06-03,11531128,250.0
False,2016-06-04,11531128,250.0
False,2016-06-05,11531128,250.0
False,2016-06-06,11531128,263.0
False,2016-06-07,11531128,259.0
False,2016-06-08,11531128,250.0
False,2016-06-09,11531128,250.0
False,2016-06-10,11531128,256.0
False,2016-06-11,11531128,257.0
True,2016-06-12,11531128,250.0
False,2016-06-13,11531128,250.0
False,2016-06-14,11531128,250.0
False,2016-06-15,11531128,250.0
False,2016-06-16,11531128,200.0
False,2016-06-17,11531128,200.0
False,2016-06-18,11531128,200.0
True,2016-06-19,11531128,200.0
False,2016-06-20,11531128,250.0
False,2016-06-21,11531128,275.0
False,2016-06-22,11531128,274.0
False,2016-06-23,11531128,302.0
False,2016-06-24,11531128,302.0
False,2016-06-25,11531128,326.0
False,2016-06-26,11531128,302.0
False,2016-06-27,11531128,200.0
False,2016-06-28,11531128,200.0
False,2016-06-29,11531128,200.0
True,2016-06-30,11531128,200.0
False,2016-07-01,11531128,200.0
False,2016-07-02,11531128,200.0
False,2016-07-03,11531128,200.0
True,2016-07-04,11531128,200.0
False,2016-07-05,11531128,250.0
False,2016-07-06,11531128,250.0
False,2016-07-07,11531128,250.0
False,2016-07-08,11531128,250.0
False,2016-07-09,11531128,250.0
False,2016-07-10,11531128,250.0
False,2016-07-11,11531128,250.0
False,2016-07-12,11531128,250.0
False,2016-07-13,11531128,250.0
False,2016-07-14,11531128,250.0
False,2016-07-15,11531128,250.0
False,2016-07-16,11531128,316.0
False,2016-07-17,11531128,319.0
False,2016-07-18,11531128,250.0
False,2016-07-19,11531128,250.0
False,2016-07-20,11531128,261.0
False,2016-07-21,11531128,263.0
False,2016-07-22,11531128,262.0
False,2016-07-23,11531128,265.0
True,2016-07-24,11531128,250.0
False,2016-07-25,11531128,250.0
False,2016-07-26,11531128,250.0
False,2016-07-27,11531128,250.0
False,2016-07-28,11531128,250.0
False,2016-07-29,11531128,250.0
False,2016-07-30,11531128,250.0
False,2016-07-31,11531128,250.0
False,2016-08-01,11531128,250.0
False,2016-08-02,11531128,250.0
False,2016-08-03,11531128,250.0
False,2016-08-04,11531128,273.0
False,2016-08-05,11531128,277.0
False,2016-08-06,11531128,271.0
False,2016-08-07,11531128,273.0
True,2016-08-08,11531128,250.0
False,2016-08-09,11531128,250.0
False,2016-08-10,11531128,250.0
False,2016-08-11,11531128,250.0
True,2016-08-12,11531128,250.0
False,2016-08-13,11531128,292.0
False,2016-08-14,11531128,292.0
False,2016-08-15,11531128,262.0
False,2016-08-16,11531128,250.0
False,2016-08-17,11531128,250.0
False,2016-08-18,11531128,250.0
False,2016-08-19,11531128,250.0
False,2016-08-20,11531128,250.0
True,2016-08-21,11531128,250.0
True,2016-08-22,11531128,250.0
False,2016-08-23,11531128,250.0
False,2016-08-24,11531128,250.0
False,2016-08-25,11531128,250.0
True,2016-08-26,11531128,250.0
True,2016-08-27,11531128,250.0
True,2016-08-28,11531128,252.0
True,2016-08-29,11531128,250.0
False,2016-08-30,11531128,250.0
False,2016-08-31,11531128,250.0
True,2016-09-01,11531128,250.0
True,2016-09-02,11531128,250.0
True,2016-09-03,11531128,250.0
False,2016-05-29,2305401,220.0
False,2016-05-30,2305401,220.0
False,2016-05-31,2305401,220.0
True,2016-06-01,2305401,220.0
True,2016-06-02,2305401,220.0
True,2016-06-03,2305401,220.0
True,2016-06-04,2305401,220.0
False,2016-06-05,2305401,220.0
False,2016-06-06,2305401,240.0
False,2016-06-07,2305401,240.0
False,2016-06-08,2305401,240.0
False,2016-06-09,2305401,240.0
False,2016-06-10,2305401,220.0
False,2016-06-11,2305401,220.0
False,2016-06-12,2305401,220.0
False,2016-06-13,2305401,220.0
False,2016-06-14,2305401,220.0
False,2016-06-15,2305401,220.0
False,2016-06-16,2305401,220.0
False,2016-06-17,2305401,220.0
False,2016-06-18,2305401,220.0
False,2016-06-19,2305401,220.0
False,2016-06-20,2305401,220.0
False,2016-06-21,2305401,220.0
False,2016-06-22,2305401,220.0
False,2016-06-23,2305401,220.0
False,2016-06-24,2305401,220.0
False,2016-06-25,2305401,220.0
False,2016-06-26,2305401,220.0
False,2016-06-27,2305401,220.0
False,2016-06-28,2305401,220.0
False,2016-06-29,2305401,220.0
False,2016-06-30,2305401,220.0
False,2016-07-01,2305401,220.0
True,2016-07-02,2305401,220.0
True,2016-07-03,2305401,220.0
True,2016-07-04,2305401,220.0
True,2016-07-05,2305401,220.0
False,2016-07-06,2305401,220.0
False,2016-07-07,2305401,220.0
False,2016-07-08,2305401,220.0
False,2016-07-09,2305401,220.0
False,2016-07-10,2305401,220.0
False,2016-07-11,2305401,220.0
False,2016-07-12,2305401,240.0
False,2016-07-13,2305401,240.0
False,2016-07-14,2305401,240.0
False,2016-07-15,2305401,220.0
False,2016-07-16,2305401,220.0
False,2016-07-17,2305401,220.0
False,2016-07-18,2305401,220.0
False,2016-07-19,2305401,220.0
False,2016-07-20,2305401,220.0
False,2016-07-21,2305401,220.0
False,2016-07-22,2305401,220.0
False,2016-07-23,2305401,220.0
False,2016-07-24,2305401,220.0
True,2016-07-25,2305401,220.0
True,2016-07-26,2305401,220.0
True,2016-07-27,2305401,220.0
False,2016-07-28,2305401,220.0
False,2016-07-29,2305401,220.0
False,2016-07-30,2305401,220.0
False,2016-07-31,2305401,220.0
False,2016-08-01,2305401,220.0
False,2016-08-02,2305401,220.0
False,2016-08-03,2305401,220.0
False,2016-08-04,2305401,220.0
False,2016-08-05,2305401,220.0
False,2016-08-06,2305401,220.0
False,2016-08-07,2305401,220.0
False,2016-08-08,2305401,220.0
False,2016-08-09,2305401,220.0
False,2016-08-10,2305401,220.0
False,2016-08-11,2305401,220.0
False,2016-08-12,2305401,220.0
False,2016-08-13,2305401,220.0
False,2016-08-14,2305401,220.0
False,2016-08-15,2305401,220.0
False,2016-08-16,2305401,220.0
False,2016-08-17,2305401,220.0
True,2016-08-18,2305401,220.0
False,2016-08-19,2305401,220.0
False,2016-08-20,2305401,220.0
False,2016-08-21,2305401,220.0
True,2016-08-22,2305401,220.0
True,2016-08-23,2305401,220.0
True,2016-08-24,2305401,220.0
True,2016-08-25,2305401,220.0
True,2016-08-26,2305401,220.0
True,2016-08-27,2305401,220.0
True,2016-08-28,2305401,220.0
True,2016-08-29,2305401,220.0
True,2016-08-30,2305401,220.0
True,2016-08-31,2305401,220.0
True,2016-09-01,2305401,220.0
True,2016-09-02,2305401,220.0
True,2016-09-03,2305401,220.0
False,2016-05-29,8084858,160.0
False,2016-05-30,8084858,158.0
True,2016-05-31,8084858,150.0
True,2016-06-01,8084858,150.0
False,2016-06-02,8084858,191.0
False,2016-06-03,8084858,192.0
False,2016-06-04,8084858,191.0
False,2016-06-05,8084858,190.0
False,2016-06-06,8084858,202.0
False,2016-06-07,8084858,206.0
True,2016-06-08,8084858,150.0
True,2016-06-09,8084858,150.0
False,2016-06-10,8084858,200.0
False,2016-06-11,8084858,208.0
False,2016-06-12,8084858,195.0
False,2016-06-13,8084858,197.0
False,2016-06-14,8084858,207.0
False,2016-06-15,8084858,211.0
False,2016-06-16,8084858,227.0
False,2016-06-17,8084858,210.0
False,2016-06-18,8084858,211.0
False,2016-06-19,8084858,201.0
False,2016-06-20,8084858,203.0
False,2016-06-21,8084858,206.0
True,2016-06-22,8084858,150.0
True,2016-06-23,8084858,150.0
True,2016-06-24,8084858,150.0
False,2016-06-25,8084858,150.0
False,2016-06-26,8084858,150.0
False,2016-06-27,8084858,150.0
False,2016-06-28,8084858,176.0
False,2016-06-29,8084858,183.0
False,2016-06-30,8084858,182.0
False,2016-07-01,8084858,177.0
False,2016-07-02,8084858,209.0
False,2016-07-03,8084858,207.0
False,2016-07-04,8084858,209.0
False,2016-07-05,8084858,211.0
True,2016-07-06,8084858,150.0
False,2016-07-07,8084858,180.0
False,2016-07-08,8084858,181.0
False,2016-07-09,8084858,179.0
False,2016-07-10,8084858,178.0
False,2016-07-11,8084858,181.0
False,2016-07-12,8084858,200.0
False,2016-07-13,8084858,203.0
False,2016-07-14,8084858,205.0
True,2016-07-15,8084858,157.0
True,2016-07-16,8084858,152.0
False,2016-07-17,8084858,230.0
False,2016-07-18,8084858,231.0
False,2016-07-19,8084858,232.0
False,2016-07-20,8084858,247.0
True,2016-07-21,8084858,150.0
True,2016-07-22,8084858,163.0
False,2016-07-23,8084858,227.0
False,2016-07-24,8084858,226.0
False,2016-07-25,8084858,229.0
False,2016-07-26,8084858,231.0
True,2016-07-27,8084858,158.0
True,2016-07-28,8084858,162.0
False,2016-07-29,8084858,235.0
False,2016-07-30,8084858,234.0
False,2016-07-31,8084858,230.0
False,2016-08-01,8084858,231.0
False,2016-08-02,8084858,233.0
True,2016-08-03,8084858,159.0
False,2016-08-04,8084858,250.0
False,2016-08-05,8084858,250.0
False,2016-08-06,8084858,247.0
False,2016-08-07,8084858,243.0
False,2016-08-08,8084858,203.0
False,2016-08-09,8084858,204.0
False,2016-08-10,8084858,200.0
False,2016-08-11,8084858,190.0
False,2016-08-12,8084858,198.0
False,2016-08-13,8084858,198.0
False,2016-08-14,8084858,232.0
False,2016-08-15,8084858,232.0
False,2016-08-16,8084858,241.0
False,2016-08-17,8084858,242.0
False,2016-08-18,8084858,242.0
False,2016-08-19,8084858,232.0
False,2016-08-20,8084858,193.0
False,2016-08-21,8084858,182.0
False,2016-08-22,8084858,180.0
True,2016-08-23,8084858,150.0
False,2016-08-24,8084858,230.0
False,2016-08-25,8084858,228.0
False,2016-08-26,8084858,227.0
False,2016-08-27,8084858,224.0
True,2016-08-28,8084858,155.0
False,2016-08-29,8084858,160.0
False,2016-08-30,8084858,158.0
False,2016-08-31,8084858,160.0
False,2016-09-01,8084858,194.0
False,2016-09-02,8084858,184.0
False,2016-09-03,8084858,182.0
True,2016-05-29,308885,200.0
True,2016-05-30,308885,200.0
True,2016-05-31,308885,200.0
True,2016-06-01,308885,200.0
True,2016-06-02,308885,200.0
True,2016-06-03,308885,200.0
False,2016-06-04,308885,200.0
False,2016-06-05,308885,225.0
False,2016-06-06,308885,225.0
False,2016-06-07,308885,225.0
False,2016-06-08,308885,225.0
False,2016-06-09,308885,225.0
False,2016-06-10,308885,225.0
False,2016-06-11,308885,225.0
False,2016-06-12,308885,225.0
False,2016-06-13,308885,225.0
False,2016-06-14,308885,225.0
False,2016-06-15,308885,225.0
False,2016-06-16,308885,225.0
False,2016-06-17,308885,225.0
True,2016-06-18,308885,196.0
True,2016-06-19,308885,196.0
False,2016-06-20,308885,196.0
False,2016-06-21,308885,196.0
False,2016-06-22,308885,196.0
False,2016-06-23,308885,196.0
True,2016-06-24,308885,225.0
True,2016-06-25,308885,225.0
False,2016-06-26,308885,225.0
False,2016-06-27,308885,225.0
False,2016-06-28,308885,225.0
False,2016-06-29,308885,225.0
False,2016-06-30,308885,225.0
True,2016-07-01,308885,225.0
True,2016-07-02,308885,225.0
True,2016-07-03,308885,225.0
True,2016-07-04,308885,225.0
True,2016-07-05,308885,225.0
True,2016-07-06,308885,225.0
True,2016-07-07,308885,225.0
False,2016-07-08,308885,225.0
False,2016-07-09,308885,225.0
False,2016-07-10,308885,225.0
False,2016-07-11,308885,225.0
False,2016-07-12,308885,225.0
True,2016-07-13,308885,225.0
True,2016-07-14,308885,225.0
True,2016-07-15,308885,225.0
True,2016-07-16,308885,225.0
True,2016-07-17,308885,225.0
True,2016-07-18,308885,225.0
True,2016-07-19,308885,225.0
True,2016-07-20,308885,225.0
True,2016-07-21,308885,225.0
True,2016-07-22,308885,225.0
True,2016-07-23,308885,225.0
True,2016-07-24,308885,225.0
True,2016-07-25,308885,225.0
False,2016-07-26,308885,225.0
False,2016-07-27,308885,225.0
False,2016-07-28,308885,225.0
False,2016-07-29,308885,225.0
True,2016-07-30,308885,225.0
False,2016-07-31,308885,225.0
False,2016-08-01,308885,225.0
False,2016-08-02,308885,225.0
False,2016-08-03,308885,225.0
False,2016-08-04,308885,225.0
False,2016-08-05,308885,225.0
False,2016-08-06,308885,225.0
False,2016-08-07,308885,225.0
False,2016-08-08,308885,225.0
True,2016-08-09,308885,225.0
True,2016-08-10,308885,225.0
True,2016-08-11,308885,225.0
False,2016-08-12,308885,225.0
False,2016-08-13,308885,225.0
False,2016-08-14,308885,225.0
False,2016-08-15,308885,225.0
False,2016-08-16,308885,225.0
False,2016-08-17,308885,225.0
True,2016-08-18,308885,225.0
True,2016-08-19,308885,225.0
True,2016-08-20,308885,225.0
True,2016-08-21,308885,225.0
True,2016-08-22,308885,225.0
True,2016-08-23,308885,225.0
True,2016-08-24,308885,225.0
True,2016-08-25,308885,225.0
True,2016-08-26,308885,225.0
True,2016-08-27,308885,225.0
True,2016-08-28,308885,210.0
True,2016-08-29,308885,210.0
True,2016-08-30,308885,210.0
True,2016-08-31,308885,210.0
True,2016-09-01,308885,210.0
True,2016-09-02,308885,210.0
True,2016-09-03,308885,210.0
False,2016-05-29,6078336,199.0
False,2016-05-30,6078336,199.0
False,2016-05-31,6078336,199.0
False,2016-06-01,6078336,164.0
False,2016-06-02,6078336,164.0
False,2016-06-03,6078336,239.0
False,2016-06-04,6078336,239.0
False,2016-06-05,6078336,164.0
False,2016-06-06,6078336,164.0
False,2016-06-07,6078336,164.0
False,2016-06-08,6078336,164.0
False,2016-06-09,6078336,164.0
False,2016-06-10,6078336,239.0
False,2016-06-11,6078336,239.0
False,2016-06-12,6078336,159.0
False,2016-06-13,6078336,159.0
False,2016-06-14,6078336,159.0
False,2016-06-15,6078336,159.0
False,2016-06-16,6078336,159.0
False,2016-06-17,6078336,239.0
False,2016-06-18,6078336,239.0
False,2016-06-19,6078336,149.0
False,2016-06-20,6078336,149.0
False,2016-06-21,6078336,149.0
False,2016-06-22,6078336,149.0
False,2016-06-23,6078336,149.0
False,2016-06-24,6078336,239.0
False,2016-06-25,6078336,239.0
False,2016-06-26,6078336,149.0
False,2016-06-27,6078336,149.0
False,2016-06-28,6078336,149.0
False,2016-06-29,6078336,149.0
False,2016-06-30,6078336,152.0
False,2016-07-01,6078336,152.0
False,2016-07-02,6078336,152.0
False,2016-07-03,6078336,152.0
False,2016-07-04,6078336,199.0
False,2016-07-05,6078336,199.0
False,2016-07-06,6078336,199.0
False,2016-07-07,6078336,199.0
False,2016-07-08,6078336,239.0
False,2016-07-09,6078336,239.0
False,2016-07-10,6078336,164.0
False,2016-07-11,6078336,199.0
False,2016-07-12,6078336,199.0
False,2016-07-13,6078336,199.0
False,2016-07-14,6078336,199.0
False,2016-07-15,6078336,239.0
False,2016-07-16,6078336,239.0
False,2016-07-17,6078336,164.0
False,2016-07-18,6078336,199.0
False,2016-07-19,6078336,199.0
False,2016-07-20,6078336,199.0
False,2016-07-21,6078336,199.0
False,2016-07-22,6078336,239.0
False,2016-07-23,6078336,239.0
False,2016-07-24,6078336,164.0
False,2016-07-25,6078336,199.0
False,2016-07-26,6078336,199.0
False,2016-07-27,6078336,199.0
False,2016-07-28,6078336,199.0
False,2016-07-29,6078336,239.0
False,2016-07-30,6078336,239.0
False,2016-07-31,6078336,164.0
False,2016-08-01,6078336,164.0
False,2016-08-02,6078336,164.0
False,2016-08-03,6078336,300.0
False,2016-08-04,6078336,300.0
False,2016-08-05,6078336,600.0
False,2016-08-06,6078336,600.0
False,2016-08-07,6078336,600.0
False,2016-08-08,6078336,300.0
True,2016-08-09,6078336,199.0
True,2016-08-10,6078336,199.0
True,2016-08-11,6078336,199.0
True,2016-08-12,6078336,239.0
True,2016-08-13,6078336,239.0
True,2016-08-14,6078336,199.0
True,2016-08-15,6078336,199.0
True,2016-08-16,6078336,199.0
True,2016-08-17,6078336,199.0
True,2016-08-18,6078336,199.0
True,2016-08-19,6078336,239.0
True,2016-08-20,6078336,239.0
True,2016-08-21,6078336,199.0
True,2016-08-22,6078336,199.0
True,2016-08-23,6078336,199.0
True,2016-08-24,6078336,199.0
True,2016-08-25,6078336,199.0
True,2016-08-26,6078336,239.0
True,2016-08-27,6078336,239.0
True,2016-08-28,6078336,199.0
True,2016-08-29,6078336,199.0
True,2016-08-30,6078336,199.0
True,2016-08-31,6078336,199.0
True,2016-09-01,6078336,199.0
False,2016-09-02,6078336,239.0
False,2016-09-03,6078336,239.0
False,2016-05-29,12987777,208.0
True,2016-05-30,12987777,188.0
True,2016-05-31,12987777,188.0
True,2016-06-01,12987777,175.0
True,2016-06-02,12987777,175.0
False,2016-06-03,12987777,275.0
False,2016-06-04,12987777,275.0
False,2016-06-05,12987777,250.0
False,2016-06-06,12987777,250.0
False,2016-06-07,12987777,250.0
False,2016-06-08,12987777,175.0
False,2016-06-09,12987777,175.0
False,2016-06-10,12987777,275.0
False,2016-06-11,12987777,275.0
False,2016-06-12,12987777,250.0
False,2016-06-13,12987777,275.0
False,2016-06-14,12987777,175.0
False,2016-06-15,12987777,175.0
False,2016-06-16,12987777,250.0
False,2016-06-17,12987777,275.0
False,2016-06-18,12987777,275.0
False,2016-06-19,12987777,250.0
False,2016-06-20,12987777,250.0
False,2016-06-21,12987777,250.0
False,2016-06-22,12987777,250.0
False,2016-06-23,12987777,250.0
False,2016-06-24,12987777,275.0
False,2016-06-25,12987777,275.0
False,2016-06-26,12987777,225.0
False,2016-06-27,12987777,225.0
False,2016-06-28,12987777,225.0
False,2016-06-29,12987777,225.0
False,2016-06-30,12987777,225.0
False,2016-07-01,12987777,275.0
False,2016-07-02,12987777,275.0
False,2016-07-03,12987777,325.0
False,2016-07-04,12987777,250.0
False,2016-07-05,12987777,250.0
False,2016-07-06,12987777,250.0
True,2016-07-07,12987777,175.0
True,2016-07-08,12987777,199.0
False,2016-07-09,12987777,275.0
False,2016-07-10,12987777,250.0
False,2016-07-11,12987777,250.0
False,2016-07-12,12987777,250.0
False,2016-07-13,12987777,250.0
False,2016-07-14,12987777,250.0
False,2016-07-15,12987777,275.0
False,2016-07-16,12987777,275.0
False,2016-07-17,12987777,250.0
False,2016-07-18,12987777,250.0
False,2016-07-19,12987777,250.0
False,2016-07-20,12987777,250.0
True,2016-07-21,12987777,195.0
True,2016-07-22,12987777,220.0
True,2016-07-23,12987777,220.0
True,2016-07-24,12987777,205.0
True,2016-07-25,12987777,195.0
False,2016-07-26,12987777,250.0
False,2016-07-27,12987777,250.0
False,2016-07-28,12987777,250.0
False,2016-07-29,12987777,275.0
False,2016-07-30,12987777,275.0
False,2016-07-31,12987777,250.0
True,2016-08-01,12987777,200.0
True,2016-08-02,12987777,200.0
False,2016-08-03,12987777,250.0
False,2016-08-04,12987777,250.0
False,2016-08-05,12987777,275.0
False,2016-08-06,12987777,275.0
True,2016-08-07,12987777,250.0
False,2016-08-08,12987777,250.0
False,2016-08-09,12987777,250.0
False,2016-08-10,12987777,250.0
False,2016-08-11,12987777,250.0
False,2016-08-12,12987777,275.0
False,2016-08-13,12987777,275.0
False,2016-08-14,12987777,250.0
False,2016-08-15,12987777,250.0
False,2016-08-16,12987777,250.0
False,2016-08-17,12987777,250.0
False,2016-08-18,12987777,250.0
False,2016-08-19,12987777,275.0
False,2016-08-20,12987777,275.0
False,2016-08-21,12987777,250.0
False,2016-08-22,12987777,250.0
False,2016-08-23,12987777,250.0
False,2016-08-24,12987777,250.0
True,2016-08-25,12987777,225.0
True,2016-08-26,12987777,275.0
True,2016-08-27,12987777,275.0
True,2016-08-28,12987777,250.0
True,2016-08-29,12987777,250.0
True,2016-08-30,12987777,250.0
True,2016-08-31,12987777,250.0
True,2016-09-01,12987777,250.0
True,2016-09-02,12987777,275.0
True,2016-09-03,12987777,275.0
False,2016-05-29,9667459,335.0
False,2016-05-30,9667459,335.0
False,2016-05-31,9667459,335.0
False,2016-06-01,9667459,335.0
False,2016-06-02,9667459,335.0
False,2016-06-03,9667459,335.0
False,2016-06-04,9667459,335.0
False,2016-06-05,9667459,335.0
False,2016-06-06,9667459,335.0
False,2016-06-07,9667459,335.0
False,2016-06-08,9667459,335.0
False,2016-06-09,9667459,335.0
False,2016-06-10,9667459,335.0
False,2016-06-11,9667459,335.0
False,2016-06-12,9667459,335.0
False,2016-06-13,9667459,335.0
False,2016-06-14,9667459,335.0
False,2016-06-15,9667459,335.0
False,2016-06-16,9667459,335.0
False,2016-06-17,9667459,335.0
False,2016-06-18,9667459,335.0
False,2016-06-19,9667459,335.0
False,2016-06-20,9667459,335.0
False,2016-06-21,9667459,335.0
False,2016-06-22,9667459,335.0
False,2016-06-23,9667459,335.0
False,2016-06-24,9667459,335.0
False,2016-06-25,9667459,335.0
False,2016-06-26,9667459,335.0
False,2016-06-27,9667459,335.0
False,2016-06-28,9667459,335.0
False,2016-06-29,9667459,299.0
False,2016-06-30,9667459,299.0
False,2016-07-01,9667459,349.0
False,2016-07-02,9667459,349.0
False,2016-07-03,9667459,349.0
False,2016-07-04,9667459,349.0
False,2016-07-05,9667459,299.0
False,2016-07-06,9667459,299.0
False,2016-07-07,9667459,299.0
False,2016-07-08,9667459,319.0
False,2016-07-09,9667459,319.0
False,2016-07-10,9667459,335.0
False,2016-07-11,9667459,335.0
False,2016-07-12,9667459,335.0
False,2016-07-13,9667459,335.0
False,2016-07-14,9667459,335.0
False,2016-07-15,9667459,335.0
False,2016-07-16,9667459,335.0
False,2016-07-17,9667459,335.0
False,2016-07-18,9667459,335.0
False,2016-07-19,9667459,335.0
False,2016-07-20,9667459,335.0
False,2016-07-21,9667459,335.0
False,2016-07-22,9667459,335.0
False,2016-07-23,9667459,335.0
False,2016-07-24,9667459,335.0
False,2016-07-25,9667459,335.0
False,2016-07-26,9667459,335.0
False,2016-07-27,9667459,335.0
False,2016-07-28,9667459,335.0
False,2016-07-29,9667459,335.0
False,2016-07-30,9667459,335.0
False,2016-07-31,9667459,335.0
False,2016-08-01,9667459,335.0
False,2016-08-02,9667459,335.0
False,2016-08-03,9667459,335.0
False,2016-08-04,9667459,335.0
False,2016-08-05,9667459,335.0
False,2016-08-06,9667459,335.0
False,2016-08-07,9667459,335.0
False,2016-08-08,9667459,335.0
False,2016-08-09,9667459,335.0
False,2016-08-10,9667459,335.0
False,2016-08-11,9667459,335.0
False,2016-08-12,9667459,335.0
False,2016-08-13,9667459,335.0
False,2016-08-14,9667459,335.0
False,2016-08-15,9667459,335.0
False,2016-08-16,9667459,335.0
False,2016-08-17,9667459,335.0
False,2016-08-18,9667459,335.0
False,2016-08-19,9667459,335.0
False,2016-08-20,9667459,335.0
False,2016-08-21,9667459,335.0
False,2016-08-22,9667459,335.0
False,2016-08-23,9667459,335.0
False,2016-08-24,9667459,335.0
False,2016-08-25,9667459,335.0
False,2016-08-26,9667459,335.0
False,2016-08-27,9667459,335.0
False,2016-08-28,9667459,335.0
False,2016-08-29,9667459,335.0
False,2016-08-30,9667459,335.0
False,2016-08-31,9667459,335.0
False,2016-09-01,9667459,335.0
False,2016-09-02,9667459,335.0
False,2016-09-03,9667459,335.0
False,2016-05-29,10910086,150.0
False,2016-05-30,10910086,150.0
False,2016-05-31,10910086,150.0
True,2016-06-01,10910086,165.0
True,2016-06-02,10910086,165.0
True,2016-06-03,10910086,200.0
True,2016-06-04,10910086,200.0
False,2016-06-05,10910086,200.0
False,2016-06-06,10910086,200.0
False,2016-06-07,10910086,200.0
False,2016-06-08,10910086,200.0
False,2016-06-09,10910086,200.0
True,2016-06-10,10910086,200.0
True,2016-06-11,10910086,200.0
True,2016-06-12,10910086,165.0
True,2016-06-13,10910086,165.0
False,2016-06-14,10910086,165.0
False,2016-06-15,10910086,165.0
False,2016-06-16,10910086,165.0
False,2016-06-17,10910086,185.0
False,2016-06-18,10910086,185.0
False,2016-06-19,10910086,165.0
True,2016-06-20,10910086,165.0
False,2016-06-21,10910086,165.0
False,2016-06-22,10910086,165.0
False,2016-06-23,10910086,165.0
False,2016-06-24,10910086,185.0
False,2016-06-25,10910086,185.0
False,2016-06-26,10910086,150.0
False,2016-06-27,10910086,150.0
False,2016-06-28,10910086,150.0
False,2016-06-29,10910086,150.0
True,2016-06-30,10910086,150.0
True,2016-07-01,10910086,185.0
True,2016-07-02,10910086,185.0
False,2016-07-03,10910086,174.0
False,2016-07-04,10910086,175.0
False,2016-07-05,10910086,176.0
False,2016-07-06,10910086,176.0
False,2016-07-07,10910086,176.0
False,2016-07-08,10910086,185.0
False,2016-07-09,10910086,185.0
False,2016-07-10,10910086,150.0
False,2016-07-11,10910086,150.0
False,2016-07-12,10910086,150.0
False,2016-07-13,10910086,150.0
False,2016-07-14,10910086,150.0
False,2016-07-15,10910086,185.0
False,2016-07-16,10910086,185.0
False,2016-07-17,10910086,199.0
False,2016-07-18,10910086,199.0
False,2016-07-19,10910086,175.0
False,2016-07-20,10910086,175.0
False,2016-07-21,10910086,175.0
False,2016-07-22,10910086,185.0
False,2016-07-23,10910086,185.0
True,2016-07-24,10910086,175.0
True,2016-07-25,10910086,175.0
False,2016-07-26,10910086,175.0
False,2016-07-27,10910086,175.0
False,2016-07-28,10910086,175.0
False,2016-07-29,10910086,185.0
False,2016-07-30,10910086,185.0
False,2016-07-31,10910086,150.0
False,2016-08-01,10910086,150.0
False,2016-08-02,10910086,150.0
True,2016-08-03,10910086,150.0
False,2016-08-04,10910086,175.0
False,2016-08-05,10910086,185.0
False,2016-08-06,10910086,185.0
False,2016-08-07,10910086,200.0
False,2016-08-08,10910086,175.0
False,2016-08-09,10910086,175.0
False,2016-08-10,10910086,175.0
False,2016-08-11,10910086,175.0
False,2016-08-12,10910086,185.0
False,2016-08-13,10910086,185.0
True,2016-08-14,10910086,175.0
True,2016-08-15,10910086,175.0
False,2016-08-16,10910086,175.0
False,2016-08-17,10910086,175.0
False,2016-08-18,10910086,175.0
False,2016-08-19,10910086,185.0
False,2016-08-20,10910086,185.0
False,2016-08-21,10910086,175.0
True,2016-08-22,10910086,175.0
True,2016-08-23,10910086,175.0
True,2016-08-24,10910086,175.0
False,2016-08-25,10910086,175.0
False,2016-08-26,10910086,185.0
False,2016-08-27,10910086,185.0
False,2016-08-28,10910086,175.0
True,2016-08-29,10910086,165.0
True,2016-08-30,10910086,165.0
True,2016-08-31,10910086,165.0
True,2016-09-01,10910086,165.0
True,2016-09-02,10910086,185.0
True,2016-09-03,10910086,185.0
False,2016-05-29,9780615,130.0
False,2016-05-30,9780615,130.0
False,2016-05-31,9780615,130.0
False,2016-06-01,9780615,130.0
False,2016-06-02,9780615,130.0
False,2016-06-03,9780615,130.0
False,2016-06-04,9780615,130.0
False,2016-06-05,9780615,140.0
False,2016-06-06,9780615,140.0
False,2016-06-07,9780615,140.0
False,2016-06-08,9780615,140.0
False,2016-06-09,9780615,140.0
False,2016-06-10,9780615,140.0
False,2016-06-11,9780615,140.0
False,2016-06-12,9780615,140.0
False,2016-06-13,9780615,140.0
False,2016-06-14,9780615,140.0
False,2016-06-15,9780615,140.0
False,2016-06-16,9780615,140.0
False,2016-06-17,9780615,140.0
False,2016-06-18,9780615,140.0
False,2016-06-19,9780615,140.0
False,2016-06-20,9780615,140.0
False,2016-06-21,9780615,140.0
False,2016-06-22,9780615,140.0
False,2016-06-23,9780615,140.0
False,2016-06-24,9780615,140.0
False,2016-06-25,9780615,140.0
False,2016-06-26,9780615,140.0
False,2016-06-27,9780615,140.0
False,2016-06-28,9780615,140.0
True,2016-06-29,9780615,140.0
False,2016-06-30,9780615,140.0
False,2016-07-01,9780615,140.0
False,2016-07-02,9780615,140.0
False,2016-07-03,9780615,140.0
False,2016-07-04,9780615,140.0
False,2016-07-05,9780615,140.0
False,2016-07-06,9780615,140.0
False,2016-07-07,9780615,140.0
False,2016-07-08,9780615,140.0
False,2016-07-09,9780615,140.0
False,2016-07-10,9780615,140.0
False,2016-07-11,9780615,140.0
False,2016-07-12,9780615,140.0
False,2016-07-13,9780615,140.0
False,2016-07-14,9780615,140.0
False,2016-07-15,9780615,140.0
False,2016-07-16,9780615,140.0
False,2016-07-17,9780615,140.0
False,2016-07-18,9780615,140.0
False,2016-07-19,9780615,140.0
False,2016-07-20,9780615,140.0
True,2016-07-21,9780615,140.0
False,2016-07-22,9780615,140.0
False,2016-07-23,9780615,140.0
False,2016-07-24,9780615,140.0
False,2016-07-25,9780615,140.0
False,2016-07-26,9780615,140.0
True,2016-07-27,9780615,140.0
False,2016-07-28,9780615,140.0
False,2016-07-29,9780615,140.0
False,2016-07-30,9780615,140.0
False,2016-07-31,9780615,140.0
True,2016-08-01,9780615,140.0
True,2016-08-02,9780615,140.0
False,2016-08-03,9780615,140.0
False,2016-08-04,9780615,140.0
False,2016-08-05,9780615,500.0
False,2016-08-06,9780615,500.0
False,2016-08-07,9780615,150.0
False,2016-08-08,9780615,140.0
False,2016-08-09,9780615,140.0
False,2016-08-10,9780615,140.0
False,2016-08-11,9780615,140.0
False,2016-08-12,9780615,140.0
False,2016-08-13,9780615,140.0
False,2016-08-14,9780615,140.0
False,2016-08-15,9780615,140.0
False,2016-08-16,9780615,140.0
True,2016-08-17,9780615,140.0
False,2016-08-18,9780615,140.0
False,2016-08-19,9780615,140.0
False,2016-08-20,9780615,140.0
False,2016-08-21,9780615,140.0
False,2016-08-22,9780615,140.0
False,2016-08-23,9780615,140.0
True,2016-08-24,9780615,140.0
True,2016-08-25,9780615,140.0
True,2016-08-26,9780615,140.0
False,2016-08-27,9780615,140.0
False,2016-08-28,9780615,140.0
False,2016-08-29,9780615,140.0
True,2016-08-30,9780615,140.0
True,2016-08-31,9780615,140.0
False,2016-09-01,9780615,140.0
False,2016-09-02,9780615,140.0
False,2016-09-03,9780615,140.0
False,2016-05-29,10745736,250.0
False,2016-05-30,10745736,250.0
False,2016-05-31,10745736,250.0
False,2016-06-01,10745736,250.0
False,2016-06-02,10745736,250.0
False,2016-06-03,10745736,250.0
False,2016-06-04,10745736,250.0
False,2016-06-05,10745736,250.0
False,2016-06-06,10745736,250.0
False,2016-06-07,10745736,250.0
False,2016-06-08,10745736,250.0
False,2016-06-09,10745736,250.0
False,2016-06-10,10745736,250.0
False,2016-06-11,10745736,250.0
False,2016-06-12,10745736,250.0
False,2016-06-13,10745736,250.0
False,2016-06-14,10745736,250.0
False,2016-06-15,10745736,250.0
False,2016-06-16,10745736,250.0
False,2016-06-17,10745736,250.0
False,2016-06-18,10745736,250.0
False,2016-06-19,10745736,180.0
False,2016-06-20,10745736,180.0
False,2016-06-21,10745736,180.0
False,2016-06-22,10745736,180.0
False,2016-06-23,10745736,180.0
False,2016-06-24,10745736,350.0
False,2016-06-25,10745736,350.0
False,2016-06-26,10745736,350.0
False,2016-06-27,10745736,180.0
False,2016-06-28,10745736,180.0
False,2016-06-29,10745736,180.0
False,2016-06-30,10745736,180.0
False,2016-07-01,10745736,225.0
False,2016-07-02,10745736,225.0
False,2016-07-03,10745736,225.0
False,2016-07-04,10745736,200.0
False,2016-07-05,10745736,180.0
False,2016-07-06,10745736,180.0
False,2016-07-07,10745736,180.0
False,2016-07-08,10745736,180.0
False,2016-07-09,10745736,250.0
False,2016-07-10,10745736,250.0
False,2016-07-11,10745736,250.0
False,2016-07-12,10745736,250.0
False,2016-07-13,10745736,250.0
False,2016-07-14,10745736,250.0
False,2016-07-15,10745736,200.0
False,2016-07-16,10745736,200.0
False,2016-07-17,10745736,200.0
False,2016-07-18,10745736,200.0
False,2016-07-19,10745736,250.0
False,2016-07-20,10745736,250.0
False,2016-07-21,10745736,250.0
False,2016-07-22,10745736,250.0
False,2016-07-23,10745736,250.0
False,2016-07-24,10745736,250.0
False,2016-07-25,10745736,250.0
False,2016-07-26,10745736,250.0
False,2016-07-27,10745736,250.0
False,2016-07-28,10745736,250.0
False,2016-07-29,10745736,250.0
False,2016-07-30,10745736,250.0
False,2016-07-31,10745736,250.0
False,2016-08-01,10745736,250.0
False,2016-08-02,10745736,250.0
False,2016-08-03,10745736,250.0
False,2016-08-04,10745736,250.0
False,2016-08-05,10745736,250.0
False,2016-08-06,10745736,250.0
False,2016-08-07,10745736,250.0
False,2016-08-08,10745736,250.0
False,2016-08-09,10745736,250.0
False,2016-08-10,10745736,250.0
False,2016-08-11,10745736,250.0
False,2016-08-12,10745736,250.0
False,2016-08-13,10745736,250.0
False,2016-08-14,10745736,250.0
False,2016-08-15,10745736,250.0
False,2016-08-16,10745736,250.0
False,2016-08-17,10745736,250.0
False,2016-08-18,10745736,250.0
False,2016-08-19,10745736,250.0
False,2016-08-20,10745736,250.0
False,2016-08-21,10745736,250.0
False,2016-08-22,10745736,250.0
False,2016-08-23,10745736,250.0
False,2016-08-24,10745736,250.0
False,2016-08-25,10745736,250.0
False,2016-08-26,10745736,250.0
False,2016-08-27,10745736,250.0
False,2016-08-28,10745736,250.0
False,2016-08-29,10745736,250.0
False,2016-08-30,10745736,250.0
False,2016-08-31,10745736,250.0
False,2016-09-01,10745736,250.0
False,2016-09-02,10745736,250.0
False,2016-09-03,10745736,250.0
False,2016-05-29,8703369,229.0
False,2016-05-30,8703369,229.0
False,2016-05-31,8703369,249.0
False,2016-06-01,8703369,249.0
False,2016-06-02,8703369,249.0
False,2016-06-03,8703369,249.0
False,2016-06-04,8703369,249.0
False,2016-06-05,8703369,249.0
False,2016-06-06,8703369,249.0
False,2016-06-07,8703369,249.0
False,2016-06-08,8703369,249.0
False,2016-06-09,8703369,279.0
False,2016-06-10,8703369,299.0
False,2016-06-11,8703369,299.0
False,2016-06-12,8703369,249.0
False,2016-06-13,8703369,249.0
False,2016-06-14,8703369,249.0
False,2016-06-15,8703369,249.0
False,2016-06-16,8703369,249.0
False,2016-06-17,8703369,249.0
False,2016-06-18,8703369,249.0
False,2016-06-19,8703369,249.0
False,2016-06-20,8703369,249.0
False,2016-06-21,8703369,249.0
False,2016-06-22,8703369,249.0
False,2016-06-23,8703369,289.0
False,2016-06-24,8703369,249.0
False,2016-06-25,8703369,249.0
True,2016-06-26,8703369,249.0
False,2016-06-27,8703369,249.0
False,2016-06-28,8703369,249.0
False,2016-06-29,8703369,249.0
False,2016-06-30,8703369,249.0
False,2016-07-01,8703369,249.0
False,2016-07-02,8703369,249.0
False,2016-07-03,8703369,219.0
False,2016-07-04,8703369,219.0
False,2016-07-05,8703369,219.0
False,2016-07-06,8703369,219.0
False,2016-07-07,8703369,219.0
False,2016-07-08,8703369,249.0
False,2016-07-09,8703369,249.0
False,2016-07-10,8703369,229.0
False,2016-07-11,8703369,249.0
False,2016-07-12,8703369,249.0
False,2016-07-13,8703369,249.0
False,2016-07-14,8703369,249.0
False,2016-07-15,8703369,249.0
False,2016-07-16,8703369,249.0
False,2016-07-17,8703369,249.0
False,2016-07-18,8703369,269.0
False,2016-07-19,8703369,269.0
False,2016-07-20,8703369,269.0
False,2016-07-21,8703369,269.0
False,2016-07-22,8703369,269.0
False,2016-07-23,8703369,269.0
False,2016-07-24,8703369,249.0
False,2016-07-25,8703369,249.0
False,2016-07-26,8703369,249.0
False,2016-07-27,8703369,249.0
False,2016-07-28,8703369,249.0
False,2016-07-29,8703369,249.0
False,2016-07-30,8703369,249.0
False,2016-07-31,8703369,249.0
False,2016-08-01,8703369,249.0
False,2016-08-02,8703369,249.0
False,2016-08-03,8703369,249.0
False,2016-08-04,8703369,249.0
False,2016-08-05,8703369,249.0
False,2016-08-06,8703369,249.0
False,2016-08-07,8703369,249.0
False,2016-08-08,8703369,249.0
False,2016-08-09,8703369,249.0
False,2016-08-10,8703369,249.0
False,2016-08-11,8703369,249.0
False,2016-08-12,8703369,249.0
False,2016-08-13,8703369,249.0
False,2016-08-14,8703369,249.0
True,2016-08-15,8703369,269.0
True,2016-08-16,8703369,269.0
False,2016-08-17,8703369,269.0
False,2016-08-18,8703369,269.0
False,2016-08-19,8703369,269.0
True,2016-08-20,8703369,269.0
True,2016-08-21,8703369,269.0
False,2016-08-22,8703369,249.0
False,2016-08-23,8703369,249.0
False,2016-08-24,8703369,249.0
False,2016-08-25,8703369,249.0
False,2016-08-26,8703369,249.0
False,2016-08-27,8703369,249.0
False,2016-08-28,8703369,249.0
False,2016-08-29,8703369,249.0
False,2016-08-30,8703369,249.0
False,2016-08-31,8703369,249.0
False,2016-09-01,8703369,269.0
False,2016-09-02,8703369,269.0
False,2016-09-03,8703369,269.0
False,2016-05-29,10468747,1999.0
False,2016-05-30,10468747,1999.0
False,2016-05-31,10468747,1999.0
False,2016-06-01,10468747,1999.0
False,2016-06-02,10468747,1999.0
False,2016-06-03,10468747,1999.0
False,2016-06-04,10468747,1999.0
False,2016-06-05,10468747,1999.0
False,2016-06-06,10468747,1999.0
False,2016-06-07,10468747,1999.0
False,2016-06-08,10468747,1999.0
False,2016-06-09,10468747,1999.0
False,2016-06-10,10468747,1999.0
False,2016-06-11,10468747,1999.0
False,2016-06-12,10468747,1999.0
False,2016-06-13,10468747,1999.0
False,2016-06-14,10468747,1999.0
False,2016-06-15,10468747,1999.0
False,2016-06-16,10468747,1999.0
False,2016-06-17,10468747,1999.0
False,2016-06-18,10468747,1999.0
False,2016-06-19,10468747,1999.0
False,2016-06-20,10468747,1999.0
False,2016-06-21,10468747,1999.0
False,2016-06-22,10468747,1999.0
False,2016-06-23,10468747,1999.0
False,2016-06-24,10468747,1999.0
False,2016-06-25,10468747,1999.0
False,2016-06-26,10468747,1999.0
False,2016-06-27,10468747,1999.0
False,2016-06-28,10468747,1999.0
False,2016-06-29,10468747,1999.0
False,2016-06-30,10468747,1999.0
False,2016-07-01,10468747,1999.0
False,2016-07-02,10468747,1999.0
False,2016-07-03,10468747,1999.0
False,2016-07-04,10468747,1999.0
False,2016-07-05,10468747,1999.0
False,2016-07-06,10468747,1999.0
False,2016-07-07,10468747,1999.0
False,2016-07-08,10468747,1999.0
False,2016-07-09,10468747,1999.0
False,2016-07-10,10468747,1999.0
False,2016-07-11,10468747,1999.0
False,2016-07-12,10468747,1999.0
False,2016-07-13,10468747,1999.0
False,2016-07-14,10468747,1999.0
False,2016-07-15,10468747,1999.0
False,2016-07-16,10468747,1999.0
False,2016-07-17,10468747,1999.0
False,2016-07-18,10468747,1999.0
False,2016-07-19,10468747,1999.0
False,2016-07-20,10468747,1999.0
False,2016-07-21,10468747,1999.0
False,2016-07-22,10468747,1999.0
False,2016-07-23,10468747,1999.0
False,2016-07-24,10468747,1999.0
False,2016-07-25,10468747,1999.0
False,2016-07-26,10468747,1999.0
False,2016-07-27,10468747,1999.0
False,2016-07-28,10468747,1999.0
False,2016-07-29,10468747,1999.0
False,2016-07-30,10468747,1999.0
False,2016-07-31,10468747,1999.0
False,2016-08-01,10468747,1999.0
False,2016-08-02,10468747,1999.0
False,2016-08-03,10468747,1999.0
False,2016-08-04,10468747,1999.0
False,2016-08-05,10468747,1999.0
False,2016-08-06,10468747,1999.0
False,2016-08-07,10468747,1999.0
False,2016-08-08,10468747,1999.0
False,2016-08-09,10468747,1999.0
False,2016-08-10,10468747,1999.0
False,2016-08-11,10468747,1999.0
False,2016-08-12,10468747,1999.0
False,2016-08-13,10468747,1999.0
False,2016-08-14,10468747,1999.0
False,2016-08-15,10468747,1999.0
False,2016-08-16,10468747,1999.0
False,2016-08-17,10468747,1999.0
False,2016-08-18,10468747,1999.0
False,2016-08-19,10468747,1999.0
False,2016-08-20,10468747,1999.0
False,2016-08-21,10468747,1999.0
False,2016-08-22,10468747,1999.0
False,2016-08-23,10468747,1999.0
False,2016-08-24,10468747,1999.0
False,2016-08-25,10468747,1999.0
False,2016-08-26,10468747,1999.0
False,2016-08-27,10468747,1999.0
False,2016-08-28,10468747,1999.0
False,2016-08-29,10468747,1999.0
False,2016-08-30,10468747,1999.0
False,2016-08-31,10468747,1999.0
False,2016-09-01,10468747,1999.0
False,2016-09-02,10468747,1999.0
False,2016-09-03,10468747,1999.0
False,2016-05-29,12728027,325.0
False,2016-05-30,12728027,325.0
False,2016-05-31,12728027,325.0
False,2016-06-01,12728027,325.0
False,2016-06-02,12728027,300.0
False,2016-06-03,12728027,300.0
False,2016-06-04,12728027,299.0
False,2016-06-05,12728027,300.0
False,2016-06-06,12728027,300.0
False,2016-06-07,12728027,299.0
False,2016-06-08,12728027,299.0
False,2016-06-09,12728027,299.0
False,2016-06-10,12728027,299.0
False,2016-06-11,12728027,299.0
False,2016-06-12,12728027,299.0
False,2016-06-13,12728027,325.0
False,2016-06-14,12728027,325.0
False,2016-06-15,12728027,325.0
False,2016-06-16,12728027,299.0
False,2016-06-17,12728027,299.0
False,2016-06-18,12728027,299.0
False,2016-06-19,12728027,299.0
False,2016-06-20,12728027,299.0
False,2016-06-21,12728027,299.0
False,2016-06-22,12728027,299.0
False,2016-06-23,12728027,299.0
False,2016-06-24,12728027,299.0
False,2016-06-25,12728027,299.0
False,2016-06-26,12728027,299.0
False,2016-06-27,12728027,299.0
False,2016-06-28,12728027,299.0
False,2016-06-29,12728027,299.0
False,2016-06-30,12728027,299.0
False,2016-07-01,12728027,299.0
False,2016-07-02,12728027,299.0
False,2016-07-03,12728027,299.0
False,2016-07-04,12728027,299.0
False,2016-07-05,12728027,125.0
False,2016-07-06,12728027,125.0
False,2016-07-07,12728027,125.0
True,2016-07-08,12728027,125.0
False,2016-07-09,12728027,299.0
False,2016-07-10,12728027,299.0
False,2016-07-11,12728027,299.0
False,2016-07-12,12728027,299.0
False,2016-07-13,12728027,299.0
False,2016-07-14,12728027,299.0
False,2016-07-15,12728027,299.0
False,2016-07-16,12728027,299.0
False,2016-07-17,12728027,299.0
False,2016-07-18,12728027,325.0
False,2016-07-19,12728027,325.0
False,2016-07-20,12728027,325.0
False,2016-07-21,12728027,325.0
False,2016-07-22,12728027,325.0
False,2016-07-23,12728027,299.0
False,2016-07-24,12728027,299.0
False,2016-07-25,12728027,299.0
False,2016-07-26,12728027,325.0
False,2016-07-27,12728027,325.0
False,2016-07-28,12728027,325.0
False,2016-07-29,12728027,325.0
False,2016-07-30,12728027,325.0
False,2016-07-31,12728027,325.0
False,2016-08-01,12728027,325.0
False,2016-08-02,12728027,299.0
False,2016-08-03,12728027,325.0
False,2016-08-04,12728027,325.0
False,2016-08-05,12728027,325.0
False,2016-08-06,12728027,299.0
False,2016-08-07,12728027,299.0
False,2016-08-08,12728027,299.0
False,2016-08-09,12728027,299.0
False,2016-08-10,12728027,299.0
False,2016-08-11,12728027,299.0
False,2016-08-12,12728027,299.0
False,2016-08-13,12728027,299.0
False,2016-08-14,12728027,299.0
True,2016-08-15,12728027,288.0
True,2016-08-16,12728027,288.0
False,2016-08-17,12728027,299.0
False,2016-08-18,12728027,299.0
False,2016-08-19,12728027,299.0
False,2016-08-20,12728027,299.0
False,2016-08-21,12728027,299.0
False,2016-08-22,12728027,299.0
False,2016-08-23,12728027,299.0
False,2016-08-24,12728027,299.0
False,2016-08-25,12728027,299.0
False,2016-08-26,12728027,299.0
False,2016-08-27,12728027,299.0
False,2016-08-28,12728027,299.0
False,2016-08-29,12728027,299.0
False,2016-08-30,12728027,299.0
False,2016-08-31,12728027,299.0
False,2016-09-01,12728027,299.0
False,2016-09-02,12728027,299.0
False,2016-09-03,12728027,299.0
True,2016-05-29,12917134,229.0
True,2016-05-30,12917134,229.0
True,2016-05-31,12917134,229.0
True,2016-06-01,12917134,229.0
True,2016-06-02,12917134,229.0
True,2016-06-03,12917134,299.0
True,2016-06-04,12917134,299.0
True,2016-06-05,12917134,229.0
True,2016-06-06,12917134,229.0
True,2016-06-07,12917134,229.0
True,2016-06-08,12917134,229.0
True,2016-06-09,12917134,229.0
True,2016-06-10,12917134,299.0
True,2016-06-11,12917134,299.0
True,2016-06-12,12917134,229.0
True,2016-06-13,12917134,229.0
True,2016-06-14,12917134,229.0
True,2016-06-15,12917134,229.0
True,2016-06-16,12917134,229.0
True,2016-06-17,12917134,299.0
True,2016-06-18,12917134,299.0
True,2016-06-19,12917134,229.0
True,2016-06-20,12917134,229.0
True,2016-06-21,12917134,229.0
False,2016-06-22,12917134,229.0
False,2016-06-23,12917134,229.0
False,2016-06-24,12917134,299.0
False,2016-06-25,12917134,299.0
False,2016-06-26,12917134,229.0
False,2016-06-27,12917134,229.0
False,2016-06-28,12917134,229.0
False,2016-06-29,12917134,229.0
False,2016-06-30,12917134,229.0
False,2016-07-01,12917134,299.0
False,2016-07-02,12917134,299.0
False,2016-07-03,12917134,229.0
True,2016-07-04,12917134,229.0
True,2016-07-05,12917134,229.0
True,2016-07-06,12917134,229.0
True,2016-07-07,12917134,229.0
False,2016-07-08,12917134,299.0
False,2016-07-09,12917134,299.0
False,2016-07-10,12917134,229.0
False,2016-07-11,12917134,229.0
True,2016-07-12,12917134,229.0
False,2016-07-13,12917134,229.0
False,2016-07-14,12917134,229.0
False,2016-07-15,12917134,299.0
False,2016-07-16,12917134,299.0
False,2016-07-17,12917134,229.0
False,2016-07-18,12917134,229.0
False,2016-07-19,12917134,229.0
False,2016-07-20,12917134,229.0
False,2016-07-21,12917134,229.0
False,2016-07-22,12917134,299.0
False,2016-07-23,12917134,299.0
False,2016-07-24,12917134,229.0
False,2016-07-25,12917134,229.0
False,2016-07-26,12917134,229.0
False,2016-07-27,12917134,229.0
False,2016-07-28,12917134,229.0
False,2016-07-29,12917134,299.0
False,2016-07-30,12917134,299.0
False,2016-07-31,12917134,229.0
False,2016-08-01,12917134,229.0
False,2016-08-02,12917134,229.0
False,2016-08-03,12917134,229.0
False,2016-08-04,12917134,229.0
False,2016-08-05,12917134,299.0
False,2016-08-06,12917134,299.0
False,2016-08-07,12917134,229.0
True,2016-08-08,12917134,229.0
True,2016-08-09,12917134,229.0
True,2016-08-10,12917134,229.0
False,2016-08-11,12917134,229.0
False,2016-08-12,12917134,299.0
False,2016-08-13,12917134,299.0
True,2016-08-14,12917134,229.0
False,2016-08-15,12917134,229.0
False,2016-08-16,12917134,229.0
False,2016-08-17,12917134,229.0
False,2016-08-18,12917134,229.0
True,2016-08-19,12917134,299.0
True,2016-08-20,12917134,299.0
True,2016-08-21,12917134,229.0
True,2016-08-22,12917134,229.0
True,2016-08-23,12917134,229.0
True,2016-08-24,12917134,229.0
True,2016-08-25,12917134,229.0
True,2016-08-26,12917134,299.0
True,2016-08-27,12917134,299.0
True,2016-08-28,12917134,229.0
True,2016-08-29,12917134,229.0
True,2016-08-30,12917134,229.0
True,2016-08-31,12917134,229.0
True,2016-09-01,12917134,229.0
True,2016-09-02,12917134,299.0
True,2016-09-03,12917134,299.0
False,2016-05-29,7115664,225.0
False,2016-05-30,7115664,205.0
False,2016-05-31,7115664,205.0
False,2016-06-01,7115664,205.0
False,2016-06-02,7115664,178.0
True,2016-06-03,7115664,178.0
False,2016-06-04,7115664,205.0
False,2016-06-05,7115664,215.0
True,2016-06-06,7115664,178.0
True,2016-06-07,7115664,178.0
True,2016-06-08,7115664,178.0
False,2016-06-09,7115664,193.0
False,2016-06-10,7115664,193.0
False,2016-06-11,7115664,215.0
False,2016-06-12,7115664,215.0
True,2016-06-13,7115664,178.0
False,2016-06-14,7115664,192.0
False,2016-06-15,7115664,202.0
True,2016-06-16,7115664,182.0
True,2016-06-17,7115664,183.0
False,2016-06-18,7115664,207.0
False,2016-06-19,7115664,202.0
True,2016-06-20,7115664,178.0
True,2016-06-21,7115664,178.0
True,2016-06-22,7115664,178.0
False,2016-06-23,7115664,215.0
False,2016-06-24,7115664,215.0
False,2016-06-25,7115664,215.0
False,2016-06-26,7115664,215.0
True,2016-06-27,7115664,178.0
False,2016-06-28,7115664,215.0
False,2016-06-29,7115664,215.0
False,2016-06-30,7115664,202.0
False,2016-07-01,7115664,200.0
True,2016-07-02,7115664,178.0
True,2016-07-03,7115664,178.0
False,2016-07-04,7115664,215.0
False,2016-07-05,7115664,215.0
False,2016-07-06,7115664,215.0
False,2016-07-07,7115664,215.0
False,2016-07-08,7115664,215.0
False,2016-07-09,7115664,215.0
False,2016-07-10,7115664,215.0
False,2016-07-11,7115664,215.0
True,2016-07-12,7115664,178.0
False,2016-07-13,7115664,215.0
False,2016-07-14,7115664,215.0
False,2016-07-15,7115664,236.0
False,2016-07-16,7115664,234.0
False,2016-07-17,7115664,178.0
False,2016-07-18,7115664,178.0
False,2016-07-19,7115664,178.0
False,2016-07-20,7115664,215.0
False,2016-07-21,7115664,215.0
False,2016-07-22,7115664,215.0
False,2016-07-23,7115664,215.0
False,2016-07-24,7115664,178.0
False,2016-07-25,7115664,178.0
False,2016-07-26,7115664,232.0
False,2016-07-27,7115664,204.0
False,2016-07-28,7115664,178.0
False,2016-07-29,7115664,178.0
False,2016-07-30,7115664,178.0
False,2016-07-31,7115664,178.0
False,2016-08-01,7115664,208.0
False,2016-08-02,7115664,208.0
False,2016-08-03,7115664,215.0
False,2016-08-04,7115664,215.0
False,2016-08-05,7115664,215.0
False,2016-08-06,7115664,178.0
False,2016-08-07,7115664,178.0
False,2016-08-08,7115664,178.0
False,2016-08-09,7115664,215.0
False,2016-08-10,7115664,215.0
True,2016-08-11,7115664,178.0
False,2016-08-12,7115664,215.0
False,2016-08-13,7115664,215.0
False,2016-08-14,7115664,215.0
False,2016-08-15,7115664,215.0
False,2016-08-16,7115664,215.0
False,2016-08-17,7115664,215.0
False,2016-08-18,7115664,215.0
True,2016-08-19,7115664,178.0
False,2016-08-20,7115664,238.0
False,2016-08-21,7115664,239.0
False,2016-08-22,7115664,239.0
False,2016-08-23,7115664,178.0
False,2016-08-24,7115664,210.0
False,2016-08-25,7115664,178.0
False,2016-08-26,7115664,178.0
True,2016-08-27,7115664,208.0
True,2016-08-28,7115664,208.0
True,2016-08-29,7115664,208.0
True,2016-08-30,7115664,208.0
True,2016-08-31,7115664,209.0
True,2016-09-01,7115664,178.0
False,2016-09-02,7115664,215.0
False,2016-09-03,7115664,215.0
False,2016-05-29,2628017,200.0
False,2016-05-30,2628017,200.0
False,2016-05-31,2628017,200.0
False,2016-06-01,2628017,200.0
False,2016-06-02,2628017,200.0
False,2016-06-03,2628017,200.0
False,2016-06-04,2628017,200.0
False,2016-06-05,2628017,200.0
False,2016-06-06,2628017,200.0
False,2016-06-07,2628017,200.0
False,2016-06-08,2628017,200.0
False,2016-06-09,2628017,200.0
False,2016-06-10,2628017,200.0
False,2016-06-11,2628017,200.0
False,2016-06-12,2628017,200.0
False,2016-06-13,2628017,200.0
False,2016-06-14,2628017,200.0
False,2016-06-15,2628017,200.0
False,2016-06-16,2628017,200.0
False,2016-06-17,2628017,200.0
False,2016-06-18,2628017,200.0
True,2016-06-19,2628017,200.0
True,2016-06-20,2628017,200.0
False,2016-06-21,2628017,200.0
False,2016-06-22,2628017,200.0
False,2016-06-23,2628017,200.0
False,2016-06-24,2628017,200.0
False,2016-06-25,2628017,200.0
False,2016-06-26,2628017,200.0
False,2016-06-27,2628017,200.0
False,2016-06-28,2628017,200.0
False,2016-06-29,2628017,200.0
False,2016-06-30,2628017,200.0
False,2016-07-01,2628017,200.0
False,2016-07-02,2628017,200.0
False,2016-07-03,2628017,200.0
False,2016-07-04,2628017,200.0
False,2016-07-05,2628017,200.0
False,2016-07-06,2628017,200.0
False,2016-07-07,2628017,200.0
False,2016-07-08,2628017,200.0
False,2016-07-09,2628017,200.0
False,2016-07-10,2628017,200.0
False,2016-07-11,2628017,200.0
False,2016-07-12,2628017,200.0
False,2016-07-13,2628017,200.0
False,2016-07-14,2628017,200.0
False,2016-07-15,2628017,200.0
False,2016-07-16,2628017,200.0
False,2016-07-17,2628017,200.0
False,2016-07-18,2628017,200.0
False,2016-07-19,2628017,200.0
False,2016-07-20,2628017,200.0
False,2016-07-21,2628017,200.0
False,2016-07-22,2628017,200.0
False,2016-07-23,2628017,200.0
False,2016-07-24,2628017,200.0
False,2016-07-25,2628017,200.0
False,2016-07-26,2628017,200.0
False,2016-07-27,2628017,200.0
False,2016-07-28,2628017,200.0
False,2016-07-29,2628017,200.0
False,2016-07-30,2628017,200.0
False,2016-07-31,2628017,200.0
False,2016-08-01,2628017,200.0
False,2016-08-02,2628017,200.0
False,2016-08-03,2628017,200.0
False,2016-08-04,2628017,200.0
False,2016-08-05,2628017,200.0
False,2016-08-06,2628017,200.0
False,2016-08-07,2628017,200.0
False,2016-08-08,2628017,200.0
False,2016-08-09,2628017,200.0
False,2016-08-10,2628017,200.0
False,2016-08-11,2628017,200.0
False,2016-08-12,2628017,200.0
False,2016-08-13,2628017,200.0
False,2016-08-14,2628017,200.0
False,2016-08-15,2628017,200.0
False,2016-08-16,2628017,200.0
False,2016-08-17,2628017,200.0
False,2016-08-18,2628017,200.0
False,2016-08-19,2628017,200.0
False,2016-08-20,2628017,200.0
False,2016-08-21,2628017,200.0
False,2016-08-22,2628017,200.0
False,2016-08-23,2628017,200.0
False,2016-08-24,2628017,200.0
False,2016-08-25,2628017,200.0
False,2016-08-26,2628017,200.0
False,2016-08-27,2628017,200.0
False,2016-08-28,2628017,200.0
False,2016-08-29,2628017,200.0
False,2016-08-30,2628017,200.0
False,2016-08-31,2628017,200.0
False,2016-09-01,2628017,200.0
False,2016-09-02,2628017,200.0
False,2016-09-03,2628017,200.0
False,2016-05-29,12972437,325.0
False,2016-05-30,12972437,325.0
False,2016-05-31,12972437,160.0
False,2016-06-01,12972437,160.0
False,2016-06-02,12972437,325.0
False,2016-06-03,12972437,299.0
False,2016-06-04,12972437,299.0
False,2016-06-05,12972437,325.0
False,2016-06-06,12972437,325.0
False,2016-06-07,12972437,325.0
False,2016-06-08,12972437,325.0
False,2016-06-09,12972437,325.0
False,2016-06-10,12972437,299.0
False,2016-06-11,12972437,299.0
False,2016-06-12,12972437,325.0
False,2016-06-13,12972437,325.0
False,2016-06-14,12972437,325.0
False,2016-06-15,12972437,325.0
False,2016-06-16,12972437,325.0
False,2016-06-17,12972437,299.0
False,2016-06-18,12972437,299.0
False,2016-06-19,12972437,325.0
False,2016-06-20,12972437,325.0
False,2016-06-21,12972437,325.0
False,2016-06-22,12972437,325.0
False,2016-06-23,12972437,325.0
False,2016-06-24,12972437,299.0
False,2016-06-25,12972437,299.0
False,2016-06-26,12972437,325.0
False,2016-06-27,12972437,325.0
False,2016-06-28,12972437,227.0
False,2016-06-29,12972437,227.0
False,2016-06-30,12972437,227.0
False,2016-07-01,12972437,299.0
False,2016-07-02,12972437,299.0
False,2016-07-03,12972437,225.0
False,2016-07-04,12972437,225.0
False,2016-07-05,12972437,225.0
True,2016-07-06,12972437,225.0
True,2016-07-07,12972437,225.0
False,2016-07-08,12972437,299.0
False,2016-07-09,12972437,275.0
False,2016-07-10,12972437,295.0
False,2016-07-11,12972437,278.0
False,2016-07-12,12972437,325.0
False,2016-07-13,12972437,325.0
False,2016-07-14,12972437,325.0
False,2016-07-15,12972437,299.0
True,2016-07-16,12972437,255.0
True,2016-07-17,12972437,257.0
False,2016-07-18,12972437,325.0
False,2016-07-19,12972437,325.0
False,2016-07-20,12972437,325.0
False,2016-07-21,12972437,325.0
False,2016-07-22,12972437,252.0
False,2016-07-23,12972437,299.0
False,2016-07-24,12972437,325.0
False,2016-07-25,12972437,325.0
False,2016-07-26,12972437,325.0
False,2016-07-27,12972437,325.0
False,2016-07-28,12972437,325.0
False,2016-07-29,12972437,299.0
False,2016-07-30,12972437,299.0
True,2016-07-31,12972437,278.0
False,2016-08-01,12972437,325.0
False,2016-08-02,12972437,325.0
False,2016-08-03,12972437,325.0
False,2016-08-04,12972437,325.0
False,2016-08-05,12972437,299.0
False,2016-08-06,12972437,299.0
False,2016-08-07,12972437,325.0
False,2016-08-08,12972437,325.0
False,2016-08-09,12972437,325.0
False,2016-08-10,12972437,325.0
True,2016-08-11,12972437,278.0
True,2016-08-12,12972437,275.0
False,2016-08-13,12972437,299.0
False,2016-08-14,12972437,325.0
False,2016-08-15,12972437,325.0
False,2016-08-16,12972437,325.0
False,2016-08-17,12972437,325.0
False,2016-08-18,12972437,325.0
False,2016-08-19,12972437,299.0
True,2016-08-20,12972437,275.0
False,2016-08-21,12972437,325.0
False,2016-08-22,12972437,325.0
False,2016-08-23,12972437,325.0
False,2016-08-24,12972437,325.0
False,2016-08-25,12972437,306.0
False,2016-08-26,12972437,303.0
True,2016-08-27,12972437,303.0
True,2016-08-28,12972437,280.0
False,2016-08-29,12972437,325.0
False,2016-08-30,12972437,325.0
False,2016-08-31,12972437,325.0
False,2016-09-01,12972437,325.0
False,2016-09-02,12972437,299.0
False,2016-09-03,12972437,299.0
True,2016-05-29,13488534,175.0
True,2016-05-30,13488534,175.0
True,2016-05-31,13488534,175.0
True,2016-06-01,13488534,175.0
True,2016-06-02,13488534,175.0
True,2016-06-03,13488534,175.0
True,2016-06-04,13488534,175.0
True,2016-06-05,13488534,175.0
True,2016-06-06,13488534,175.0
True,2016-06-07,13488534,175.0
True,2016-06-08,13488534,175.0
True,2016-06-09,13488534,175.0
True,2016-06-10,13488534,175.0
True,2016-06-11,13488534,175.0
True,2016-06-12,13488534,175.0
True,2016-06-13,13488534,175.0
False,2016-06-14,13488534,175.0
False,2016-06-15,13488534,175.0
False,2016-06-16,13488534,175.0
False,2016-06-17,13488534,175.0
False,2016-06-18,13488534,175.0
False,2016-06-19,13488534,175.0
False,2016-06-20,13488534,175.0
False,2016-06-21,13488534,175.0
False,2016-06-22,13488534,175.0
False,2016-06-23,13488534,175.0
False,2016-06-24,13488534,175.0
False,2016-06-25,13488534,175.0
False,2016-06-26,13488534,175.0
False,2016-06-27,13488534,175.0
False,2016-06-28,13488534,175.0
False,2016-06-29,13488534,175.0
False,2016-06-30,13488534,175.0
False,2016-07-01,13488534,175.0
False,2016-07-02,13488534,175.0
False,2016-07-03,13488534,175.0
False,2016-07-04,13488534,175.0
False,2016-07-05,13488534,175.0
False,2016-07-06,13488534,175.0
False,2016-07-07,13488534,175.0
False,2016-07-08,13488534,175.0
False,2016-07-09,13488534,175.0
False,2016-07-10,13488534,175.0
False,2016-07-11,13488534,175.0
False,2016-07-12,13488534,175.0
False,2016-07-13,13488534,175.0
False,2016-07-14,13488534,175.0
False,2016-07-15,13488534,175.0
False,2016-07-16,13488534,175.0
False,2016-07-17,13488534,175.0
False,2016-07-18,13488534,175.0
False,2016-07-19,13488534,175.0
False,2016-07-20,13488534,175.0
False,2016-07-21,13488534,175.0
False,2016-07-22,13488534,175.0
False,2016-07-23,13488534,175.0
False,2016-07-24,13488534,175.0
False,2016-07-25,13488534,175.0
False,2016-07-26,13488534,175.0
False,2016-07-27,13488534,175.0
False,2016-07-28,13488534,175.0
False,2016-07-29,13488534,175.0
False,2016-07-30,13488534,175.0
False,2016-07-31,13488534,175.0
False,2016-08-01,13488534,175.0
False,2016-08-02,13488534,175.0
False,2016-08-03,13488534,175.0
False,2016-08-04,13488534,175.0
False,2016-08-05,13488534,175.0
False,2016-08-06,13488534,175.0
False,2016-08-07,13488534,175.0
False,2016-08-08,13488534,175.0
False,2016-08-09,13488534,175.0
False,2016-08-10,13488534,175.0
False,2016-08-11,13488534,175.0
False,2016-08-12,13488534,175.0
False,2016-08-13,13488534,175.0
False,2016-08-14,13488534,175.0
False,2016-08-15,13488534,175.0
False,2016-08-16,13488534,175.0
False,2016-08-17,13488534,175.0
False,2016-08-18,13488534,175.0
False,2016-08-19,13488534,175.0
False,2016-08-20,13488534,175.0
False,2016-08-21,13488534,175.0
False,2016-08-22,13488534,175.0
False,2016-08-23,13488534,175.0
False,2016-08-24,13488534,175.0
False,2016-08-25,13488534,175.0
False,2016-08-26,13488534,175.0
False,2016-08-27,13488534,175.0
False,2016-08-28,13488534,175.0
False,2016-08-29,13488534,175.0
False,2016-08-30,13488534,175.0
False,2016-08-31,13488534,175.0
False,2016-09-01,13488534,175.0
False,2016-09-02,13488534,175.0
False,2016-09-03,13488534,175.0
False,2016-05-29,3689368,215.0
False,2016-05-30,3689368,215.0
False,2016-05-31,3689368,215.0
False,2016-06-01,3689368,217.0
False,2016-06-02,3689368,217.0
False,2016-06-03,3689368,217.0
False,2016-06-04,3689368,217.0
False,2016-06-05,3689368,217.0
False,2016-06-06,3689368,217.0
False,2016-06-07,3689368,217.0
False,2016-06-08,3689368,250.0
False,2016-06-09,3689368,217.0
False,2016-06-10,3689368,217.0
False,2016-06-11,3689368,217.0
False,2016-06-12,3689368,217.0
False,2016-06-13,3689368,217.0
False,2016-06-14,3689368,217.0
False,2016-06-15,3689368,217.0
False,2016-06-16,3689368,217.0
False,2016-06-17,3689368,217.0
False,2016-06-18,3689368,217.0
True,2016-06-19,3689368,207.0
False,2016-06-20,3689368,217.0
False,2016-06-21,3689368,217.0
False,2016-06-22,3689368,244.0
False,2016-06-23,3689368,244.0
False,2016-06-24,3689368,217.0
False,2016-06-25,3689368,217.0
False,2016-06-26,3689368,182.0
False,2016-06-27,3689368,217.0
False,2016-06-28,3689368,217.0
False,2016-06-29,3689368,217.0
False,2016-06-30,3689368,217.0
False,2016-07-01,3689368,244.0
False,2016-07-02,3689368,244.0
False,2016-07-03,3689368,207.0
False,2016-07-04,3689368,244.0
False,2016-07-05,3689368,244.0
False,2016-07-06,3689368,244.0
False,2016-07-07,3689368,244.0
False,2016-07-08,3689368,244.0
False,2016-07-09,3689368,244.0
False,2016-07-10,3689368,241.0
False,2016-07-11,3689368,210.0
False,2016-07-12,3689368,210.0
False,2016-07-13,3689368,241.0
False,2016-07-14,3689368,241.0
False,2016-07-15,3689368,241.0
False,2016-07-16,3689368,241.0
False,2016-07-17,3689368,241.0
False,2016-07-18,3689368,241.0
False,2016-07-19,3689368,241.0
False,2016-07-20,3689368,241.0
False,2016-07-21,3689368,241.0
False,2016-07-22,3689368,241.0
False,2016-07-23,3689368,241.0
False,2016-07-24,3689368,244.0
False,2016-07-25,3689368,215.0
False,2016-07-26,3689368,215.0
False,2016-07-27,3689368,244.0
False,2016-07-28,3689368,244.0
False,2016-07-29,3689368,244.0
False,2016-07-30,3689368,224.0
False,2016-07-31,3689368,224.0
False,2016-08-01,3689368,224.0
False,2016-08-02,3689368,254.0
False,2016-08-03,3689368,254.0
False,2016-08-04,3689368,254.0
False,2016-08-05,3689368,254.0
False,2016-08-06,3689368,254.0
False,2016-08-07,3689368,254.0
False,2016-08-08,3689368,254.0
False,2016-08-09,3689368,254.0
True,2016-08-10,3689368,254.0
False,2016-08-11,3689368,254.0
False,2016-08-12,3689368,254.0
False,2016-08-13,3689368,254.0
False,2016-08-14,3689368,254.0
False,2016-08-15,3689368,254.0
False,2016-08-16,3689368,254.0
False,2016-08-17,3689368,254.0
False,2016-08-18,3689368,254.0
False,2016-08-19,3689368,254.0
True,2016-08-20,3689368,254.0
True,2016-08-21,3689368,254.0
True,2016-08-22,3689368,254.0
True,2016-08-23,3689368,254.0
True,2016-08-24,3689368,254.0
True,2016-08-25,3689368,254.0
True,2016-08-26,3689368,254.0
True,2016-08-27,3689368,254.0
True,2016-08-28,3689368,254.0
True,2016-08-29,3689368,254.0
True,2016-08-30,3689368,254.0
True,2016-08-31,3689368,254.0
True,2016-09-01,3689368,254.0
True,2016-09-02,3689368,254.0
True,2016-09-03,3689368,254.0
False,2016-05-29,5202841,292.0
False,2016-05-30,5202841,279.0
False,2016-05-31,5202841,270.0
False,2016-06-01,5202841,270.0
False,2016-06-02,5202841,281.0
False,2016-06-03,5202841,292.0
True,2016-06-04,5202841,225.0
True,2016-06-05,5202841,225.0
False,2016-06-06,5202841,275.0
False,2016-06-07,5202841,275.0
False,2016-06-08,5202841,275.0
True,2016-06-09,5202841,275.0
False,2016-06-10,5202841,301.0
False,2016-06-11,5202841,308.0
False,2016-06-12,5202841,293.0
False,2016-06-13,5202841,293.0
False,2016-06-14,5202841,293.0
False,2016-06-15,5202841,298.0
False,2016-06-16,5202841,298.0
False,2016-06-17,5202841,310.0
False,2016-06-18,5202841,305.0
True,2016-06-19,5202841,164.0
False,2016-06-20,5202841,297.0
False,2016-06-21,5202841,297.0
False,2016-06-22,5202841,297.0
False,2016-06-23,5202841,297.0
False,2016-06-24,5202841,317.0
False,2016-06-25,5202841,243.0
False,2016-06-26,5202841,250.0
False,2016-06-27,5202841,249.0
True,2016-06-28,5202841,225.0
True,2016-06-29,5202841,225.0
False,2016-06-30,5202841,225.0
False,2016-07-01,5202841,225.0
False,2016-07-02,5202841,256.0
False,2016-07-03,5202841,248.0
False,2016-07-04,5202841,249.0
False,2016-07-05,5202841,147.0
False,2016-07-06,5202841,166.0
True,2016-07-07,5202841,148.0
False,2016-07-08,5202841,251.0
False,2016-07-09,5202841,251.0
False,2016-07-10,5202841,252.0
False,2016-07-11,5202841,239.0
False,2016-07-12,5202841,308.0
False,2016-07-13,5202841,308.0
False,2016-07-14,5202841,308.0
False,2016-07-15,5202841,321.0
False,2016-07-16,5202841,311.0
False,2016-07-17,5202841,311.0
False,2016-07-18,5202841,304.0
False,2016-07-19,5202841,274.0
False,2016-07-20,5202841,274.0
True,2016-07-21,5202841,221.0
False,2016-07-22,5202841,243.0
False,2016-07-23,5202841,200.0
False,2016-07-24,5202841,200.0
False,2016-07-25,5202841,200.0
True,2016-07-26,5202841,220.0
False,2016-07-27,5202841,200.0
False,2016-07-28,5202841,200.0
False,2016-07-29,5202841,200.0
False,2016-07-30,5202841,200.0
False,2016-07-31,5202841,229.0
False,2016-08-01,5202841,251.0
False,2016-08-02,5202841,300.0
False,2016-08-03,5202841,300.0
False,2016-08-04,5202841,248.0
False,2016-08-05,5202841,248.0
False,2016-08-06,5202841,300.0
False,2016-08-07,5202841,300.0
False,2016-08-08,5202841,300.0
True,2016-08-09,5202841,275.0
False,2016-08-10,5202841,275.0
False,2016-08-11,5202841,275.0
True,2016-08-12,5202841,275.0
False,2016-08-13,5202841,300.0
False,2016-08-14,5202841,300.0
False,2016-08-15,5202841,300.0
True,2016-08-16,5202841,300.0
False,2016-08-17,5202841,300.0
False,2016-08-18,5202841,300.0
False,2016-08-19,5202841,300.0
False,2016-08-20,5202841,300.0
False,2016-08-21,5202841,300.0
True,2016-08-22,5202841,300.0
True,2016-08-23,5202841,300.0
True,2016-08-24,5202841,300.0
False,2016-08-25,5202841,300.0
False,2016-08-26,5202841,300.0
False,2016-08-27,5202841,200.0
False,2016-08-28,5202841,200.0
False,2016-08-29,5202841,200.0
False,2016-08-30,5202841,200.0
True,2016-08-31,5202841,200.0
True,2016-09-01,5202841,200.0
False,2016-09-02,5202841,200.0
False,2016-09-03,5202841,200.0
False,2016-05-29,234394,185.0
False,2016-05-30,234394,185.0
False,2016-05-31,234394,185.0
False,2016-06-01,234394,185.0
False,2016-06-02,234394,185.0
False,2016-06-03,234394,185.0
False,2016-06-04,234394,185.0
False,2016-06-05,234394,185.0
False,2016-06-06,234394,185.0
False,2016-06-07,234394,185.0
False,2016-06-08,234394,185.0
False,2016-06-09,234394,185.0
False,2016-06-10,234394,185.0
False,2016-06-11,234394,185.0
False,2016-06-12,234394,185.0
False,2016-06-13,234394,185.0
False,2016-06-14,234394,185.0
False,2016-06-15,234394,185.0
False,2016-06-16,234394,185.0
False,2016-06-17,234394,185.0
False,2016-06-18,234394,185.0
False,2016-06-19,234394,185.0
False,2016-06-20,234394,185.0
False,2016-06-21,234394,185.0
False,2016-06-22,234394,185.0
False,2016-06-23,234394,185.0
False,2016-06-24,234394,185.0
False,2016-06-25,234394,185.0
False,2016-06-26,234394,185.0
False,2016-06-27,234394,185.0
False,2016-06-28,234394,185.0
False,2016-06-29,234394,185.0
True,2016-06-30,234394,195.0
True,2016-07-01,234394,195.0
False,2016-07-02,234394,195.0
False,2016-07-03,234394,195.0
False,2016-07-04,234394,195.0
False,2016-07-05,234394,195.0
False,2016-07-06,234394,195.0
False,2016-07-07,234394,195.0
True,2016-07-08,234394,195.0
True,2016-07-09,234394,195.0
True,2016-07-10,234394,195.0
False,2016-07-11,234394,195.0
False,2016-07-12,234394,195.0
False,2016-07-13,234394,195.0
False,2016-07-14,234394,195.0
False,2016-07-15,234394,195.0
False,2016-07-16,234394,195.0
False,2016-07-17,234394,195.0
False,2016-07-18,234394,195.0
False,2016-07-19,234394,195.0
False,2016-07-20,234394,195.0
False,2016-07-21,234394,195.0
False,2016-07-22,234394,195.0
False,2016-07-23,234394,195.0
False,2016-07-24,234394,195.0
True,2016-07-25,234394,195.0
False,2016-07-26,234394,195.0
False,2016-07-27,234394,195.0
False,2016-07-28,234394,195.0
False,2016-07-29,234394,195.0
False,2016-07-30,234394,195.0
False,2016-07-31,234394,195.0
False,2016-08-01,234394,195.0
False,2016-08-02,234394,195.0
False,2016-08-03,234394,195.0
False,2016-08-04,234394,195.0
True,2016-08-05,234394,195.0
False,2016-08-06,234394,195.0
False,2016-08-07,234394,185.0
False,2016-08-08,234394,185.0
False,2016-08-09,234394,185.0
False,2016-08-10,234394,185.0
False,2016-08-11,234394,185.0
False,2016-08-12,234394,185.0
False,2016-08-13,234394,185.0
False,2016-08-14,234394,185.0
False,2016-08-15,234394,185.0
False,2016-08-16,234394,185.0
False,2016-08-17,234394,185.0
False,2016-08-18,234394,185.0
False,2016-08-19,234394,185.0
False,2016-08-20,234394,185.0
False,2016-08-21,234394,185.0
False,2016-08-22,234394,185.0
False,2016-08-23,234394,185.0
False,2016-08-24,234394,185.0
False,2016-08-25,234394,185.0
False,2016-08-26,234394,185.0
False,2016-08-27,234394,185.0
False,2016-08-28,234394,185.0
False,2016-08-29,234394,185.0
False,2016-08-30,234394,185.0
False,2016-08-31,234394,185.0
False,2016-09-01,234394,185.0
False,2016-09-02,234394,185.0
False,2016-09-03,234394,185.0
False,2016-05-29,1725853,124.0
False,2016-05-30,1725853,124.0
False,2016-05-31,1725853,124.0
False,2016-06-01,1725853,124.0
True,2016-06-02,1725853,124.0
True,2016-06-03,1725853,139.0
False,2016-06-04,1725853,139.0
False,2016-06-05,1725853,124.0
False,2016-06-06,1725853,124.0
False,2016-06-07,1725853,124.0
False,2016-06-08,1725853,124.0
False,2016-06-09,1725853,124.0
False,2016-06-10,1725853,139.0
False,2016-06-11,1725853,139.0
False,2016-06-12,1725853,124.0
False,2016-06-13,1725853,124.0
False,2016-06-14,1725853,124.0
False,2016-06-15,1725853,124.0
False,2016-06-16,1725853,124.0
False,2016-06-17,1725853,139.0
False,2016-06-18,1725853,139.0
False,2016-06-19,1725853,124.0
False,2016-06-20,1725853,124.0
False,2016-06-21,1725853,124.0
False,2016-06-22,1725853,124.0
False,2016-06-23,1725853,124.0
False,2016-06-24,1725853,139.0
False,2016-06-25,1725853,139.0
False,2016-06-26,1725853,124.0
False,2016-06-27,1725853,124.0
False,2016-06-28,1725853,124.0
False,2016-06-29,1725853,124.0
False,2016-06-30,1725853,124.0
False,2016-07-01,1725853,139.0
False,2016-07-02,1725853,139.0
False,2016-07-03,1725853,124.0
False,2016-07-04,1725853,124.0
False,2016-07-05,1725853,124.0
False,2016-07-06,1725853,124.0
False,2016-07-07,1725853,124.0
False,2016-07-08,1725853,139.0
False,2016-07-09,1725853,139.0
False,2016-07-10,1725853,124.0
False,2016-07-11,1725853,124.0
False,2016-07-12,1725853,135.0
False,2016-07-13,1725853,135.0
False,2016-07-14,1725853,135.0
False,2016-07-15,1725853,139.0
False,2016-07-16,1725853,139.0
True,2016-07-17,1725853,124.0
False,2016-07-18,1725853,124.0
False,2016-07-19,1725853,124.0
True,2016-07-20,1725853,124.0
False,2016-07-21,1725853,124.0
False,2016-07-22,1725853,139.0
False,2016-07-23,1725853,139.0
False,2016-07-24,1725853,124.0
False,2016-07-25,1725853,124.0
False,2016-07-26,1725853,124.0
False,2016-07-27,1725853,124.0
False,2016-07-28,1725853,124.0
False,2016-07-29,1725853,139.0
False,2016-07-30,1725853,139.0
False,2016-07-31,1725853,124.0
False,2016-08-01,1725853,124.0
False,2016-08-02,1725853,135.0
False,2016-08-03,1725853,135.0
False,2016-08-04,1725853,124.0
False,2016-08-05,1725853,139.0
False,2016-08-06,1725853,139.0
False,2016-08-07,1725853,124.0
False,2016-08-08,1725853,124.0
False,2016-08-09,1725853,124.0
False,2016-08-10,1725853,124.0
False,2016-08-11,1725853,139.0
False,2016-08-12,1725853,149.0
False,2016-08-13,1725853,149.0
False,2016-08-14,1725853,149.0
False,2016-08-15,1725853,139.0
False,2016-08-16,1725853,124.0
False,2016-08-17,1725853,124.0
False,2016-08-18,1725853,139.0
False,2016-08-19,1725853,149.0
False,2016-08-20,1725853,149.0
False,2016-08-21,1725853,149.0
False,2016-08-22,1725853,139.0
False,2016-08-23,1725853,124.0
False,2016-08-24,1725853,124.0
False,2016-08-25,1725853,124.0
False,2016-08-26,1725853,139.0
False,2016-08-27,1725853,139.0
False,2016-08-28,1725853,124.0
False,2016-08-29,1725853,124.0
False,2016-08-30,1725853,124.0
False,2016-08-31,1725853,124.0
False,2016-09-01,1725853,124.0
False,2016-09-02,1725853,139.0
False,2016-09-03,1725853,139.0
False,2016-05-29,10365342,235.0
False,2016-05-30,10365342,235.0
True,2016-05-31,10365342,235.0
False,2016-06-01,10365342,235.0
False,2016-06-02,10365342,235.0
False,2016-06-03,10365342,235.0
False,2016-06-04,10365342,235.0
False,2016-06-05,10365342,235.0
False,2016-06-06,10365342,235.0
False,2016-06-07,10365342,235.0
False,2016-06-08,10365342,235.0
False,2016-06-09,10365342,235.0
False,2016-06-10,10365342,235.0
False,2016-06-11,10365342,235.0
False,2016-06-12,10365342,235.0
False,2016-06-13,10365342,235.0
False,2016-06-14,10365342,235.0
False,2016-06-15,10365342,235.0
False,2016-06-16,10365342,235.0
False,2016-06-17,10365342,235.0
False,2016-06-18,10365342,235.0
False,2016-06-19,10365342,235.0
False,2016-06-20,10365342,235.0
False,2016-06-21,10365342,235.0
False,2016-06-22,10365342,235.0
False,2016-06-23,10365342,235.0
False,2016-06-24,10365342,235.0
False,2016-06-25,10365342,235.0
False,2016-06-26,10365342,235.0
False,2016-06-27,10365342,235.0
False,2016-06-28,10365342,235.0
False,2016-06-29,10365342,235.0
False,2016-06-30,10365342,235.0
False,2016-07-01,10365342,235.0
False,2016-07-02,10365342,235.0
False,2016-07-03,10365342,235.0
False,2016-07-04,10365342,235.0
False,2016-07-05,10365342,235.0
False,2016-07-06,10365342,235.0
False,2016-07-07,10365342,235.0
False,2016-07-08,10365342,235.0
False,2016-07-09,10365342,235.0
False,2016-07-10,10365342,235.0
False,2016-07-11,10365342,235.0
False,2016-07-12,10365342,235.0
False,2016-07-13,10365342,235.0
False,2016-07-14,10365342,235.0
False,2016-07-15,10365342,235.0
False,2016-07-16,10365342,235.0
False,2016-07-17,10365342,235.0
False,2016-07-18,10365342,235.0
False,2016-07-19,10365342,235.0
False,2016-07-20,10365342,235.0
True,2016-07-21,10365342,290.0
True,2016-07-22,10365342,290.0
True,2016-07-23,10365342,290.0
False,2016-07-24,10365342,235.0
False,2016-07-25,10365342,235.0
False,2016-07-26,10365342,235.0
False,2016-07-27,10365342,235.0
False,2016-07-28,10365342,235.0
False,2016-07-29,10365342,235.0
False,2016-07-30,10365342,235.0
False,2016-07-31,10365342,235.0
False,2016-08-01,10365342,235.0
False,2016-08-02,10365342,235.0
False,2016-08-03,10365342,235.0
False,2016-08-04,10365342,235.0
False,2016-08-05,10365342,235.0
False,2016-08-06,10365342,235.0
False,2016-08-07,10365342,235.0
False,2016-08-08,10365342,235.0
False,2016-08-09,10365342,235.0
False,2016-08-10,10365342,235.0
False,2016-08-11,10365342,235.0
False,2016-08-12,10365342,235.0
False,2016-08-13,10365342,235.0
False,2016-08-14,10365342,235.0
False,2016-08-15,10365342,235.0
False,2016-08-16,10365342,235.0
False,2016-08-17,10365342,235.0
False,2016-08-18,10365342,235.0
False,2016-08-19,10365342,235.0
False,2016-08-20,10365342,235.0
False,2016-08-21,10365342,235.0
False,2016-08-22,10365342,235.0
False,2016-08-23,10365342,235.0
False,2016-08-24,10365342,235.0
False,2016-08-25,10365342,235.0
False,2016-08-26,10365342,235.0
False,2016-08-27,10365342,235.0
False,2016-08-28,10365342,235.0
False,2016-08-29,10365342,235.0
False,2016-08-30,10365342,235.0
False,2016-08-31,10365342,235.0
False,2016-09-01,10365342,235.0
False,2016-09-02,10365342,235.0
False,2016-09-03,10365342,235.0
False,2016-05-29,7028127,250.0
False,2016-05-30,7028127,250.0
False,2016-05-31,7028127,250.0
False,2016-06-01,7028127,250.0
False,2016-06-02,7028127,250.0
True,2016-06-03,7028127,250.0
True,2016-06-04,7028127,250.0
False,2016-06-05,7028127,250.0
False,2016-06-06,7028127,250.0
False,2016-06-07,7028127,250.0
False,2016-06-08,7028127,250.0
False,2016-06-09,7028127,250.0
False,2016-06-10,7028127,250.0
False,2016-06-11,7028127,250.0
True,2016-06-12,7028127,250.0
False,2016-06-13,7028127,250.0
False,2016-06-14,7028127,250.0
False,2016-06-15,7028127,250.0
True,2016-06-16,7028127,250.0
False,2016-06-17,7028127,250.0
False,2016-06-18,7028127,250.0
False,2016-06-19,7028127,250.0
False,2016-06-20,7028127,250.0
False,2016-06-21,7028127,250.0
False,2016-06-22,7028127,250.0
False,2016-06-23,7028127,250.0
False,2016-06-24,7028127,250.0
False,2016-06-25,7028127,250.0
False,2016-06-26,7028127,250.0
False,2016-06-27,7028127,250.0
False,2016-06-28,7028127,250.0
False,2016-06-29,7028127,275.0
False,2016-06-30,7028127,275.0
False,2016-07-01,7028127,275.0
False,2016-07-02,7028127,275.0
False,2016-07-03,7028127,250.0
False,2016-07-04,7028127,250.0
False,2016-07-05,7028127,250.0
False,2016-07-06,7028127,250.0
False,2016-07-07,7028127,250.0
False,2016-07-08,7028127,250.0
False,2016-07-09,7028127,225.0
False,2016-07-10,7028127,225.0
False,2016-07-11,7028127,250.0
False,2016-07-12,7028127,250.0
False,2016-07-13,7028127,250.0
False,2016-07-14,7028127,225.0
False,2016-07-15,7028127,225.0
False,2016-07-16,7028127,250.0
False,2016-07-17,7028127,250.0
False,2016-07-18,7028127,250.0
False,2016-07-19,7028127,250.0
True,2016-07-20,7028127,225.0
False,2016-07-21,7028127,250.0
False,2016-07-22,7028127,250.0
False,2016-07-23,7028127,250.0
False,2016-07-24,7028127,250.0
False,2016-07-25,7028127,250.0
False,2016-07-26,7028127,225.0
False,2016-07-27,7028127,225.0
False,2016-07-28,7028127,275.0
False,2016-07-29,7028127,275.0
False,2016-07-30,7028127,250.0
False,2016-07-31,7028127,250.0
False,2016-08-01,7028127,250.0
True,2016-08-02,7028127,250.0
False,2016-08-03,7028127,250.0
False,2016-08-04,7028127,250.0
False,2016-08-05,7028127,275.0
False,2016-08-06,7028127,250.0
False,2016-08-07,7028127,250.0
False,2016-08-08,7028127,250.0
False,2016-08-09,7028127,250.0
True,2016-08-10,7028127,250.0
True,2016-08-11,7028127,250.0
False,2016-08-12,7028127,250.0
False,2016-08-13,7028127,250.0
False,2016-08-14,7028127,250.0
False,2016-08-15,7028127,250.0
False,2016-08-16,7028127,250.0
False,2016-08-17,7028127,250.0
False,2016-08-18,7028127,250.0
False,2016-08-19,7028127,250.0
False,2016-08-20,7028127,250.0
False,2016-08-21,7028127,250.0
True,2016-08-22,7028127,250.0
False,2016-08-23,7028127,250.0
False,2016-08-24,7028127,250.0
False,2016-08-25,7028127,250.0
False,2016-08-26,7028127,250.0
False,2016-08-27,7028127,250.0
False,2016-08-28,7028127,265.0
False,2016-08-29,7028127,276.0
False,2016-08-30,7028127,276.0
False,2016-08-31,7028127,276.0
False,2016-09-01,7028127,284.0
False,2016-09-02,7028127,284.0
False,2016-09-03,7028127,274.0
False,2016-05-29,10808224,195.0
False,2016-05-30,10808224,195.0
False,2016-05-31,10808224,195.0
False,2016-06-01,10808224,195.0
False,2016-06-02,10808224,195.0
False,2016-06-03,10808224,195.0
False,2016-06-04,10808224,195.0
False,2016-06-05,10808224,195.0
False,2016-06-06,10808224,195.0
False,2016-06-07,10808224,195.0
False,2016-06-08,10808224,195.0
False,2016-06-09,10808224,195.0
False,2016-06-10,10808224,195.0
False,2016-06-11,10808224,195.0
False,2016-06-12,10808224,195.0
False,2016-06-13,10808224,195.0
False,2016-06-14,10808224,195.0
False,2016-06-15,10808224,195.0
False,2016-06-16,10808224,225.0
False,2016-06-17,10808224,225.0
False,2016-06-18,10808224,225.0
False,2016-06-19,10808224,225.0
True,2016-06-20,10808224,225.0
False,2016-06-21,10808224,195.0
False,2016-06-22,10808224,195.0
False,2016-06-23,10808224,195.0
False,2016-06-24,10808224,195.0
False,2016-06-25,10808224,195.0
False,2016-06-26,10808224,195.0
False,2016-06-27,10808224,195.0
False,2016-06-28,10808224,195.0
False,2016-06-29,10808224,195.0
False,2016-06-30,10808224,195.0
False,2016-07-01,10808224,200.0
False,2016-07-02,10808224,200.0
False,2016-07-03,10808224,200.0
False,2016-07-04,10808224,195.0
False,2016-07-05,10808224,195.0
False,2016-07-06,10808224,195.0
False,2016-07-07,10808224,195.0
False,2016-07-08,10808224,195.0
False,2016-07-09,10808224,195.0
False,2016-07-10,10808224,195.0
False,2016-07-11,10808224,195.0
False,2016-07-12,10808224,195.0
False,2016-07-13,10808224,195.0
False,2016-07-14,10808224,195.0
False,2016-07-15,10808224,195.0
False,2016-07-16,10808224,195.0
False,2016-07-17,10808224,195.0
False,2016-07-18,10808224,195.0
False,2016-07-19,10808224,195.0
False,2016-07-20,10808224,195.0
False,2016-07-21,10808224,195.0
False,2016-07-22,10808224,195.0
False,2016-07-23,10808224,195.0
False,2016-07-24,10808224,195.0
False,2016-07-25,10808224,195.0
False,2016-07-26,10808224,195.0
False,2016-07-27,10808224,195.0
False,2016-07-28,10808224,195.0
False,2016-07-29,10808224,195.0
False,2016-07-30,10808224,195.0
False,2016-07-31,10808224,195.0
False,2016-08-01,10808224,195.0
False,2016-08-02,10808224,195.0
False,2016-08-03,10808224,195.0
False,2016-08-04,10808224,195.0
False,2016-08-05,10808224,195.0
False,2016-08-06,10808224,195.0
False,2016-08-07,10808224,195.0
False,2016-08-08,10808224,195.0
False,2016-08-09,10808224,195.0
False,2016-08-10,10808224,195.0
False,2016-08-11,10808224,195.0
False,2016-08-12,10808224,195.0
False,2016-08-13,10808224,195.0
False,2016-08-14,10808224,195.0
False,2016-08-15,10808224,195.0
False,2016-08-16,10808224,195.0
False,2016-08-17,10808224,195.0
False,2016-08-18,10808224,195.0
False,2016-08-19,10808224,195.0
False,2016-08-20,10808224,195.0
False,2016-08-21,10808224,195.0
False,2016-08-22,10808224,195.0
False,2016-08-23,10808224,195.0
False,2016-08-24,10808224,195.0
False,2016-08-25,10808224,195.0
False,2016-08-26,10808224,195.0
False,2016-08-27,10808224,195.0
False,2016-08-28,10808224,195.0
False,2016-08-29,10808224,195.0
False,2016-08-30,10808224,195.0
False,2016-08-31,10808224,195.0
False,2016-09-01,10808224,195.0
False,2016-09-02,10808224,220.0
False,2016-09-03,10808224,220.0
False,2016-05-29,2049955,225.0
False,2016-05-30,2049955,225.0
True,2016-05-31,2049955,275.0
True,2016-06-01,2049955,275.0
False,2016-06-02,2049955,225.0
False,2016-06-03,2049955,225.0
False,2016-06-04,2049955,225.0
False,2016-06-05,2049955,225.0
False,2016-06-06,2049955,225.0
True,2016-06-07,2049955,225.0
False,2016-06-08,2049955,225.0
False,2016-06-09,2049955,225.0
False,2016-06-10,2049955,225.0
False,2016-06-11,2049955,225.0
False,2016-06-12,2049955,225.0
False,2016-06-13,2049955,225.0
False,2016-06-14,2049955,225.0
False,2016-06-15,2049955,225.0
False,2016-06-16,2049955,225.0
False,2016-06-17,2049955,225.0
False,2016-06-18,2049955,225.0
False,2016-06-19,2049955,225.0
False,2016-06-20,2049955,225.0
False,2016-06-21,2049955,225.0
False,2016-06-22,2049955,225.0
False,2016-06-23,2049955,225.0
False,2016-06-24,2049955,225.0
True,2016-06-25,2049955,225.0
False,2016-06-26,2049955,225.0
False,2016-06-27,2049955,225.0
False,2016-06-28,2049955,225.0
False,2016-06-29,2049955,225.0
False,2016-06-30,2049955,225.0
False,2016-07-01,2049955,225.0
True,2016-07-02,2049955,260.0
True,2016-07-03,2049955,260.0
True,2016-07-04,2049955,260.0
False,2016-07-05,2049955,225.0
False,2016-07-06,2049955,225.0
False,2016-07-07,2049955,225.0
False,2016-07-08,2049955,225.0
False,2016-07-09,2049955,225.0
False,2016-07-10,2049955,225.0
False,2016-07-11,2049955,225.0
False,2016-07-12,2049955,225.0
False,2016-07-13,2049955,225.0
False,2016-07-14,2049955,225.0
False,2016-07-15,2049955,225.0
False,2016-07-16,2049955,225.0
False,2016-07-17,2049955,225.0
False,2016-07-18,2049955,225.0
False,2016-07-19,2049955,225.0
False,2016-07-20,2049955,225.0
True,2016-07-21,2049955,225.0
True,2016-07-22,2049955,225.0
False,2016-07-23,2049955,225.0
False,2016-07-24,2049955,225.0
False,2016-07-25,2049955,225.0
False,2016-07-26,2049955,225.0
True,2016-07-27,2049955,225.0
False,2016-07-28,2049955,225.0
False,2016-07-29,2049955,225.0
False,2016-07-30,2049955,225.0
True,2016-07-31,2049955,225.0
True,2016-08-01,2049955,225.0
True,2016-08-02,2049955,225.0
False,2016-08-03,2049955,200.0
False,2016-08-04,2049955,200.0
False,2016-08-05,2049955,200.0
False,2016-08-06,2049955,200.0
False,2016-08-07,2049955,200.0
False,2016-08-08,2049955,200.0
False,2016-08-09,2049955,225.0
False,2016-08-10,2049955,225.0
False,2016-08-11,2049955,225.0
False,2016-08-12,2049955,225.0
False,2016-08-13,2049955,225.0
False,2016-08-14,2049955,225.0
False,2016-08-15,2049955,200.0
False,2016-08-16,2049955,200.0
False,2016-08-17,2049955,200.0
False,2016-08-18,2049955,200.0
False,2016-08-19,2049955,200.0
False,2016-08-20,2049955,200.0
False,2016-08-21,2049955,200.0
False,2016-08-22,2049955,200.0
False,2016-08-23,2049955,200.0
False,2016-08-24,2049955,200.0
False,2016-08-25,2049955,200.0
False,2016-08-26,2049955,225.0
False,2016-08-27,2049955,225.0
False,2016-08-28,2049955,225.0
False,2016-08-29,2049955,225.0
False,2016-08-30,2049955,225.0
True,2016-08-31,2049955,225.0
True,2016-09-01,2049955,225.0
True,2016-09-02,2049955,225.0
True,2016-09-03,2049955,225.0
False,2016-05-29,6292635,195.0
False,2016-05-30,6292635,195.0
False,2016-05-31,6292635,195.0
False,2016-06-01,6292635,195.0
False,2016-06-02,6292635,195.0
False,2016-06-03,6292635,250.0
False,2016-06-04,6292635,250.0
False,2016-06-05,6292635,195.0
False,2016-06-06,6292635,195.0
False,2016-06-07,6292635,195.0
False,2016-06-08,6292635,195.0
False,2016-06-09,6292635,195.0
False,2016-06-10,6292635,250.0
False,2016-06-11,6292635,250.0
False,2016-06-12,6292635,195.0
False,2016-06-13,6292635,195.0
False,2016-06-14,6292635,195.0
False,2016-06-15,6292635,195.0
False,2016-06-16,6292635,195.0
False,2016-06-17,6292635,250.0
False,2016-06-18,6292635,250.0
False,2016-06-19,6292635,220.0
False,2016-06-20,6292635,195.0
False,2016-06-21,6292635,195.0
False,2016-06-22,6292635,195.0
False,2016-06-23,6292635,195.0
False,2016-06-24,6292635,250.0
False,2016-06-25,6292635,250.0
False,2016-06-26,6292635,195.0
False,2016-06-27,6292635,195.0
False,2016-06-28,6292635,195.0
False,2016-06-29,6292635,195.0
False,2016-06-30,6292635,195.0
False,2016-07-01,6292635,250.0
False,2016-07-02,6292635,250.0
False,2016-07-03,6292635,220.0
False,2016-07-04,6292635,195.0
False,2016-07-05,6292635,195.0
False,2016-07-06,6292635,195.0
False,2016-07-07,6292635,195.0
False,2016-07-08,6292635,250.0
False,2016-07-09,6292635,250.0
False,2016-07-10,6292635,195.0
False,2016-07-11,6292635,195.0
False,2016-07-12,6292635,195.0
False,2016-07-13,6292635,195.0
False,2016-07-14,6292635,195.0
True,2016-07-15,6292635,250.0
True,2016-07-16,6292635,250.0
True,2016-07-17,6292635,220.0
False,2016-07-18,6292635,195.0
False,2016-07-19,6292635,195.0
False,2016-07-20,6292635,195.0
False,2016-07-21,6292635,195.0
False,2016-07-22,6292635,250.0
False,2016-07-23,6292635,250.0
False,2016-07-24,6292635,195.0
False,2016-07-25,6292635,195.0
False,2016-07-26,6292635,195.0
False,2016-07-27,6292635,195.0
False,2016-07-28,6292635,195.0
True,2016-07-29,6292635,250.0
True,2016-07-30,6292635,250.0
False,2016-07-31,6292635,220.0
False,2016-08-01,6292635,195.0
False,2016-08-02,6292635,195.0
False,2016-08-03,6292635,195.0
False,2016-08-04,6292635,195.0
False,2016-08-05,6292635,250.0
False,2016-08-06,6292635,250.0
False,2016-08-07,6292635,195.0
False,2016-08-08,6292635,195.0
False,2016-08-09,6292635,195.0
False,2016-08-10,6292635,195.0
True,2016-08-11,6292635,225.0
True,2016-08-12,6292635,250.0
True,2016-08-13,6292635,250.0
True,2016-08-14,6292635,225.0
False,2016-08-15,6292635,195.0
False,2016-08-16,6292635,195.0
False,2016-08-17,6292635,195.0
False,2016-08-18,6292635,195.0
False,2016-08-19,6292635,250.0
False,2016-08-20,6292635,250.0
False,2016-08-21,6292635,195.0
True,2016-08-22,6292635,195.0
True,2016-08-23,6292635,195.0
True,2016-08-24,6292635,195.0
True,2016-08-25,6292635,195.0
True,2016-08-26,6292635,250.0
True,2016-08-27,6292635,250.0
True,2016-08-28,6292635,220.0
False,2016-08-29,6292635,195.0
False,2016-08-30,6292635,195.0
False,2016-08-31,6292635,195.0
False,2016-09-01,6292635,195.0
False,2016-09-02,6292635,250.0
False,2016-09-03,6292635,250.0
False,2016-05-29,7823272,160.0
False,2016-05-30,7823272,145.0
False,2016-05-31,7823272,145.0
False,2016-06-01,7823272,145.0
False,2016-06-02,7823272,145.0
False,2016-06-03,7823272,145.0
False,2016-06-04,7823272,145.0
False,2016-06-05,7823272,145.0
False,2016-06-06,7823272,145.0
False,2016-06-07,7823272,145.0
False,2016-06-08,7823272,145.0
False,2016-06-09,7823272,145.0
False,2016-06-10,7823272,145.0
False,2016-06-11,7823272,145.0
False,2016-06-12,7823272,145.0
False,2016-06-13,7823272,145.0
False,2016-06-14,7823272,145.0
False,2016-06-15,7823272,145.0
False,2016-06-16,7823272,160.0
False,2016-06-17,7823272,160.0
False,2016-06-18,7823272,160.0
False,2016-06-19,7823272,160.0
False,2016-06-20,7823272,160.0
False,2016-06-21,7823272,160.0
False,2016-06-22,7823272,160.0
False,2016-06-23,7823272,160.0
False,2016-06-24,7823272,160.0
False,2016-06-25,7823272,160.0
False,2016-06-26,7823272,160.0
False,2016-06-27,7823272,145.0
False,2016-06-28,7823272,160.0
False,2016-06-29,7823272,160.0
False,2016-06-30,7823272,160.0
False,2016-07-01,7823272,160.0
False,2016-07-02,7823272,145.0
False,2016-07-03,7823272,145.0
False,2016-07-04,7823272,160.0
False,2016-07-05,7823272,160.0
False,2016-07-06,7823272,160.0
False,2016-07-07,7823272,145.0
False,2016-07-08,7823272,145.0
False,2016-07-09,7823272,145.0
False,2016-07-10,7823272,145.0
False,2016-07-11,7823272,145.0
False,2016-07-12,7823272,145.0
False,2016-07-13,7823272,145.0
False,2016-07-14,7823272,145.0
False,2016-07-15,7823272,145.0
False,2016-07-16,7823272,145.0
False,2016-07-17,7823272,145.0
False,2016-07-18,7823272,145.0
False,2016-07-19,7823272,160.0
False,2016-07-20,7823272,160.0
False,2016-07-21,7823272,145.0
False,2016-07-22,7823272,145.0
False,2016-07-23,7823272,145.0
False,2016-07-24,7823272,145.0
False,2016-07-25,7823272,145.0
False,2016-07-26,7823272,145.0
False,2016-07-27,7823272,145.0
False,2016-07-28,7823272,145.0
False,2016-07-29,7823272,160.0
False,2016-07-30,7823272,160.0
False,2016-07-31,7823272,160.0
False,2016-08-01,7823272,145.0
False,2016-08-02,7823272,147.0
False,2016-08-03,7823272,148.0
False,2016-08-04,7823272,145.0
False,2016-08-05,7823272,145.0
False,2016-08-06,7823272,145.0
False,2016-08-07,7823272,151.0
False,2016-08-08,7823272,154.0
False,2016-08-09,7823272,154.0
False,2016-08-10,7823272,154.0
False,2016-08-11,7823272,154.0
False,2016-08-12,7823272,154.0
False,2016-08-13,7823272,154.0
False,2016-08-14,7823272,152.0
False,2016-08-15,7823272,155.0
False,2016-08-16,7823272,155.0
False,2016-08-17,7823272,155.0
False,2016-08-18,7823272,155.0
False,2016-08-19,7823272,155.0
False,2016-08-20,7823272,155.0
False,2016-08-21,7823272,153.0
False,2016-08-22,7823272,152.0
False,2016-08-23,7823272,152.0
False,2016-08-24,7823272,152.0
False,2016-08-25,7823272,145.0
False,2016-08-26,7823272,145.0
False,2016-08-27,7823272,145.0
False,2016-08-28,7823272,145.0
False,2016-08-29,7823272,145.0
False,2016-08-30,7823272,145.0
False,2016-08-31,7823272,145.0
False,2016-09-01,7823272,145.0
False,2016-09-02,7823272,145.0
False,2016-09-03,7823272,145.0
False,2016-05-29,10385321,120.0
False,2016-05-30,10385321,100.0
False,2016-05-31,10385321,100.0
False,2016-06-01,10385321,100.0
False,2016-06-02,10385321,100.0
False,2016-06-03,10385321,120.0
False,2016-06-04,10385321,120.0
True,2016-06-05,10385321,120.0
False,2016-06-06,10385321,100.0
False,2016-06-07,10385321,100.0
False,2016-06-08,10385321,100.0
False,2016-06-09,10385321,100.0
False,2016-06-10,10385321,120.0
False,2016-06-11,10385321,120.0
False,2016-06-12,10385321,120.0
False,2016-06-13,10385321,100.0
False,2016-06-14,10385321,100.0
False,2016-06-15,10385321,100.0
False,2016-06-16,10385321,100.0
False,2016-06-17,10385321,120.0
False,2016-06-18,10385321,120.0
False,2016-06-19,10385321,120.0
False,2016-06-20,10385321,100.0
False,2016-06-21,10385321,100.0
False,2016-06-22,10385321,100.0
False,2016-06-23,10385321,100.0
False,2016-06-24,10385321,120.0
False,2016-06-25,10385321,120.0
False,2016-06-26,10385321,120.0
False,2016-06-27,10385321,100.0
True,2016-06-28,10385321,100.0
False,2016-06-29,10385321,100.0
False,2016-06-30,10385321,100.0
False,2016-07-01,10385321,120.0
False,2016-07-02,10385321,120.0
False,2016-07-03,10385321,120.0
False,2016-07-04,10385321,100.0
False,2016-07-05,10385321,100.0
False,2016-07-06,10385321,100.0
False,2016-07-07,10385321,100.0
False,2016-07-08,10385321,120.0
False,2016-07-09,10385321,120.0
False,2016-07-10,10385321,120.0
False,2016-07-11,10385321,100.0
False,2016-07-12,10385321,100.0
False,2016-07-13,10385321,100.0
False,2016-07-14,10385321,100.0
True,2016-07-15,10385321,120.0
False,2016-07-16,10385321,120.0
False,2016-07-17,10385321,120.0
False,2016-07-18,10385321,100.0
False,2016-07-19,10385321,100.0
False,2016-07-20,10385321,100.0
False,2016-07-21,10385321,100.0
False,2016-07-22,10385321,120.0
False,2016-07-23,10385321,120.0
False,2016-07-24,10385321,120.0
True,2016-07-25,10385321,100.0
False,2016-07-26,10385321,100.0
False,2016-07-27,10385321,100.0
False,2016-07-28,10385321,100.0
False,2016-07-29,10385321,120.0
False,2016-07-30,10385321,120.0
False,2016-07-31,10385321,120.0
False,2016-08-01,10385321,100.0
False,2016-08-02,10385321,100.0
False,2016-08-03,10385321,100.0
True,2016-08-04,10385321,100.0
False,2016-08-05,10385321,120.0
False,2016-08-06,10385321,120.0
False,2016-08-07,10385321,120.0
False,2016-08-08,10385321,100.0
False,2016-08-09,10385321,100.0
False,2016-08-10,10385321,100.0
False,2016-08-11,10385321,100.0
False,2016-08-12,10385321,100.0
False,2016-08-13,10385321,120.0
False,2016-08-14,10385321,120.0
False,2016-08-15,10385321,100.0
False,2016-08-16,10385321,100.0
True,2016-08-17,10385321,100.0
False,2016-08-18,10385321,100.0
False,2016-08-19,10385321,120.0
False,2016-08-20,10385321,120.0
False,2016-08-21,10385321,120.0
True,2016-08-22,10385321,100.0
False,2016-08-23,10385321,100.0
False,2016-08-24,10385321,100.0
False,2016-08-25,10385321,100.0
False,2016-08-26,10385321,120.0
False,2016-08-27,10385321,120.0
True,2016-08-28,10385321,120.0
False,2016-08-29,10385321,100.0
False,2016-08-30,10385321,100.0
False,2016-08-31,10385321,100.0
False,2016-09-01,10385321,100.0
False,2016-09-02,10385321,120.0
False,2016-09-03,10385321,120.0
False,2016-05-29,2139562,195.0
True,2016-05-30,2139562,175.0
True,2016-05-31,2139562,175.0
True,2016-06-01,2139562,175.0
True,2016-06-02,2139562,195.0
False,2016-06-03,2139562,250.0
False,2016-06-04,2139562,235.0
False,2016-06-05,2139562,235.0
True,2016-06-06,2139562,195.0
False,2016-06-07,2139562,195.0
False,2016-06-08,2139562,195.0
False,2016-06-09,2139562,195.0
False,2016-06-10,2139562,250.0
False,2016-06-11,2139562,250.0
True,2016-06-12,2139562,195.0
True,2016-06-13,2139562,195.0
False,2016-06-14,2139562,195.0
False,2016-06-15,2139562,195.0
False,2016-06-16,2139562,195.0
False,2016-06-17,2139562,250.0
False,2016-06-18,2139562,250.0
False,2016-06-19,2139562,195.0
False,2016-06-20,2139562,195.0
True,2016-06-21,2139562,195.0
False,2016-06-22,2139562,195.0
False,2016-06-23,2139562,195.0
False,2016-06-24,2139562,250.0
False,2016-06-25,2139562,250.0
False,2016-06-26,2139562,195.0
False,2016-06-27,2139562,195.0
True,2016-06-28,2139562,195.0
True,2016-06-29,2139562,195.0
True,2016-06-30,2139562,195.0
True,2016-07-01,2139562,250.0
True,2016-07-02,2139562,250.0
False,2016-07-03,2139562,195.0
False,2016-07-04,2139562,195.0
False,2016-07-05,2139562,195.0
False,2016-07-06,2139562,195.0
False,2016-07-07,2139562,195.0
False,2016-07-08,2139562,250.0
True,2016-07-09,2139562,250.0
False,2016-07-10,2139562,195.0
False,2016-07-11,2139562,195.0
False,2016-07-12,2139562,195.0
False,2016-07-13,2139562,195.0
False,2016-07-14,2139562,195.0
False,2016-07-15,2139562,250.0
False,2016-07-16,2139562,250.0
True,2016-07-17,2139562,195.0
True,2016-07-18,2139562,195.0
False,2016-07-19,2139562,235.0
False,2016-07-20,2139562,235.0
False,2016-07-21,2139562,235.0
False,2016-07-22,2139562,250.0
False,2016-07-23,2139562,250.0
False,2016-07-24,2139562,195.0
False,2016-07-25,2139562,195.0
False,2016-07-26,2139562,195.0
False,2016-07-27,2139562,195.0
False,2016-07-28,2139562,195.0
False,2016-07-29,2139562,250.0
False,2016-07-30,2139562,250.0
False,2016-07-31,2139562,195.0
False,2016-08-01,2139562,195.0
False,2016-08-02,2139562,195.0
False,2016-08-03,2139562,195.0
False,2016-08-04,2139562,195.0
False,2016-08-05,2139562,260.0
False,2016-08-06,2139562,275.0
False,2016-08-07,2139562,250.0
False,2016-08-08,2139562,195.0
False,2016-08-09,2139562,195.0
False,2016-08-10,2139562,195.0
False,2016-08-11,2139562,195.0
False,2016-08-12,2139562,250.0
False,2016-08-13,2139562,250.0
False,2016-08-14,2139562,195.0
False,2016-08-15,2139562,195.0
False,2016-08-16,2139562,195.0
False,2016-08-17,2139562,195.0
False,2016-08-18,2139562,235.0
True,2016-08-19,2139562,250.0
True,2016-08-20,2139562,250.0
True,2016-08-21,2139562,195.0
False,2016-08-22,2139562,195.0
False,2016-08-23,2139562,195.0
False,2016-08-24,2139562,195.0
False,2016-08-25,2139562,195.0
False,2016-08-26,2139562,250.0
False,2016-08-27,2139562,250.0
False,2016-08-28,2139562,195.0
False,2016-08-29,2139562,195.0
True,2016-08-30,2139562,146.0
False,2016-08-31,2139562,195.0
False,2016-09-01,2139562,195.0
False,2016-09-02,2139562,250.0
False,2016-09-03,2139562,250.0
False,2016-05-29,7389611,150.0
True,2016-05-30,7389611,185.0
True,2016-05-31,7389611,185.0
True,2016-06-01,7389611,185.0
True,2016-06-02,7389611,185.0
True,2016-06-03,7389611,195.0
True,2016-06-04,7389611,195.0
False,2016-06-05,7389611,185.0
False,2016-06-06,7389611,185.0
False,2016-06-07,7389611,185.0
False,2016-06-08,7389611,185.0
False,2016-06-09,7389611,185.0
False,2016-06-10,7389611,195.0
False,2016-06-11,7389611,195.0
False,2016-06-12,7389611,185.0
False,2016-06-13,7389611,185.0
False,2016-06-14,7389611,185.0
False,2016-06-15,7389611,185.0
False,2016-06-16,7389611,185.0
False,2016-06-17,7389611,195.0
False,2016-06-18,7389611,195.0
False,2016-06-19,7389611,185.0
True,2016-06-20,7389611,185.0
False,2016-06-21,7389611,185.0
False,2016-06-22,7389611,185.0
False,2016-06-23,7389611,185.0
False,2016-06-24,7389611,195.0
False,2016-06-25,7389611,195.0
False,2016-06-26,7389611,150.0
False,2016-06-27,7389611,150.0
False,2016-06-28,7389611,150.0
False,2016-06-29,7389611,150.0
False,2016-06-30,7389611,185.0
False,2016-07-01,7389611,195.0
False,2016-07-02,7389611,195.0
False,2016-07-03,7389611,185.0
False,2016-07-04,7389611,185.0
False,2016-07-05,7389611,185.0
False,2016-07-06,7389611,185.0
False,2016-07-07,7389611,185.0
False,2016-07-08,7389611,195.0
False,2016-07-09,7389611,195.0
True,2016-07-10,7389611,185.0
False,2016-07-11,7389611,185.0
False,2016-07-12,7389611,185.0
False,2016-07-13,7389611,185.0
False,2016-07-14,7389611,185.0
True,2016-07-15,7389611,195.0
False,2016-07-16,7389611,195.0
False,2016-07-17,7389611,185.0
False,2016-07-18,7389611,185.0
False,2016-07-19,7389611,185.0
False,2016-07-20,7389611,185.0
True,2016-07-21,7389611,185.0
True,2016-07-22,7389611,195.0
True,2016-07-23,7389611,195.0
True,2016-07-24,7389611,185.0
False,2016-07-25,7389611,150.0
False,2016-07-26,7389611,150.0
False,2016-07-27,7389611,150.0
False,2016-07-28,7389611,150.0
False,2016-07-29,7389611,195.0
True,2016-07-30,7389611,195.0
False,2016-07-31,7389611,150.0
False,2016-08-01,7389611,150.0
False,2016-08-02,7389611,150.0
False,2016-08-03,7389611,150.0
False,2016-08-04,7389611,150.0
False,2016-08-05,7389611,195.0
False,2016-08-06,7389611,195.0
False,2016-08-07,7389611,150.0
False,2016-08-08,7389611,150.0
False,2016-08-09,7389611,150.0
True,2016-08-10,7389611,150.0
True,2016-08-11,7389611,180.0
True,2016-08-12,7389611,195.0
True,2016-08-13,7389611,195.0
False,2016-08-14,7389611,180.0
False,2016-08-15,7389611,150.0
False,2016-08-16,7389611,150.0
False,2016-08-17,7389611,150.0
True,2016-08-18,7389611,180.0
True,2016-08-19,7389611,195.0
True,2016-08-20,7389611,195.0
True,2016-08-21,7389611,180.0
True,2016-08-22,7389611,150.0
False,2016-08-23,7389611,150.0
False,2016-08-24,7389611,150.0
False,2016-08-25,7389611,180.0
False,2016-08-26,7389611,195.0
True,2016-08-27,7389611,195.0
True,2016-08-28,7389611,180.0
True,2016-08-29,7389611,150.0
True,2016-08-30,7389611,150.0
True,2016-08-31,7389611,150.0
True,2016-09-01,7389611,180.0
True,2016-09-02,7389611,195.0
True,2016-09-03,7389611,195.0
False,2016-05-29,9493932,195.0
False,2016-05-30,9493932,195.0
False,2016-05-31,9493932,195.0
False,2016-06-01,9493932,195.0
False,2016-06-02,9493932,195.0
False,2016-06-03,9493932,195.0
False,2016-06-04,9493932,195.0
True,2016-06-05,9493932,195.0
False,2016-06-06,9493932,195.0
False,2016-06-07,9493932,195.0
False,2016-06-08,9493932,195.0
False,2016-06-09,9493932,195.0
False,2016-06-10,9493932,195.0
False,2016-06-11,9493932,195.0
False,2016-06-12,9493932,195.0
False,2016-06-13,9493932,195.0
False,2016-06-14,9493932,195.0
False,2016-06-15,9493932,195.0
False,2016-06-16,9493932,195.0
False,2016-06-17,9493932,195.0
False,2016-06-18,9493932,195.0
False,2016-06-19,9493932,195.0
False,2016-06-20,9493932,195.0
False,2016-06-21,9493932,195.0
False,2016-06-22,9493932,195.0
False,2016-06-23,9493932,195.0
False,2016-06-24,9493932,195.0
False,2016-06-25,9493932,195.0
False,2016-06-26,9493932,195.0
True,2016-06-27,9493932,195.0
False,2016-06-28,9493932,195.0
False,2016-06-29,9493932,195.0
False,2016-06-30,9493932,195.0
False,2016-07-01,9493932,195.0
False,2016-07-02,9493932,195.0
False,2016-07-03,9493932,195.0
False,2016-07-04,9493932,195.0
False,2016-07-05,9493932,195.0
False,2016-07-06,9493932,195.0
False,2016-07-07,9493932,195.0
False,2016-07-08,9493932,195.0
False,2016-07-09,9493932,195.0
False,2016-07-10,9493932,195.0
False,2016-07-11,9493932,195.0
False,2016-07-12,9493932,195.0
False,2016-07-13,9493932,195.0
False,2016-07-14,9493932,195.0
False,2016-07-15,9493932,195.0
False,2016-07-16,9493932,195.0
False,2016-07-17,9493932,195.0
False,2016-07-18,9493932,195.0
False,2016-07-19,9493932,195.0
False,2016-07-20,9493932,195.0
False,2016-07-21,9493932,195.0
False,2016-07-22,9493932,195.0
False,2016-07-23,9493932,195.0
True,2016-07-24,9493932,195.0
False,2016-07-25,9493932,195.0
False,2016-07-26,9493932,195.0
False,2016-07-27,9493932,195.0
False,2016-07-28,9493932,195.0
False,2016-07-29,9493932,195.0
False,2016-07-30,9493932,195.0
False,2016-07-31,9493932,195.0
False,2016-08-01,9493932,210.0
False,2016-08-02,9493932,210.0
False,2016-08-03,9493932,210.0
False,2016-08-04,9493932,210.0
False,2016-08-05,9493932,210.0
False,2016-08-06,9493932,210.0
False,2016-08-07,9493932,210.0
False,2016-08-08,9493932,210.0
False,2016-08-09,9493932,210.0
False,2016-08-10,9493932,210.0
False,2016-08-11,9493932,210.0
False,2016-08-12,9493932,210.0
False,2016-08-13,9493932,210.0
False,2016-08-14,9493932,210.0
False,2016-08-15,9493932,210.0
False,2016-08-16,9493932,210.0
False,2016-08-17,9493932,210.0
True,2016-08-18,9493932,210.0
False,2016-08-19,9493932,210.0
False,2016-08-20,9493932,210.0
False,2016-08-21,9493932,210.0
False,2016-08-22,9493932,210.0
True,2016-08-23,9493932,210.0
False,2016-08-24,9493932,210.0
False,2016-08-25,9493932,210.0
True,2016-08-26,9493932,210.0
True,2016-08-27,9493932,210.0
True,2016-08-28,9493932,210.0
True,2016-08-29,9493932,210.0
True,2016-08-30,9493932,210.0
True,2016-08-31,9493932,210.0
False,2016-09-01,9493932,175.0
False,2016-09-02,9493932,175.0
False,2016-09-03,9493932,175.0
False,2016-05-29,2527150,204.0
False,2016-05-30,2527150,169.0
False,2016-05-31,2527150,169.0
False,2016-06-01,2527150,169.0
False,2016-06-02,2527150,199.0
False,2016-06-03,2527150,189.0
False,2016-06-04,2527150,189.0
False,2016-06-05,2527150,179.0
False,2016-06-06,2527150,199.0
False,2016-06-07,2527150,209.0
False,2016-06-08,2527150,184.0
False,2016-06-09,2527150,344.0
False,2016-06-10,2527150,194.0
False,2016-06-11,2527150,299.0
False,2016-06-12,2527150,179.0
False,2016-06-13,2527150,184.0
False,2016-06-14,2527150,204.0
False,2016-06-15,2527150,249.0
False,2016-06-16,2527150,269.0
False,2016-06-17,2527150,209.0
False,2016-06-18,2527150,194.0
False,2016-06-19,2527150,179.0
False,2016-06-20,2527150,174.0
False,2016-06-21,2527150,174.0
False,2016-06-22,2527150,179.0
False,2016-06-23,2527150,184.0
False,2016-06-24,2527150,254.0
False,2016-06-25,2527150,199.0
False,2016-06-26,2527150,279.0
False,2016-06-27,2527150,174.0
False,2016-06-28,2527150,174.0
False,2016-06-29,2527150,204.0
False,2016-06-30,2527150,184.0
False,2016-07-01,2527150,194.0
False,2016-07-02,2527150,194.0
False,2016-07-03,2527150,179.0
False,2016-07-04,2527150,169.0
False,2016-07-05,2527150,169.0
False,2016-07-06,2527150,174.0
False,2016-07-07,2527150,179.0
False,2016-07-08,2527150,194.0
False,2016-07-09,2527150,194.0
False,2016-07-10,2527150,179.0
False,2016-07-11,2527150,169.0
False,2016-07-12,2527150,269.0
False,2016-07-13,2527150,299.0
False,2016-07-14,2527150,339.0
False,2016-07-15,2527150,389.0
False,2016-07-16,2527150,194.0
False,2016-07-17,2527150,179.0
False,2016-07-18,2527150,169.0
False,2016-07-19,2527150,169.0
False,2016-07-20,2527150,214.0
False,2016-07-21,2527150,179.0
False,2016-07-22,2527150,194.0
False,2016-07-23,2527150,194.0
False,2016-07-24,2527150,179.0
False,2016-07-25,2527150,169.0
False,2016-07-26,2527150,169.0
False,2016-07-27,2527150,174.0
False,2016-07-28,2527150,179.0
False,2016-07-29,2527150,189.0
False,2016-07-30,2527150,194.0
False,2016-07-31,2527150,179.0
False,2016-08-01,2527150,169.0
False,2016-08-02,2527150,169.0
False,2016-08-03,2527150,174.0
False,2016-08-04,2527150,179.0
False,2016-08-05,2527150,209.0
False,2016-08-06,2527150,244.0
False,2016-08-07,2527150,189.0
False,2016-08-08,2527150,179.0
False,2016-08-09,2527150,179.0
False,2016-08-10,2527150,184.0
False,2016-08-11,2527150,189.0
False,2016-08-12,2527150,204.0
False,2016-08-13,2527150,204.0
False,2016-08-14,2527150,189.0
False,2016-08-15,2527150,179.0
False,2016-08-16,2527150,179.0
False,2016-08-17,2527150,179.0
False,2016-08-18,2527150,204.0
False,2016-08-19,2527150,199.0
False,2016-08-20,2527150,199.0
False,2016-08-21,2527150,184.0
False,2016-08-22,2527150,174.0
False,2016-08-23,2527150,174.0
False,2016-08-24,2527150,179.0
False,2016-08-25,2527150,184.0
False,2016-08-26,2527150,194.0
False,2016-08-27,2527150,194.0
False,2016-08-28,2527150,184.0
False,2016-08-29,2527150,174.0
False,2016-08-30,2527150,189.0
False,2016-08-31,2527150,189.0
False,2016-09-01,2527150,189.0
False,2016-09-02,2527150,189.0
False,2016-09-03,2527150,189.0
True,2016-05-29,12051375,295.0
True,2016-05-30,12051375,295.0
True,2016-05-31,12051375,295.0
True,2016-06-01,12051375,295.0
False,2016-06-02,12051375,295.0
False,2016-06-03,12051375,295.0
False,2016-06-04,12051375,295.0
True,2016-06-05,12051375,295.0
False,2016-06-06,12051375,295.0
False,2016-06-07,12051375,295.0
False,2016-06-08,12051375,295.0
False,2016-06-09,12051375,295.0
False,2016-06-10,12051375,295.0
False,2016-06-11,12051375,295.0
False,2016-06-12,12051375,295.0
False,2016-06-13,12051375,295.0
False,2016-06-14,12051375,295.0
True,2016-06-15,12051375,295.0
False,2016-06-16,12051375,295.0
False,2016-06-17,12051375,295.0
False,2016-06-18,12051375,295.0
True,2016-06-19,12051375,295.0
True,2016-06-20,12051375,295.0
False,2016-06-21,12051375,295.0
False,2016-06-22,12051375,295.0
False,2016-06-23,12051375,295.0
False,2016-06-24,12051375,295.0
False,2016-06-25,12051375,295.0
False,2016-06-26,12051375,295.0
False,2016-06-27,12051375,295.0
False,2016-06-28,12051375,295.0
False,2016-06-29,12051375,295.0
True,2016-06-30,12051375,295.0
False,2016-07-01,12051375,295.0
False,2016-07-02,12051375,295.0
False,2016-07-03,12051375,295.0
False,2016-07-04,12051375,295.0
True,2016-07-05,12051375,295.0
True,2016-07-06,12051375,295.0
False,2016-07-07,12051375,295.0
False,2016-07-08,12051375,295.0
False,2016-07-09,12051375,295.0
False,2016-07-10,12051375,295.0
False,2016-07-11,12051375,295.0
False,2016-07-12,12051375,295.0
False,2016-07-13,12051375,295.0
False,2016-07-14,12051375,295.0
False,2016-07-15,12051375,295.0
False,2016-07-16,12051375,295.0
False,2016-07-17,12051375,295.0
False,2016-07-18,12051375,295.0
False,2016-07-19,12051375,295.0
False,2016-07-20,12051375,295.0
False,2016-07-21,12051375,295.0
True,2016-07-22,12051375,295.0
False,2016-07-23,12051375,295.0
False,2016-07-24,12051375,295.0
False,2016-07-25,12051375,295.0
False,2016-07-26,12051375,295.0
False,2016-07-27,12051375,295.0
False,2016-07-28,12051375,295.0
False,2016-07-29,12051375,295.0
False,2016-07-30,12051375,295.0
False,2016-07-31,12051375,295.0
False,2016-08-01,12051375,295.0
False,2016-08-02,12051375,295.0
True,2016-08-03,12051375,295.0
False,2016-08-04,12051375,295.0
False,2016-08-05,12051375,295.0
False,2016-08-06,12051375,295.0
False,2016-08-07,12051375,295.0
True,2016-08-08,12051375,295.0
False,2016-08-09,12051375,295.0
False,2016-08-10,12051375,295.0
True,2016-08-11,12051375,295.0
False,2016-08-12,12051375,295.0
False,2016-08-13,12051375,295.0
False,2016-08-14,12051375,295.0
True,2016-08-15,12051375,295.0
True,2016-08-16,12051375,295.0
False,2016-08-17,12051375,295.0
False,2016-08-18,12051375,295.0
False,2016-08-19,12051375,295.0
False,2016-08-20,12051375,295.0
False,2016-08-21,12051375,295.0
False,2016-08-22,12051375,295.0
False,2016-08-23,12051375,295.0
False,2016-08-24,12051375,295.0
True,2016-08-25,12051375,295.0
False,2016-08-26,12051375,295.0
False,2016-08-27,12051375,295.0
True,2016-08-28,12051375,295.0
False,2016-08-29,12051375,295.0
False,2016-08-30,12051375,295.0
False,2016-08-31,12051375,295.0
False,2016-09-01,12051375,295.0
False,2016-09-02,12051375,295.0
True,2016-09-03,12051375,295.0
False,2016-05-29,2965433,250.0
False,2016-05-30,2965433,250.0
False,2016-05-31,2965433,250.0
False,2016-06-01,2965433,250.0
False,2016-06-02,2965433,250.0
False,2016-06-03,2965433,250.0
False,2016-06-04,2965433,250.0
True,2016-06-05,2965433,146.0
False,2016-06-06,2965433,249.0
False,2016-06-07,2965433,249.0
False,2016-06-08,2965433,250.0
False,2016-06-09,2965433,253.0
False,2016-06-10,2965433,275.0
False,2016-06-11,2965433,275.0
False,2016-06-12,2965433,253.0
False,2016-06-13,2965433,249.0
False,2016-06-14,2965433,262.0
False,2016-06-15,2965433,299.0
False,2016-06-16,2965433,299.0
False,2016-06-17,2965433,275.0
False,2016-06-18,2965433,275.0
False,2016-06-19,2965433,275.0
False,2016-06-20,2965433,275.0
False,2016-06-21,2965433,275.0
False,2016-06-22,2965433,264.0
False,2016-06-23,2965433,263.0
False,2016-06-24,2965433,265.0
True,2016-06-25,2965433,155.0
False,2016-06-26,2965433,255.0
False,2016-06-27,2965433,257.0
False,2016-06-28,2965433,262.0
False,2016-06-29,2965433,264.0
False,2016-06-30,2965433,263.0
False,2016-07-01,2965433,275.0
False,2016-07-02,2965433,275.0
False,2016-07-03,2965433,250.0
False,2016-07-04,2965433,250.0
False,2016-07-05,2965433,250.0
False,2016-07-06,2965433,250.0
False,2016-07-07,2965433,250.0
False,2016-07-08,2965433,275.0
False,2016-07-09,2965433,275.0
False,2016-07-10,2965433,250.0
False,2016-07-11,2965433,250.0
False,2016-07-12,2965433,250.0
True,2016-07-13,2965433,219.0
True,2016-07-14,2965433,222.0
False,2016-07-15,2965433,260.0
False,2016-07-16,2965433,260.0
False,2016-07-17,2965433,260.0
False,2016-07-18,2965433,260.0
False,2016-07-19,2965433,260.0
False,2016-07-20,2965433,250.0
False,2016-07-21,2965433,250.0
False,2016-07-22,2965433,275.0
False,2016-07-23,2965433,275.0
False,2016-07-24,2965433,250.0
False,2016-07-25,2965433,265.0
False,2016-07-26,2965433,268.0
False,2016-07-27,2965433,273.0
False,2016-07-28,2965433,250.0
False,2016-07-29,2965433,275.0
False,2016-07-30,2965433,275.0
False,2016-07-31,2965433,250.0
False,2016-08-01,2965433,250.0
True,2016-08-02,2965433,204.0
False,2016-08-03,2965433,275.0
False,2016-08-04,2965433,275.0
False,2016-08-05,2965433,299.0
False,2016-08-06,2965433,299.0
False,2016-08-07,2965433,268.0
False,2016-08-08,2965433,250.0
False,2016-08-09,2965433,250.0
False,2016-08-10,2965433,250.0
False,2016-08-11,2965433,250.0
False,2016-08-12,2965433,275.0
False,2016-08-13,2965433,275.0
False,2016-08-14,2965433,250.0
False,2016-08-15,2965433,250.0
False,2016-08-16,2965433,250.0
False,2016-08-17,2965433,250.0
False,2016-08-18,2965433,250.0
False,2016-08-19,2965433,275.0
False,2016-08-20,2965433,275.0
False,2016-08-21,2965433,250.0
False,2016-08-22,2965433,250.0
False,2016-08-23,2965433,250.0
False,2016-08-24,2965433,250.0
False,2016-08-25,2965433,250.0
False,2016-08-26,2965433,275.0
False,2016-08-27,2965433,275.0
False,2016-08-28,2965433,250.0
False,2016-08-29,2965433,250.0
False,2016-08-30,2965433,250.0
False,2016-08-31,2965433,250.0
False,2016-09-01,2965433,250.0
False,2016-09-02,2965433,275.0
False,2016-09-03,2965433,275.0
False,2016-05-29,13389746,180.0
False,2016-05-30,13389746,180.0
False,2016-05-31,13389746,180.0
False,2016-06-01,13389746,180.0
False,2016-06-02,13389746,180.0
False,2016-06-03,13389746,180.0
False,2016-06-04,13389746,180.0
False,2016-06-05,13389746,180.0
False,2016-06-06,13389746,180.0
False,2016-06-07,13389746,180.0
False,2016-06-08,13389746,180.0
False,2016-06-09,13389746,180.0
False,2016-06-10,13389746,180.0
False,2016-06-11,13389746,180.0
False,2016-06-12,13389746,180.0
False,2016-06-13,13389746,180.0
False,2016-06-14,13389746,180.0
False,2016-06-15,13389746,180.0
False,2016-06-16,13389746,180.0
False,2016-06-17,13389746,180.0
False,2016-06-18,13389746,180.0
False,2016-06-19,13389746,180.0
False,2016-06-20,13389746,180.0
False,2016-06-21,13389746,180.0
False,2016-06-22,13389746,180.0
False,2016-06-23,13389746,180.0
False,2016-06-24,13389746,180.0
False,2016-06-25,13389746,180.0
False,2016-06-26,13389746,180.0
False,2016-06-27,13389746,180.0
False,2016-06-28,13389746,180.0
False,2016-06-29,13389746,180.0
False,2016-06-30,13389746,180.0
False,2016-07-01,13389746,180.0
False,2016-07-02,13389746,180.0
False,2016-07-03,13389746,180.0
False,2016-07-04,13389746,180.0
False,2016-07-05,13389746,180.0
False,2016-07-06,13389746,180.0
False,2016-07-07,13389746,180.0
False,2016-07-08,13389746,180.0
False,2016-07-09,13389746,180.0
False,2016-07-10,13389746,180.0
False,2016-07-11,13389746,180.0
False,2016-07-12,13389746,180.0
False,2016-07-13,13389746,180.0
False,2016-07-14,13389746,180.0
False,2016-07-15,13389746,180.0
False,2016-07-16,13389746,180.0
False,2016-07-17,13389746,180.0
False,2016-07-18,13389746,180.0
False,2016-07-19,13389746,180.0
False,2016-07-20,13389746,180.0
False,2016-07-21,13389746,180.0
False,2016-07-22,13389746,180.0
False,2016-07-23,13389746,180.0
False,2016-07-24,13389746,180.0
False,2016-07-25,13389746,180.0
False,2016-07-26,13389746,180.0
False,2016-07-27,13389746,180.0
False,2016-07-28,13389746,180.0
False,2016-07-29,13389746,180.0
False,2016-07-30,13389746,180.0
False,2016-07-31,13389746,180.0
False,2016-08-01,13389746,180.0
False,2016-08-02,13389746,180.0
False,2016-08-03,13389746,180.0
False,2016-08-04,13389746,180.0
False,2016-08-05,13389746,180.0
False,2016-08-06,13389746,180.0
False,2016-08-07,13389746,180.0
False,2016-08-08,13389746,180.0
False,2016-08-09,13389746,180.0
False,2016-08-10,13389746,180.0
False,2016-08-11,13389746,180.0
False,2016-08-12,13389746,180.0
False,2016-08-13,13389746,180.0
False,2016-08-14,13389746,180.0
False,2016-08-15,13389746,180.0
False,2016-08-16,13389746,180.0
False,2016-08-17,13389746,180.0
False,2016-08-18,13389746,180.0
False,2016-08-19,13389746,180.0
False,2016-08-20,13389746,180.0
False,2016-08-21,13389746,180.0
False,2016-08-22,13389746,180.0
False,2016-08-23,13389746,180.0
False,2016-08-24,13389746,180.0
False,2016-08-25,13389746,180.0
False,2016-08-26,13389746,180.0
False,2016-08-27,13389746,180.0
False,2016-08-28,13389746,180.0
False,2016-08-29,13389746,180.0
False,2016-08-30,13389746,180.0
False,2016-08-31,13389746,180.0
False,2016-09-01,13389746,180.0
False,2016-09-02,13389746,180.0
False,2016-09-03,13389746,180.0
False,2016-05-29,13118901,328.0
False,2016-05-30,13118901,328.0
False,2016-05-31,13118901,258.0
True,2016-06-01,13118901,258.0
True,2016-06-02,13118901,328.0
True,2016-06-03,13118901,328.0
True,2016-06-04,13118901,328.0
True,2016-06-05,13118901,258.0
False,2016-06-06,13118901,328.0
True,2016-06-07,13118901,328.0
False,2016-06-08,13118901,328.0
False,2016-06-09,13118901,328.0
False,2016-06-10,13118901,328.0
False,2016-06-11,13118901,328.0
False,2016-06-12,13118901,328.0
False,2016-06-13,13118901,328.0
False,2016-06-14,13118901,358.0
False,2016-06-15,13118901,328.0
True,2016-06-16,13118901,328.0
True,2016-06-17,13118901,328.0
True,2016-06-18,13118901,288.0
True,2016-06-19,13118901,258.0
True,2016-06-20,13118901,258.0
True,2016-06-21,13118901,328.0
True,2016-06-22,13118901,328.0
True,2016-06-23,13118901,328.0
True,2016-06-24,13118901,328.0
True,2016-06-25,13118901,328.0
True,2016-06-26,13118901,258.0
True,2016-06-27,13118901,258.0
False,2016-06-28,13118901,308.0
False,2016-06-29,13118901,308.0
False,2016-06-30,13118901,308.0
True,2016-07-01,13118901,308.0
False,2016-07-02,13118901,328.0
True,2016-07-03,13118901,308.0
True,2016-07-04,13118901,308.0
True,2016-07-05,13118901,258.0
True,2016-07-06,13118901,328.0
True,2016-07-07,13118901,288.0
True,2016-07-08,13118901,328.0
False,2016-07-09,13118901,328.0
False,2016-07-10,13118901,288.0
False,2016-07-11,13118901,328.0
False,2016-07-12,13118901,328.0
False,2016-07-13,13118901,328.0
False,2016-07-14,13118901,328.0
False,2016-07-15,13118901,328.0
False,2016-07-16,13118901,328.0
True,2016-07-17,13118901,308.0
False,2016-07-18,13118901,308.0
False,2016-07-19,13118901,308.0
False,2016-07-20,13118901,328.0
False,2016-07-21,13118901,328.0
False,2016-07-22,13118901,328.0
False,2016-07-23,13118901,328.0
False,2016-07-24,13118901,328.0
False,2016-07-25,13118901,328.0
False,2016-07-26,13118901,288.0
False,2016-07-27,13118901,288.0
False,2016-07-28,13118901,328.0
False,2016-07-29,13118901,328.0
False,2016-07-30,13118901,328.0
True,2016-07-31,13118901,358.0
True,2016-08-01,13118901,308.0
False,2016-08-02,13118901,358.0
False,2016-08-03,13118901,358.0
False,2016-08-04,13118901,358.0
False,2016-08-05,13118901,358.0
False,2016-08-06,13118901,358.0
False,2016-08-07,13118901,414.0
True,2016-08-08,13118901,328.0
False,2016-08-09,13118901,353.0
True,2016-08-10,13118901,328.0
True,2016-08-11,13118901,328.0
False,2016-08-12,13118901,350.0
False,2016-08-13,13118901,308.0
False,2016-08-14,13118901,328.0
False,2016-08-15,13118901,337.0
False,2016-08-16,13118901,328.0
False,2016-08-17,13118901,328.0
False,2016-08-18,13118901,348.0
False,2016-08-19,13118901,384.0
False,2016-08-20,13118901,399.0
True,2016-08-21,13118901,399.0
True,2016-08-22,13118901,400.0
True,2016-08-23,13118901,400.0
True,2016-08-24,13118901,400.0
True,2016-08-25,13118901,400.0
True,2016-08-26,13118901,400.0
True,2016-08-27,13118901,384.0
True,2016-08-28,13118901,379.0
True,2016-08-29,13118901,337.0
True,2016-08-30,13118901,353.0
False,2016-08-31,13118901,354.0
False,2016-09-01,13118901,354.0
True,2016-09-02,13118901,354.0
True,2016-09-03,13118901,354.0
False,2016-05-29,6885816,92.0
False,2016-05-30,6885816,92.0
False,2016-05-31,6885816,92.0
False,2016-06-01,6885816,92.0
False,2016-06-02,6885816,92.0
False,2016-06-03,6885816,92.0
False,2016-06-04,6885816,92.0
False,2016-06-05,6885816,92.0
False,2016-06-06,6885816,92.0
False,2016-06-07,6885816,92.0
False,2016-06-08,6885816,92.0
False,2016-06-09,6885816,92.0
False,2016-06-10,6885816,92.0
False,2016-06-11,6885816,92.0
False,2016-06-12,6885816,92.0
False,2016-06-13,6885816,92.0
False,2016-06-14,6885816,92.0
False,2016-06-15,6885816,92.0
False,2016-06-16,6885816,92.0
False,2016-06-17,6885816,92.0
False,2016-06-18,6885816,92.0
False,2016-06-19,6885816,92.0
False,2016-06-20,6885816,92.0
False,2016-06-21,6885816,92.0
False,2016-06-22,6885816,92.0
False,2016-06-23,6885816,92.0
False,2016-06-24,6885816,92.0
False,2016-06-25,6885816,92.0
False,2016-06-26,6885816,92.0
False,2016-06-27,6885816,92.0
False,2016-06-28,6885816,92.0
False,2016-06-29,6885816,92.0
False,2016-06-30,6885816,92.0
False,2016-07-01,6885816,92.0
False,2016-07-02,6885816,92.0
False,2016-07-03,6885816,92.0
False,2016-07-04,6885816,92.0
False,2016-07-05,6885816,92.0
False,2016-07-06,6885816,92.0
False,2016-07-07,6885816,92.0
False,2016-07-08,6885816,92.0
False,2016-07-09,6885816,92.0
False,2016-07-10,6885816,92.0
False,2016-07-11,6885816,92.0
False,2016-07-12,6885816,132.0
False,2016-07-13,6885816,92.0
False,2016-07-14,6885816,92.0
False,2016-07-15,6885816,98.0
False,2016-07-16,6885816,101.0
False,2016-07-17,6885816,102.0
True,2016-07-18,6885816,102.0
False,2016-07-19,6885816,132.0
False,2016-07-20,6885816,132.0
False,2016-07-21,6885816,132.0
False,2016-07-22,6885816,132.0
False,2016-07-23,6885816,132.0
False,2016-07-24,6885816,132.0
False,2016-07-25,6885816,132.0
False,2016-07-26,6885816,132.0
False,2016-07-27,6885816,132.0
False,2016-07-28,6885816,132.0
False,2016-07-29,6885816,132.0
False,2016-07-30,6885816,132.0
False,2016-07-31,6885816,132.0
False,2016-08-01,6885816,132.0
False,2016-08-02,6885816,132.0
False,2016-08-03,6885816,132.0
False,2016-08-04,6885816,132.0
False,2016-08-05,6885816,132.0
False,2016-08-06,6885816,132.0
False,2016-08-07,6885816,132.0
False,2016-08-08,6885816,132.0
False,2016-08-09,6885816,132.0
False,2016-08-10,6885816,132.0
False,2016-08-11,6885816,132.0
False,2016-08-12,6885816,132.0
False,2016-08-13,6885816,132.0
False,2016-08-14,6885816,132.0
False,2016-08-15,6885816,132.0
False,2016-08-16,6885816,132.0
False,2016-08-17,6885816,132.0
False,2016-08-18,6885816,132.0
False,2016-08-19,6885816,132.0
False,2016-08-20,6885816,132.0
False,2016-08-21,6885816,132.0
False,2016-08-22,6885816,132.0
False,2016-08-23,6885816,132.0
False,2016-08-24,6885816,132.0
False,2016-08-25,6885816,132.0
False,2016-08-26,6885816,132.0
False,2016-08-27,6885816,132.0
False,2016-08-28,6885816,132.0
False,2016-08-29,6885816,132.0
False,2016-08-30,6885816,132.0
False,2016-08-31,6885816,132.0
False,2016-09-01,6885816,132.0
False,2016-09-02,6885816,132.0
False,2016-09-03,6885816,132.0
False,2016-05-29,13734841,400.0
False,2016-05-30,13734841,400.0
False,2016-05-31,13734841,400.0
False,2016-06-01,13734841,400.0
False,2016-06-02,13734841,400.0
False,2016-06-03,13734841,400.0
False,2016-06-04,13734841,400.0
False,2016-06-05,13734841,400.0
False,2016-06-06,13734841,400.0
False,2016-06-07,13734841,400.0
False,2016-06-08,13734841,400.0
False,2016-06-09,13734841,400.0
False,2016-06-10,13734841,400.0
False,2016-06-11,13734841,400.0
False,2016-06-12,13734841,400.0
False,2016-06-13,13734841,400.0
False,2016-06-14,13734841,400.0
False,2016-06-15,13734841,400.0
False,2016-06-16,13734841,400.0
False,2016-06-17,13734841,400.0
False,2016-06-18,13734841,400.0
False,2016-06-19,13734841,400.0
False,2016-06-20,13734841,400.0
False,2016-06-21,13734841,400.0
False,2016-06-22,13734841,400.0
False,2016-06-23,13734841,400.0
False,2016-06-24,13734841,400.0
False,2016-06-25,13734841,400.0
False,2016-06-26,13734841,400.0
False,2016-06-27,13734841,400.0
False,2016-06-28,13734841,400.0
False,2016-06-29,13734841,400.0
False,2016-06-30,13734841,400.0
False,2016-07-01,13734841,400.0
False,2016-07-02,13734841,400.0
False,2016-07-03,13734841,400.0
False,2016-07-04,13734841,400.0
False,2016-07-05,13734841,400.0
False,2016-07-06,13734841,400.0
False,2016-07-07,13734841,400.0
False,2016-07-08,13734841,400.0
False,2016-07-09,13734841,400.0
False,2016-07-10,13734841,400.0
False,2016-07-11,13734841,400.0
False,2016-07-12,13734841,400.0
False,2016-07-13,13734841,400.0
False,2016-07-14,13734841,400.0
False,2016-07-15,13734841,400.0
False,2016-07-16,13734841,400.0
False,2016-07-17,13734841,400.0
False,2016-07-18,13734841,400.0
False,2016-07-19,13734841,400.0
False,2016-07-20,13734841,400.0
False,2016-07-21,13734841,400.0
False,2016-07-22,13734841,400.0
False,2016-07-23,13734841,400.0
False,2016-07-24,13734841,400.0
False,2016-07-25,13734841,400.0
False,2016-07-26,13734841,400.0
True,2016-07-27,13734841,385.0
True,2016-07-28,13734841,385.0
True,2016-07-29,13734841,385.0
True,2016-07-30,13734841,385.0
True,2016-07-31,13734841,385.0
True,2016-08-01,13734841,385.0
True,2016-08-02,13734841,385.0
True,2016-08-03,13734841,385.0
False,2016-08-04,13734841,400.0
False,2016-08-05,13734841,400.0
False,2016-08-06,13734841,400.0
False,2016-08-07,13734841,400.0
False,2016-08-08,13734841,400.0
False,2016-08-09,13734841,400.0
False,2016-08-10,13734841,400.0
False,2016-08-11,13734841,400.0
False,2016-08-12,13734841,400.0
False,2016-08-13,13734841,400.0
False,2016-08-14,13734841,400.0
False,2016-08-15,13734841,400.0
False,2016-08-16,13734841,400.0
False,2016-08-17,13734841,400.0
False,2016-08-18,13734841,400.0
False,2016-08-19,13734841,400.0
False,2016-08-20,13734841,400.0
False,2016-08-21,13734841,400.0
False,2016-08-22,13734841,400.0
False,2016-08-23,13734841,400.0
False,2016-08-24,13734841,400.0
False,2016-08-25,13734841,400.0
False,2016-08-26,13734841,400.0
False,2016-08-27,13734841,400.0
False,2016-08-28,13734841,400.0
False,2016-08-29,13734841,400.0
False,2016-08-30,13734841,400.0
False,2016-08-31,13734841,400.0
False,2016-09-01,13734841,400.0
False,2016-09-02,13734841,400.0
False,2016-09-03,13734841,400.0
False,2016-05-29,11070395,256.0
False,2016-05-30,11070395,238.0
False,2016-05-31,11070395,239.0
False,2016-06-01,11070395,225.0
False,2016-06-02,11070395,225.0
False,2016-06-03,11070395,225.0
False,2016-06-04,11070395,225.0
False,2016-06-05,11070395,225.0
True,2016-06-06,11070395,200.0
True,2016-06-07,11070395,200.0
True,2016-06-08,11070395,225.0
False,2016-06-09,11070395,252.0
False,2016-06-10,11070395,257.0
False,2016-06-11,11070395,262.0
False,2016-06-12,11070395,258.0
False,2016-06-13,11070395,258.0
False,2016-06-14,11070395,258.0
True,2016-06-15,11070395,259.0
True,2016-06-16,11070395,262.0
False,2016-06-17,11070395,263.0
False,2016-06-18,11070395,264.0
False,2016-06-19,11070395,259.0
False,2016-06-20,11070395,245.0
True,2016-06-21,11070395,200.0
True,2016-06-22,11070395,225.0
True,2016-06-23,11070395,225.0
False,2016-06-24,11070395,225.0
False,2016-06-25,11070395,225.0
False,2016-06-26,11070395,225.0
False,2016-06-27,11070395,225.0
False,2016-06-28,11070395,225.0
False,2016-06-29,11070395,233.0
False,2016-06-30,11070395,314.0
False,2016-07-01,11070395,314.0
True,2016-07-02,11070395,280.0
True,2016-07-03,11070395,314.0
True,2016-07-04,11070395,314.0
True,2016-07-05,11070395,280.0
True,2016-07-06,11070395,280.0
False,2016-07-07,11070395,240.0
False,2016-07-08,11070395,240.0
False,2016-07-09,11070395,280.0
False,2016-07-10,11070395,280.0
True,2016-07-11,11070395,250.0
False,2016-07-12,11070395,250.0
False,2016-07-13,11070395,260.0
False,2016-07-14,11070395,280.0
False,2016-07-15,11070395,280.0
False,2016-07-16,11070395,280.0
False,2016-07-17,11070395,260.0
False,2016-07-18,11070395,280.0
False,2016-07-19,11070395,280.0
False,2016-07-20,11070395,280.0
False,2016-07-21,11070395,280.0
False,2016-07-22,11070395,280.0
False,2016-07-23,11070395,280.0
False,2016-07-24,11070395,250.0
False,2016-07-25,11070395,250.0
False,2016-07-26,11070395,280.0
False,2016-07-27,11070395,280.0
False,2016-07-28,11070395,280.0
False,2016-07-29,11070395,280.0
False,2016-07-30,11070395,280.0
False,2016-07-31,11070395,280.0
False,2016-08-01,11070395,280.0
False,2016-08-02,11070395,280.0
False,2016-08-03,11070395,280.0
False,2016-08-04,11070395,280.0
False,2016-08-05,11070395,300.0
False,2016-08-06,11070395,300.0
False,2016-08-07,11070395,300.0
False,2016-08-08,11070395,280.0
False,2016-08-09,11070395,280.0
False,2016-08-10,11070395,280.0
False,2016-08-11,11070395,280.0
False,2016-08-12,11070395,280.0
False,2016-08-13,11070395,280.0
False,2016-08-14,11070395,280.0
False,2016-08-15,11070395,280.0
False,2016-08-16,11070395,280.0
False,2016-08-17,11070395,280.0
False,2016-08-18,11070395,280.0
True,2016-08-19,11070395,280.0
True,2016-08-20,11070395,280.0
True,2016-08-21,11070395,280.0
True,2016-08-22,11070395,280.0
True,2016-08-23,11070395,280.0
False,2016-08-24,11070395,280.0
False,2016-08-25,11070395,280.0
False,2016-08-26,11070395,280.0
False,2016-08-27,11070395,280.0
False,2016-08-28,11070395,280.0
False,2016-08-29,11070395,280.0
True,2016-08-30,11070395,280.0
False,2016-08-31,11070395,280.0
False,2016-09-01,11070395,280.0
False,2016-09-02,11070395,300.0
False,2016-09-03,11070395,280.0
False,2016-05-29,10139068,195.0
False,2016-05-30,10139068,225.0
False,2016-05-31,10139068,195.0
False,2016-06-01,10139068,195.0
False,2016-06-02,10139068,195.0
False,2016-06-03,10139068,195.0
False,2016-06-04,10139068,195.0
False,2016-06-05,10139068,195.0
False,2016-06-06,10139068,195.0
False,2016-06-07,10139068,195.0
False,2016-06-08,10139068,195.0
False,2016-06-09,10139068,195.0
False,2016-06-10,10139068,195.0
False,2016-06-11,10139068,195.0
False,2016-06-12,10139068,195.0
False,2016-06-13,10139068,185.0
False,2016-06-14,10139068,185.0
False,2016-06-15,10139068,185.0
False,2016-06-16,10139068,195.0
False,2016-06-17,10139068,195.0
False,2016-06-18,10139068,195.0
False,2016-06-19,10139068,185.0
False,2016-06-20,10139068,185.0
False,2016-06-21,10139068,185.0
False,2016-06-22,10139068,185.0
False,2016-06-23,10139068,195.0
False,2016-06-24,10139068,181.0
False,2016-06-25,10139068,185.0
False,2016-06-26,10139068,187.0
False,2016-06-27,10139068,193.0
False,2016-06-28,10139068,185.0
False,2016-06-29,10139068,157.0
False,2016-06-30,10139068,165.0
False,2016-07-01,10139068,195.0
False,2016-07-02,10139068,195.0
False,2016-07-03,10139068,165.0
False,2016-07-04,10139068,165.0
False,2016-07-05,10139068,165.0
False,2016-07-06,10139068,165.0
False,2016-07-07,10139068,165.0
False,2016-07-08,10139068,195.0
False,2016-07-09,10139068,195.0
False,2016-07-10,10139068,165.0
False,2016-07-11,10139068,165.0
False,2016-07-12,10139068,165.0
False,2016-07-13,10139068,165.0
False,2016-07-14,10139068,165.0
False,2016-07-15,10139068,195.0
False,2016-07-16,10139068,195.0
False,2016-07-17,10139068,165.0
False,2016-07-18,10139068,158.0
False,2016-07-19,10139068,195.0
False,2016-07-20,10139068,195.0
False,2016-07-21,10139068,195.0
True,2016-07-22,10139068,186.0
True,2016-07-23,10139068,191.0
True,2016-07-24,10139068,180.0
False,2016-07-25,10139068,195.0
False,2016-07-26,10139068,195.0
False,2016-07-27,10139068,195.0
False,2016-07-28,10139068,195.0
False,2016-07-29,10139068,195.0
False,2016-07-30,10139068,195.0
False,2016-07-31,10139068,195.0
False,2016-08-01,10139068,195.0
False,2016-08-02,10139068,195.0
False,2016-08-03,10139068,195.0
False,2016-08-04,10139068,195.0
False,2016-08-05,10139068,195.0
False,2016-08-06,10139068,195.0
False,2016-08-07,10139068,195.0
False,2016-08-08,10139068,195.0
False,2016-08-09,10139068,195.0
False,2016-08-10,10139068,195.0
False,2016-08-11,10139068,195.0
False,2016-08-12,10139068,195.0
False,2016-08-13,10139068,195.0
False,2016-08-14,10139068,195.0
False,2016-08-15,10139068,195.0
False,2016-08-16,10139068,195.0
False,2016-08-17,10139068,195.0
False,2016-08-18,10139068,195.0
False,2016-08-19,10139068,180.0
False,2016-08-20,10139068,180.0
False,2016-08-21,10139068,171.0
False,2016-08-22,10139068,195.0
False,2016-08-23,10139068,195.0
False,2016-08-24,10139068,195.0
False,2016-08-25,10139068,195.0
False,2016-08-26,10139068,195.0
False,2016-08-27,10139068,195.0
False,2016-08-28,10139068,195.0
False,2016-08-29,10139068,195.0
False,2016-08-30,10139068,195.0
False,2016-08-31,10139068,195.0
False,2016-09-01,10139068,195.0
False,2016-09-02,10139068,195.0
False,2016-09-03,10139068,195.0
True,2016-05-29,4480958,240.0
True,2016-05-30,4480958,240.0
True,2016-05-31,4480958,240.0
True,2016-06-01,4480958,240.0
True,2016-06-02,4480958,240.0
True,2016-06-03,4480958,240.0
False,2016-06-04,4480958,240.0
False,2016-06-05,4480958,240.0
False,2016-06-06,4480958,240.0
False,2016-06-07,4480958,240.0
False,2016-06-08,4480958,240.0
False,2016-06-09,4480958,240.0
False,2016-06-10,4480958,240.0
False,2016-06-11,4480958,240.0
True,2016-06-12,4480958,240.0
True,2016-06-13,4480958,240.0
False,2016-06-14,4480958,240.0
False,2016-06-15,4480958,240.0
False,2016-06-16,4480958,240.0
False,2016-06-17,4480958,240.0
False,2016-06-18,4480958,240.0
False,2016-06-19,4480958,240.0
False,2016-06-20,4480958,240.0
False,2016-06-21,4480958,240.0
False,2016-06-22,4480958,240.0
False,2016-06-23,4480958,240.0
True,2016-06-24,4480958,240.0
False,2016-06-25,4480958,240.0
False,2016-06-26,4480958,240.0
False,2016-06-27,4480958,240.0
False,2016-06-28,4480958,240.0
False,2016-06-29,4480958,240.0
False,2016-06-30,4480958,240.0
False,2016-07-01,4480958,300.0
False,2016-07-02,4480958,300.0
False,2016-07-03,4480958,300.0
False,2016-07-04,4480958,300.0
False,2016-07-05,4480958,240.0
False,2016-07-06,4480958,240.0
False,2016-07-07,4480958,240.0
False,2016-07-08,4480958,240.0
False,2016-07-09,4480958,240.0
False,2016-07-10,4480958,240.0
True,2016-07-11,4480958,240.0
False,2016-07-12,4480958,240.0
False,2016-07-13,4480958,240.0
False,2016-07-14,4480958,240.0
False,2016-07-15,4480958,240.0
False,2016-07-16,4480958,240.0
False,2016-07-17,4480958,240.0
False,2016-07-18,4480958,240.0
False,2016-07-19,4480958,240.0
False,2016-07-20,4480958,240.0
False,2016-07-21,4480958,240.0
False,2016-07-22,4480958,240.0
False,2016-07-23,4480958,240.0
False,2016-07-24,4480958,240.0
False,2016-07-25,4480958,240.0
False,2016-07-26,4480958,240.0
True,2016-07-27,4480958,240.0
False,2016-07-28,4480958,240.0
False,2016-07-29,4480958,240.0
False,2016-07-30,4480958,240.0
False,2016-07-31,4480958,240.0
False,2016-08-01,4480958,240.0
False,2016-08-02,4480958,240.0
False,2016-08-03,4480958,240.0
True,2016-08-04,4480958,240.0
True,2016-08-05,4480958,240.0
False,2016-08-06,4480958,240.0
False,2016-08-07,4480958,240.0
False,2016-08-08,4480958,240.0
False,2016-08-09,4480958,240.0
False,2016-08-10,4480958,240.0
False,2016-08-11,4480958,240.0
False,2016-08-12,4480958,240.0
False,2016-08-13,4480958,240.0
False,2016-08-14,4480958,240.0
True,2016-08-15,4480958,240.0
False,2016-08-16,4480958,240.0
False,2016-08-17,4480958,240.0
False,2016-08-18,4480958,240.0
False,2016-08-19,4480958,240.0
True,2016-08-20,4480958,240.0
False,2016-08-21,4480958,240.0
False,2016-08-22,4480958,240.0
False,2016-08-23,4480958,240.0
False,2016-08-24,4480958,240.0
False,2016-08-25,4480958,240.0
False,2016-08-26,4480958,240.0
False,2016-08-27,4480958,240.0
False,2016-08-28,4480958,240.0
False,2016-08-29,4480958,240.0
True,2016-08-30,4480958,240.0
False,2016-08-31,4480958,240.0
False,2016-09-01,4480958,240.0
False,2016-09-02,4480958,240.0
False,2016-09-03,4480958,240.0
False,2016-05-29,3481025,179.0
False,2016-05-30,3481025,179.0
False,2016-05-31,3481025,179.0
False,2016-06-01,3481025,169.0
True,2016-06-02,3481025,169.0
True,2016-06-03,3481025,199.0
False,2016-06-04,3481025,225.0
False,2016-06-05,3481025,225.0
False,2016-06-06,3481025,225.0
False,2016-06-07,3481025,225.0
False,2016-06-08,3481025,225.0
False,2016-06-09,3481025,225.0
False,2016-06-10,3481025,225.0
False,2016-06-11,3481025,225.0
False,2016-06-12,3481025,189.0
False,2016-06-13,3481025,194.0
False,2016-06-14,3481025,192.0
False,2016-06-15,3481025,149.0
False,2016-06-16,3481025,159.0
False,2016-06-17,3481025,200.0
False,2016-06-18,3481025,210.0
False,2016-06-19,3481025,178.0
False,2016-06-20,3481025,200.0
False,2016-06-21,3481025,179.0
False,2016-06-22,3481025,200.0
False,2016-06-23,3481025,200.0
False,2016-06-24,3481025,200.0
False,2016-06-25,3481025,210.0
False,2016-06-26,3481025,169.0
False,2016-06-27,3481025,179.0
False,2016-06-28,3481025,179.0
False,2016-06-29,3481025,179.0
False,2016-06-30,3481025,179.0
False,2016-07-01,3481025,199.0
False,2016-07-02,3481025,219.0
False,2016-07-03,3481025,199.0
False,2016-07-04,3481025,169.0
False,2016-07-05,3481025,139.0
False,2016-07-06,3481025,149.0
False,2016-07-07,3481025,149.0
False,2016-07-08,3481025,199.0
False,2016-07-09,3481025,199.0
False,2016-07-10,3481025,179.0
False,2016-07-11,3481025,189.0
False,2016-07-12,3481025,189.0
False,2016-07-13,3481025,189.0
False,2016-07-14,3481025,189.0
False,2016-07-15,3481025,199.0
False,2016-07-16,3481025,210.0
False,2016-07-17,3481025,179.0
False,2016-07-18,3481025,189.0
False,2016-07-19,3481025,164.0
False,2016-07-20,3481025,163.0
False,2016-07-21,3481025,163.0
False,2016-07-22,3481025,199.0
False,2016-07-23,3481025,199.0
False,2016-07-24,3481025,169.0
False,2016-07-25,3481025,163.0
False,2016-07-26,3481025,167.0
False,2016-07-27,3481025,167.0
False,2016-07-28,3481025,225.0
False,2016-07-29,3481025,225.0
False,2016-07-30,3481025,225.0
False,2016-07-31,3481025,225.0
False,2016-08-01,3481025,225.0
False,2016-08-02,3481025,225.0
False,2016-08-03,3481025,225.0
False,2016-08-04,3481025,250.0
False,2016-08-05,3481025,275.0
False,2016-08-06,3481025,275.0
False,2016-08-07,3481025,225.0
False,2016-08-08,3481025,225.0
False,2016-08-09,3481025,225.0
False,2016-08-10,3481025,225.0
False,2016-08-11,3481025,225.0
False,2016-08-12,3481025,189.0
False,2016-08-13,3481025,189.0
False,2016-08-14,3481025,168.0
False,2016-08-15,3481025,179.0
False,2016-08-16,3481025,179.0
False,2016-08-17,3481025,179.0
False,2016-08-18,3481025,179.0
False,2016-08-19,3481025,189.0
False,2016-08-20,3481025,199.0
True,2016-08-21,3481025,162.0
True,2016-08-22,3481025,169.0
False,2016-08-23,3481025,172.0
False,2016-08-24,3481025,172.0
False,2016-08-25,3481025,172.0
False,2016-08-26,3481025,189.0
False,2016-08-27,3481025,189.0
False,2016-08-28,3481025,169.0
False,2016-08-29,3481025,159.0
False,2016-08-30,3481025,169.0
False,2016-08-31,3481025,169.0
False,2016-09-01,3481025,169.0
False,2016-09-02,3481025,179.0
False,2016-09-03,3481025,179.0
True,2016-05-29,10227655,200.0
True,2016-05-30,10227655,200.0
True,2016-05-31,10227655,199.0
True,2016-06-01,10227655,199.0
True,2016-06-02,10227655,199.0
True,2016-06-03,10227655,199.0
True,2016-06-04,10227655,199.0
False,2016-06-05,10227655,225.0
False,2016-06-06,10227655,225.0
False,2016-06-07,10227655,225.0
False,2016-06-08,10227655,225.0
False,2016-06-09,10227655,225.0
False,2016-06-10,10227655,199.0
False,2016-06-11,10227655,199.0
False,2016-06-12,10227655,225.0
False,2016-06-13,10227655,225.0
False,2016-06-14,10227655,225.0
False,2016-06-15,10227655,225.0
False,2016-06-16,10227655,225.0
False,2016-06-17,10227655,199.0
False,2016-06-18,10227655,199.0
False,2016-06-19,10227655,225.0
False,2016-06-20,10227655,225.0
False,2016-06-21,10227655,225.0
False,2016-06-22,10227655,225.0
False,2016-06-23,10227655,225.0
False,2016-06-24,10227655,275.0
False,2016-06-25,10227655,275.0
False,2016-06-26,10227655,225.0
False,2016-06-27,10227655,225.0
False,2016-06-28,10227655,200.0
False,2016-06-29,10227655,200.0
False,2016-06-30,10227655,200.0
False,2016-07-01,10227655,250.0
False,2016-07-02,10227655,250.0
False,2016-07-03,10227655,250.0
False,2016-07-04,10227655,225.0
False,2016-07-05,10227655,225.0
False,2016-07-06,10227655,225.0
False,2016-07-07,10227655,250.0
False,2016-07-08,10227655,250.0
False,2016-07-09,10227655,250.0
False,2016-07-10,10227655,250.0
False,2016-07-11,10227655,250.0
False,2016-07-12,10227655,250.0
False,2016-07-13,10227655,215.0
False,2016-07-14,10227655,215.0
False,2016-07-15,10227655,245.0
False,2016-07-16,10227655,245.0
False,2016-07-17,10227655,225.0
False,2016-07-18,10227655,225.0
False,2016-07-19,10227655,225.0
False,2016-07-20,10227655,225.0
False,2016-07-21,10227655,225.0
False,2016-07-22,10227655,245.0
False,2016-07-23,10227655,245.0
False,2016-07-24,10227655,225.0
False,2016-07-25,10227655,225.0
False,2016-07-26,10227655,225.0
False,2016-07-27,10227655,250.0
False,2016-07-28,10227655,250.0
False,2016-07-29,10227655,275.0
False,2016-07-30,10227655,275.0
False,2016-07-31,10227655,250.0
False,2016-08-01,10227655,250.0
False,2016-08-02,10227655,250.0
False,2016-08-03,10227655,300.0
False,2016-08-04,10227655,300.0
False,2016-08-05,10227655,325.0
False,2016-08-06,10227655,325.0
False,2016-08-07,10227655,300.0
False,2016-08-08,10227655,300.0
False,2016-08-09,10227655,235.0
False,2016-08-10,10227655,235.0
False,2016-08-11,10227655,235.0
False,2016-08-12,10227655,265.0
False,2016-08-13,10227655,265.0
False,2016-08-14,10227655,235.0
False,2016-08-15,10227655,235.0
False,2016-08-16,10227655,235.0
False,2016-08-17,10227655,235.0
False,2016-08-18,10227655,235.0
False,2016-08-19,10227655,265.0
False,2016-08-20,10227655,265.0
False,2016-08-21,10227655,300.0
False,2016-08-22,10227655,300.0
False,2016-08-23,10227655,300.0
False,2016-08-24,10227655,300.0
False,2016-08-25,10227655,300.0
False,2016-08-26,10227655,325.0
False,2016-08-27,10227655,325.0
False,2016-08-28,10227655,300.0
True,2016-08-29,10227655,215.0
True,2016-08-30,10227655,215.0
True,2016-08-31,10227655,215.0
True,2016-09-01,10227655,215.0
True,2016-09-02,10227655,235.0
True,2016-09-03,10227655,235.0
False,2016-05-29,8054733,250.0
False,2016-05-30,8054733,250.0
False,2016-05-31,8054733,220.0
False,2016-06-01,8054733,220.0
False,2016-06-02,8054733,220.0
False,2016-06-03,8054733,220.0
False,2016-06-04,8054733,220.0
False,2016-06-05,8054733,220.0
False,2016-06-06,8054733,220.0
False,2016-06-07,8054733,220.0
False,2016-06-08,8054733,220.0
False,2016-06-09,8054733,220.0
False,2016-06-10,8054733,220.0
False,2016-06-11,8054733,220.0
False,2016-06-12,8054733,220.0
False,2016-06-13,8054733,220.0
False,2016-06-14,8054733,220.0
False,2016-06-15,8054733,220.0
False,2016-06-16,8054733,220.0
False,2016-06-17,8054733,220.0
False,2016-06-18,8054733,220.0
False,2016-06-19,8054733,220.0
False,2016-06-20,8054733,220.0
False,2016-06-21,8054733,220.0
False,2016-06-22,8054733,220.0
False,2016-06-23,8054733,220.0
False,2016-06-24,8054733,220.0
False,2016-06-25,8054733,220.0
False,2016-06-26,8054733,220.0
False,2016-06-27,8054733,220.0
False,2016-06-28,8054733,220.0
False,2016-06-29,8054733,220.0
False,2016-06-30,8054733,220.0
False,2016-07-01,8054733,220.0
False,2016-07-02,8054733,220.0
False,2016-07-03,8054733,220.0
False,2016-07-04,8054733,220.0
False,2016-07-05,8054733,220.0
False,2016-07-06,8054733,220.0
False,2016-07-07,8054733,220.0
False,2016-07-08,8054733,220.0
False,2016-07-09,8054733,220.0
False,2016-07-10,8054733,220.0
False,2016-07-11,8054733,220.0
False,2016-07-12,8054733,220.0
False,2016-07-13,8054733,220.0
False,2016-07-14,8054733,220.0
False,2016-07-15,8054733,220.0
False,2016-07-16,8054733,220.0
False,2016-07-17,8054733,220.0
False,2016-07-18,8054733,220.0
False,2016-07-19,8054733,220.0
False,2016-07-20,8054733,220.0
False,2016-07-21,8054733,220.0
False,2016-07-22,8054733,220.0
False,2016-07-23,8054733,220.0
False,2016-07-24,8054733,220.0
False,2016-07-25,8054733,220.0
True,2016-07-26,8054733,220.0
False,2016-07-27,8054733,220.0
False,2016-07-28,8054733,220.0
False,2016-07-29,8054733,220.0
False,2016-07-30,8054733,220.0
False,2016-07-31,8054733,220.0
False,2016-08-01,8054733,220.0
False,2016-08-02,8054733,220.0
False,2016-08-03,8054733,220.0
False,2016-08-04,8054733,220.0
False,2016-08-05,8054733,220.0
False,2016-08-06,8054733,220.0
False,2016-08-07,8054733,220.0
False,2016-08-08,8054733,220.0
False,2016-08-09,8054733,220.0
False,2016-08-10,8054733,220.0
False,2016-08-11,8054733,220.0
False,2016-08-12,8054733,220.0
False,2016-08-13,8054733,220.0
False,2016-08-14,8054733,220.0
False,2016-08-15,8054733,220.0
False,2016-08-16,8054733,220.0
False,2016-08-17,8054733,220.0
False,2016-08-18,8054733,220.0
False,2016-08-19,8054733,220.0
False,2016-08-20,8054733,220.0
False,2016-08-21,8054733,220.0
False,2016-08-22,8054733,220.0
False,2016-08-23,8054733,220.0
False,2016-08-24,8054733,220.0
False,2016-08-25,8054733,220.0
False,2016-08-26,8054733,220.0
False,2016-08-27,8054733,220.0
False,2016-08-28,8054733,220.0
False,2016-08-29,8054733,220.0
True,2016-08-30,8054733,220.0
False,2016-08-31,8054733,220.0
False,2016-09-01,8054733,220.0
False,2016-09-02,8054733,220.0
False,2016-09-03,8054733,220.0
False,2016-05-29,4069838,154.0
False,2016-05-30,4069838,154.0
False,2016-05-31,4069838,154.0
True,2016-06-01,4069838,160.0
False,2016-06-02,4069838,160.0
False,2016-06-03,4069838,120.0
False,2016-06-04,4069838,120.0
False,2016-06-05,4069838,160.0
False,2016-06-06,4069838,160.0
False,2016-06-07,4069838,160.0
False,2016-06-08,4069838,160.0
False,2016-06-09,4069838,160.0
False,2016-06-10,4069838,180.0
False,2016-06-11,4069838,180.0
False,2016-06-12,4069838,160.0
False,2016-06-13,4069838,160.0
False,2016-06-14,4069838,160.0
False,2016-06-15,4069838,160.0
False,2016-06-16,4069838,160.0
False,2016-06-17,4069838,180.0
False,2016-06-18,4069838,180.0
False,2016-06-19,4069838,160.0
False,2016-06-20,4069838,160.0
False,2016-06-21,4069838,160.0
False,2016-06-22,4069838,160.0
False,2016-06-23,4069838,160.0
False,2016-06-24,4069838,180.0
False,2016-06-25,4069838,180.0
False,2016-06-26,4069838,160.0
False,2016-06-27,4069838,160.0
False,2016-06-28,4069838,160.0
False,2016-06-29,4069838,160.0
False,2016-06-30,4069838,160.0
False,2016-07-01,4069838,180.0
False,2016-07-02,4069838,180.0
False,2016-07-03,4069838,160.0
False,2016-07-04,4069838,160.0
False,2016-07-05,4069838,160.0
False,2016-07-06,4069838,160.0
False,2016-07-07,4069838,160.0
False,2016-07-08,4069838,180.0
False,2016-07-09,4069838,180.0
False,2016-07-10,4069838,160.0
False,2016-07-11,4069838,160.0
False,2016-07-12,4069838,160.0
False,2016-07-13,4069838,160.0
False,2016-07-14,4069838,160.0
False,2016-07-15,4069838,180.0
False,2016-07-16,4069838,180.0
False,2016-07-17,4069838,160.0
False,2016-07-18,4069838,160.0
False,2016-07-19,4069838,160.0
False,2016-07-20,4069838,160.0
False,2016-07-21,4069838,160.0
False,2016-07-22,4069838,180.0
False,2016-07-23,4069838,180.0
False,2016-07-24,4069838,160.0
False,2016-07-25,4069838,160.0
False,2016-07-26,4069838,160.0
False,2016-07-27,4069838,160.0
False,2016-07-28,4069838,160.0
False,2016-07-29,4069838,180.0
False,2016-07-30,4069838,180.0
False,2016-07-31,4069838,160.0
False,2016-08-01,4069838,160.0
False,2016-08-02,4069838,160.0
True,2016-08-03,4069838,160.0
False,2016-08-04,4069838,160.0
False,2016-08-05,4069838,180.0
False,2016-08-06,4069838,180.0
False,2016-08-07,4069838,175.0
False,2016-08-08,4069838,175.0
False,2016-08-09,4069838,160.0
False,2016-08-10,4069838,160.0
False,2016-08-11,4069838,160.0
False,2016-08-12,4069838,180.0
False,2016-08-13,4069838,180.0
False,2016-08-14,4069838,160.0
False,2016-08-15,4069838,160.0
False,2016-08-16,4069838,160.0
False,2016-08-17,4069838,160.0
False,2016-08-18,4069838,160.0
False,2016-08-19,4069838,180.0
False,2016-08-20,4069838,180.0
False,2016-08-21,4069838,160.0
False,2016-08-22,4069838,160.0
True,2016-08-23,4069838,160.0
False,2016-08-24,4069838,160.0
False,2016-08-25,4069838,160.0
False,2016-08-26,4069838,180.0
True,2016-08-27,4069838,180.0
False,2016-08-28,4069838,160.0
False,2016-08-29,4069838,160.0
False,2016-08-30,4069838,160.0
True,2016-08-31,4069838,160.0
True,2016-09-01,4069838,175.0
False,2016-09-02,4069838,180.0
False,2016-09-03,4069838,180.0
False,2016-05-29,9695480,225.0
False,2016-05-30,9695480,225.0
False,2016-05-31,9695480,225.0
False,2016-06-01,9695480,399.0
False,2016-06-02,9695480,399.0
False,2016-06-03,9695480,449.0
False,2016-06-04,9695480,449.0
False,2016-06-05,9695480,399.0
False,2016-06-06,9695480,399.0
False,2016-06-07,9695480,295.0
False,2016-06-08,9695480,295.0
False,2016-06-09,9695480,295.0
True,2016-06-10,9695480,175.0
False,2016-06-11,9695480,449.0
False,2016-06-12,9695480,399.0
False,2016-06-13,9695480,399.0
False,2016-06-14,9695480,399.0
False,2016-06-15,9695480,399.0
False,2016-06-16,9695480,399.0
False,2016-06-17,9695480,449.0
False,2016-06-18,9695480,449.0
False,2016-06-19,9695480,399.0
False,2016-06-20,9695480,399.0
False,2016-06-21,9695480,399.0
False,2016-06-22,9695480,350.0
False,2016-06-23,9695480,350.0
False,2016-06-24,9695480,449.0
False,2016-06-25,9695480,449.0
False,2016-06-26,9695480,399.0
False,2016-06-27,9695480,399.0
False,2016-06-28,9695480,399.0
False,2016-06-29,9695480,399.0
False,2016-06-30,9695480,399.0
False,2016-07-01,9695480,325.0
False,2016-07-02,9695480,325.0
False,2016-07-03,9695480,295.0
False,2016-07-04,9695480,295.0
False,2016-07-05,9695480,295.0
True,2016-07-06,9695480,199.0
True,2016-07-07,9695480,199.0
False,2016-07-08,9695480,253.0
False,2016-07-09,9695480,449.0
False,2016-07-10,9695480,399.0
False,2016-07-11,9695480,399.0
False,2016-07-12,9695480,199.0
False,2016-07-13,9695480,399.0
False,2016-07-14,9695480,399.0
False,2016-07-15,9695480,449.0
False,2016-07-16,9695480,295.0
False,2016-07-17,9695480,295.0
True,2016-07-18,9695480,199.0
False,2016-07-19,9695480,399.0
False,2016-07-20,9695480,399.0
False,2016-07-21,9695480,399.0
False,2016-07-22,9695480,449.0
False,2016-07-23,9695480,325.0
False,2016-07-24,9695480,325.0
False,2016-07-25,9695480,325.0
False,2016-07-26,9695480,325.0
False,2016-07-27,9695480,325.0
False,2016-07-28,9695480,399.0
False,2016-07-29,9695480,449.0
False,2016-07-30,9695480,449.0
False,2016-07-31,9695480,399.0
False,2016-08-01,9695480,399.0
False,2016-08-02,9695480,299.0
False,2016-08-03,9695480,299.0
False,2016-08-04,9695480,150.0
False,2016-08-05,9695480,449.0
False,2016-08-06,9695480,449.0
False,2016-08-07,9695480,599.0
True,2016-08-08,9695480,195.0
False,2016-08-09,9695480,399.0
False,2016-08-10,9695480,399.0
False,2016-08-11,9695480,399.0
False,2016-08-12,9695480,449.0
False,2016-08-13,9695480,449.0
False,2016-08-14,9695480,190.0
False,2016-08-15,9695480,350.0
False,2016-08-16,9695480,350.0
False,2016-08-17,9695480,399.0
False,2016-08-18,9695480,399.0
False,2016-08-19,9695480,350.0
False,2016-08-20,9695480,350.0
False,2016-08-21,9695480,275.0
False,2016-08-22,9695480,275.0
True,2016-08-23,9695480,275.0
True,2016-08-24,9695480,275.0
True,2016-08-25,9695480,275.0
False,2016-08-26,9695480,350.0
False,2016-08-27,9695480,350.0
True,2016-08-28,9695480,315.0
True,2016-08-29,9695480,315.0
True,2016-08-30,9695480,315.0
True,2016-08-31,9695480,315.0
False,2016-09-01,9695480,399.0
False,2016-09-02,9695480,449.0
False,2016-09-03,9695480,449.0
False,2016-05-29,6505426,174.0
False,2016-05-30,6505426,166.0
False,2016-05-31,6505426,166.0
False,2016-06-01,6505426,166.0
False,2016-06-02,6505426,167.0
False,2016-06-03,6505426,175.0
False,2016-06-04,6505426,175.0
False,2016-06-05,6505426,175.0
False,2016-06-06,6505426,167.0
False,2016-06-07,6505426,165.0
False,2016-06-08,6505426,175.0
False,2016-06-09,6505426,175.0
False,2016-06-10,6505426,175.0
False,2016-06-11,6505426,175.0
False,2016-06-12,6505426,175.0
False,2016-06-13,6505426,175.0
False,2016-06-14,6505426,175.0
False,2016-06-15,6505426,175.0
False,2016-06-16,6505426,168.0
False,2016-06-17,6505426,175.0
False,2016-06-18,6505426,176.0
False,2016-06-19,6505426,176.0
True,2016-06-20,6505426,200.0
False,2016-06-21,6505426,200.0
False,2016-06-22,6505426,200.0
False,2016-06-23,6505426,200.0
False,2016-06-24,6505426,175.0
False,2016-06-25,6505426,175.0
False,2016-06-26,6505426,176.0
False,2016-06-27,6505426,200.0
False,2016-06-28,6505426,200.0
False,2016-06-29,6505426,200.0
False,2016-06-30,6505426,200.0
False,2016-07-01,6505426,200.0
False,2016-07-02,6505426,200.0
False,2016-07-03,6505426,200.0
False,2016-07-04,6505426,200.0
False,2016-07-05,6505426,200.0
False,2016-07-06,6505426,200.0
False,2016-07-07,6505426,200.0
False,2016-07-08,6505426,200.0
False,2016-07-09,6505426,200.0
False,2016-07-10,6505426,200.0
True,2016-07-11,6505426,200.0
False,2016-07-12,6505426,200.0
False,2016-07-13,6505426,200.0
False,2016-07-14,6505426,200.0
False,2016-07-15,6505426,200.0
False,2016-07-16,6505426,200.0
False,2016-07-17,6505426,200.0
False,2016-07-18,6505426,200.0
False,2016-07-19,6505426,200.0
False,2016-07-20,6505426,200.0
False,2016-07-21,6505426,200.0
False,2016-07-22,6505426,200.0
False,2016-07-23,6505426,200.0
False,2016-07-24,6505426,200.0
False,2016-07-25,6505426,200.0
False,2016-07-26,6505426,200.0
False,2016-07-27,6505426,200.0
False,2016-07-28,6505426,200.0
False,2016-07-29,6505426,200.0
False,2016-07-30,6505426,200.0
False,2016-07-31,6505426,200.0
False,2016-08-01,6505426,200.0
False,2016-08-02,6505426,200.0
False,2016-08-03,6505426,200.0
False,2016-08-04,6505426,200.0
False,2016-08-05,6505426,200.0
False,2016-08-06,6505426,200.0
False,2016-08-07,6505426,200.0
False,2016-08-08,6505426,200.0
False,2016-08-09,6505426,200.0
False,2016-08-10,6505426,200.0
False,2016-08-11,6505426,200.0
False,2016-08-12,6505426,200.0
False,2016-08-13,6505426,200.0
False,2016-08-14,6505426,200.0
False,2016-08-15,6505426,200.0
False,2016-08-16,6505426,200.0
False,2016-08-17,6505426,200.0
False,2016-08-18,6505426,200.0
True,2016-08-19,6505426,200.0
False,2016-08-20,6505426,200.0
False,2016-08-21,6505426,200.0
False,2016-08-22,6505426,200.0
True,2016-08-23,6505426,200.0
True,2016-08-24,6505426,200.0
True,2016-08-25,6505426,200.0
False,2016-08-26,6505426,200.0
False,2016-08-27,6505426,200.0
True,2016-08-28,6505426,200.0
False,2016-08-29,6505426,200.0
False,2016-08-30,6505426,200.0
False,2016-08-31,6505426,200.0
False,2016-09-01,6505426,200.0
False,2016-09-02,6505426,200.0
False,2016-09-03,6505426,200.0
False,2016-05-29,9977811,150.0
False,2016-05-30,9977811,150.0
False,2016-05-31,9977811,150.0
False,2016-06-01,9977811,150.0
False,2016-06-02,9977811,150.0
False,2016-06-03,9977811,150.0
False,2016-06-04,9977811,150.0
False,2016-06-05,9977811,150.0
False,2016-06-06,9977811,150.0
False,2016-06-07,9977811,150.0
False,2016-06-08,9977811,150.0
False,2016-06-09,9977811,150.0
False,2016-06-10,9977811,150.0
False,2016-06-11,9977811,150.0
False,2016-06-12,9977811,150.0
False,2016-06-13,9977811,150.0
False,2016-06-14,9977811,150.0
False,2016-06-15,9977811,150.0
False,2016-06-16,9977811,150.0
False,2016-06-17,9977811,150.0
False,2016-06-18,9977811,150.0
False,2016-06-19,9977811,150.0
False,2016-06-20,9977811,150.0
False,2016-06-21,9977811,150.0
False,2016-06-22,9977811,150.0
False,2016-06-23,9977811,150.0
False,2016-06-24,9977811,150.0
False,2016-06-25,9977811,150.0
False,2016-06-26,9977811,150.0
False,2016-06-27,9977811,150.0
False,2016-06-28,9977811,150.0
False,2016-06-29,9977811,150.0
False,2016-06-30,9977811,150.0
False,2016-07-01,9977811,150.0
False,2016-07-02,9977811,150.0
False,2016-07-03,9977811,150.0
True,2016-07-04,9977811,125.0
True,2016-07-05,9977811,125.0
False,2016-07-06,9977811,125.0
False,2016-07-07,9977811,90.0
False,2016-07-08,9977811,125.0
False,2016-07-09,9977811,125.0
True,2016-07-10,9977811,90.0
False,2016-07-11,9977811,150.0
False,2016-07-12,9977811,150.0
False,2016-07-13,9977811,150.0
False,2016-07-14,9977811,150.0
False,2016-07-15,9977811,150.0
False,2016-07-16,9977811,150.0
False,2016-07-17,9977811,150.0
False,2016-07-18,9977811,150.0
False,2016-07-19,9977811,150.0
False,2016-07-20,9977811,150.0
False,2016-07-21,9977811,150.0
False,2016-07-22,9977811,150.0
False,2016-07-23,9977811,150.0
False,2016-07-24,9977811,150.0
False,2016-07-25,9977811,150.0
False,2016-07-26,9977811,150.0
False,2016-07-27,9977811,150.0
False,2016-07-28,9977811,150.0
False,2016-07-29,9977811,150.0
False,2016-07-30,9977811,150.0
False,2016-07-31,9977811,150.0
False,2016-08-01,9977811,150.0
False,2016-08-02,9977811,150.0
False,2016-08-03,9977811,150.0
False,2016-08-04,9977811,150.0
False,2016-08-05,9977811,150.0
False,2016-08-06,9977811,150.0
False,2016-08-07,9977811,150.0
False,2016-08-08,9977811,150.0
False,2016-08-09,9977811,150.0
False,2016-08-10,9977811,150.0
False,2016-08-11,9977811,150.0
False,2016-08-12,9977811,150.0
False,2016-08-13,9977811,150.0
False,2016-08-14,9977811,150.0
False,2016-08-15,9977811,150.0
False,2016-08-16,9977811,150.0
False,2016-08-17,9977811,150.0
False,2016-08-18,9977811,150.0
False,2016-08-19,9977811,150.0
False,2016-08-20,9977811,150.0
False,2016-08-21,9977811,150.0
False,2016-08-22,9977811,150.0
False,2016-08-23,9977811,150.0
False,2016-08-24,9977811,150.0
False,2016-08-25,9977811,150.0
False,2016-08-26,9977811,150.0
False,2016-08-27,9977811,150.0
False,2016-08-28,9977811,150.0
False,2016-08-29,9977811,150.0
False,2016-08-30,9977811,150.0
False,2016-08-31,9977811,150.0
False,2016-09-01,9977811,150.0
False,2016-09-02,9977811,150.0
False,2016-09-03,9977811,150.0
False,2016-05-29,11281876,246.0
False,2016-05-30,11281876,119.0
False,2016-05-31,11281876,180.0
False,2016-06-01,11281876,187.0
False,2016-06-02,11281876,211.0
False,2016-06-03,11281876,211.0
False,2016-06-04,11281876,211.0
False,2016-06-05,11281876,118.0
False,2016-06-06,11281876,237.0
False,2016-06-07,11281876,237.0
False,2016-06-08,11281876,237.0
False,2016-06-09,11281876,237.0
False,2016-06-10,11281876,269.0
False,2016-06-11,11281876,269.0
False,2016-06-12,11281876,243.0
False,2016-06-13,11281876,259.0
False,2016-06-14,11281876,259.0
False,2016-06-15,11281876,259.0
False,2016-06-16,11281876,259.0
False,2016-06-17,11281876,269.0
False,2016-06-18,11281876,171.0
False,2016-06-19,11281876,171.0
False,2016-06-20,11281876,151.0
False,2016-06-21,11281876,141.0
False,2016-06-22,11281876,139.0
False,2016-06-23,11281876,259.0
False,2016-06-24,11281876,269.0
False,2016-06-25,11281876,269.0
False,2016-06-26,11281876,277.0
False,2016-06-27,11281876,129.0
False,2016-06-28,11281876,129.0
False,2016-06-29,11281876,211.0
False,2016-06-30,11281876,211.0
False,2016-07-01,11281876,211.0
False,2016-07-02,11281876,211.0
False,2016-07-03,11281876,211.0
False,2016-07-04,11281876,211.0
False,2016-07-05,11281876,211.0
False,2016-07-06,11281876,139.0
False,2016-07-07,11281876,139.0
False,2016-07-08,11281876,269.0
False,2016-07-09,11281876,269.0
False,2016-07-10,11281876,228.0
False,2016-07-11,11281876,228.0
False,2016-07-12,11281876,139.0
False,2016-07-13,11281876,289.0
False,2016-07-14,11281876,289.0
False,2016-07-15,11281876,269.0
False,2016-07-16,11281876,269.0
False,2016-07-17,11281876,242.0
False,2016-07-18,11281876,242.0
False,2016-07-19,11281876,242.0
False,2016-07-20,11281876,242.0
True,2016-07-21,11281876,146.0
True,2016-07-22,11281876,139.0
False,2016-07-23,11281876,269.0
False,2016-07-24,11281876,238.0
True,2016-07-25,11281876,160.0
True,2016-07-26,11281876,188.0
True,2016-07-27,11281876,164.0
False,2016-07-28,11281876,238.0
False,2016-07-29,11281876,269.0
False,2016-07-30,11281876,269.0
True,2016-07-31,11281876,150.0
True,2016-08-01,11281876,152.0
False,2016-08-02,11281876,249.0
False,2016-08-03,11281876,249.0
False,2016-08-04,11281876,249.0
False,2016-08-05,11281876,269.0
False,2016-08-06,11281876,269.0
False,2016-08-07,11281876,249.0
False,2016-08-08,11281876,196.0
False,2016-08-09,11281876,238.0
False,2016-08-10,11281876,248.0
False,2016-08-11,11281876,248.0
True,2016-08-12,11281876,197.0
True,2016-08-13,11281876,215.0
True,2016-08-14,11281876,196.0
False,2016-08-15,11281876,249.0
False,2016-08-16,11281876,249.0
False,2016-08-17,11281876,249.0
False,2016-08-18,11281876,249.0
False,2016-08-19,11281876,269.0
True,2016-08-20,11281876,189.0
True,2016-08-21,11281876,189.0
True,2016-08-22,11281876,174.0
True,2016-08-23,11281876,144.0
False,2016-08-24,11281876,249.0
False,2016-08-25,11281876,249.0
False,2016-08-26,11281876,269.0
False,2016-08-27,11281876,269.0
True,2016-08-28,11281876,158.0
True,2016-08-29,11281876,175.0
True,2016-08-30,11281876,181.0
True,2016-08-31,11281876,180.0
True,2016-09-01,11281876,223.0
True,2016-09-02,11281876,269.0
True,2016-09-03,11281876,269.0
False,2016-05-29,10994515,350.0
False,2016-05-30,10994515,350.0
False,2016-05-31,10994515,350.0
False,2016-06-01,10994515,350.0
False,2016-06-02,10994515,350.0
False,2016-06-03,10994515,350.0
False,2016-06-04,10994515,350.0
False,2016-06-05,10994515,350.0
False,2016-06-06,10994515,350.0
False,2016-06-07,10994515,350.0
False,2016-06-08,10994515,350.0
False,2016-06-09,10994515,350.0
False,2016-06-10,10994515,350.0
False,2016-06-11,10994515,350.0
False,2016-06-12,10994515,350.0
False,2016-06-13,10994515,350.0
False,2016-06-14,10994515,350.0
False,2016-06-15,10994515,350.0
False,2016-06-16,10994515,350.0
False,2016-06-17,10994515,350.0
False,2016-06-18,10994515,350.0
False,2016-06-19,10994515,350.0
False,2016-06-20,10994515,350.0
False,2016-06-21,10994515,350.0
False,2016-06-22,10994515,350.0
False,2016-06-23,10994515,350.0
False,2016-06-24,10994515,350.0
False,2016-06-25,10994515,350.0
False,2016-06-26,10994515,350.0
False,2016-06-27,10994515,350.0
False,2016-06-28,10994515,350.0
False,2016-06-29,10994515,350.0
False,2016-06-30,10994515,350.0
False,2016-07-01,10994515,350.0
False,2016-07-02,10994515,350.0
False,2016-07-03,10994515,350.0
False,2016-07-04,10994515,350.0
False,2016-07-05,10994515,350.0
False,2016-07-06,10994515,350.0
False,2016-07-07,10994515,350.0
False,2016-07-08,10994515,350.0
False,2016-07-09,10994515,350.0
False,2016-07-10,10994515,350.0
False,2016-07-11,10994515,350.0
False,2016-07-12,10994515,350.0
False,2016-07-13,10994515,350.0
False,2016-07-14,10994515,350.0
False,2016-07-15,10994515,350.0
False,2016-07-16,10994515,350.0
False,2016-07-17,10994515,350.0
False,2016-07-18,10994515,350.0
False,2016-07-19,10994515,350.0
False,2016-07-20,10994515,350.0
False,2016-07-21,10994515,350.0
False,2016-07-22,10994515,350.0
False,2016-07-23,10994515,350.0
False,2016-07-24,10994515,350.0
False,2016-07-25,10994515,350.0
False,2016-07-26,10994515,350.0
False,2016-07-27,10994515,350.0
False,2016-07-28,10994515,350.0
False,2016-07-29,10994515,350.0
False,2016-07-30,10994515,350.0
False,2016-07-31,10994515,350.0
False,2016-08-01,10994515,350.0
False,2016-08-02,10994515,350.0
False,2016-08-03,10994515,350.0
False,2016-08-04,10994515,350.0
False,2016-08-05,10994515,350.0
False,2016-08-06,10994515,350.0
False,2016-08-07,10994515,350.0
False,2016-08-08,10994515,350.0
False,2016-08-09,10994515,350.0
False,2016-08-10,10994515,350.0
False,2016-08-11,10994515,350.0
False,2016-08-12,10994515,350.0
False,2016-08-13,10994515,350.0
False,2016-08-14,10994515,350.0
False,2016-08-15,10994515,350.0
False,2016-08-16,10994515,350.0
False,2016-08-17,10994515,350.0
False,2016-08-18,10994515,350.0
False,2016-08-19,10994515,350.0
False,2016-08-20,10994515,350.0
False,2016-08-21,10994515,350.0
False,2016-08-22,10994515,350.0
False,2016-08-23,10994515,350.0
False,2016-08-24,10994515,350.0
False,2016-08-25,10994515,350.0
False,2016-08-26,10994515,350.0
False,2016-08-27,10994515,350.0
False,2016-08-28,10994515,350.0
False,2016-08-29,10994515,350.0
False,2016-08-30,10994515,350.0
False,2016-08-31,10994515,350.0
False,2016-09-01,10994515,350.0
False,2016-09-02,10994515,350.0
False,2016-09-03,10994515,350.0
False,2016-05-29,1510363,130.0
False,2016-05-30,1510363,130.0
False,2016-05-31,1510363,130.0
False,2016-06-01,1510363,130.0
True,2016-06-02,1510363,130.0
False,2016-06-03,1510363,130.0
False,2016-06-04,1510363,130.0
False,2016-06-05,1510363,130.0
False,2016-06-06,1510363,130.0
False,2016-06-07,1510363,130.0
True,2016-06-08,1510363,130.0
True,2016-06-09,1510363,130.0
False,2016-06-10,1510363,130.0
False,2016-06-11,1510363,130.0
False,2016-06-12,1510363,130.0
False,2016-06-13,1510363,130.0
False,2016-06-14,1510363,130.0
False,2016-06-15,1510363,130.0
False,2016-06-16,1510363,130.0
False,2016-06-17,1510363,130.0
False,2016-06-18,1510363,130.0
False,2016-06-19,1510363,130.0
False,2016-06-20,1510363,130.0
False,2016-06-21,1510363,130.0
False,2016-06-22,1510363,130.0
False,2016-06-23,1510363,130.0
False,2016-06-24,1510363,130.0
False,2016-06-25,1510363,130.0
False,2016-06-26,1510363,130.0
False,2016-06-27,1510363,130.0
False,2016-06-28,1510363,130.0
False,2016-06-29,1510363,130.0
False,2016-06-30,1510363,130.0
False,2016-07-01,1510363,130.0
False,2016-07-02,1510363,130.0
False,2016-07-03,1510363,130.0
False,2016-07-04,1510363,130.0
False,2016-07-05,1510363,130.0
False,2016-07-06,1510363,130.0
False,2016-07-07,1510363,130.0
False,2016-07-08,1510363,130.0
False,2016-07-09,1510363,130.0
False,2016-07-10,1510363,130.0
False,2016-07-11,1510363,130.0
False,2016-07-12,1510363,130.0
False,2016-07-13,1510363,130.0
False,2016-07-14,1510363,130.0
False,2016-07-15,1510363,130.0
False,2016-07-16,1510363,130.0
False,2016-07-17,1510363,130.0
False,2016-07-18,1510363,130.0
False,2016-07-19,1510363,130.0
False,2016-07-20,1510363,130.0
False,2016-07-21,1510363,130.0
False,2016-07-22,1510363,130.0
False,2016-07-23,1510363,130.0
False,2016-07-24,1510363,130.0
False,2016-07-25,1510363,130.0
False,2016-07-26,1510363,130.0
False,2016-07-27,1510363,130.0
False,2016-07-28,1510363,130.0
False,2016-07-29,1510363,130.0
False,2016-07-30,1510363,130.0
False,2016-07-31,1510363,130.0
False,2016-08-01,1510363,130.0
False,2016-08-02,1510363,130.0
False,2016-08-03,1510363,130.0
False,2016-08-04,1510363,130.0
False,2016-08-05,1510363,130.0
False,2016-08-06,1510363,130.0
False,2016-08-07,1510363,130.0
False,2016-08-08,1510363,130.0
False,2016-08-09,1510363,130.0
False,2016-08-10,1510363,130.0
False,2016-08-11,1510363,130.0
False,2016-08-12,1510363,130.0
False,2016-08-13,1510363,130.0
False,2016-08-14,1510363,130.0
False,2016-08-15,1510363,130.0
False,2016-08-16,1510363,130.0
False,2016-08-17,1510363,130.0
False,2016-08-18,1510363,130.0
False,2016-08-19,1510363,130.0
True,2016-08-20,1510363,130.0
False,2016-08-21,1510363,130.0
False,2016-08-22,1510363,130.0
False,2016-08-23,1510363,130.0
False,2016-08-24,1510363,130.0
False,2016-08-25,1510363,130.0
False,2016-08-26,1510363,130.0
False,2016-08-27,1510363,130.0
False,2016-08-28,1510363,130.0
False,2016-08-29,1510363,130.0
False,2016-08-30,1510363,130.0
False,2016-08-31,1510363,130.0
False,2016-09-01,1510363,130.0
False,2016-09-02,1510363,130.0
False,2016-09-03,1510363,130.0
False,2016-05-29,10526173,219.0
False,2016-05-30,10526173,219.0
False,2016-05-31,10526173,219.0
False,2016-06-01,10526173,219.0
False,2016-06-02,10526173,219.0
False,2016-06-03,10526173,219.0
False,2016-06-04,10526173,219.0
False,2016-06-05,10526173,219.0
False,2016-06-06,10526173,219.0
False,2016-06-07,10526173,219.0
False,2016-06-08,10526173,219.0
False,2016-06-09,10526173,219.0
False,2016-06-10,10526173,219.0
False,2016-06-11,10526173,219.0
False,2016-06-12,10526173,219.0
False,2016-06-13,10526173,219.0
False,2016-06-14,10526173,219.0
False,2016-06-15,10526173,219.0
True,2016-06-16,10526173,249.0
True,2016-06-17,10526173,219.0
True,2016-06-18,10526173,219.0
False,2016-06-19,10526173,219.0
False,2016-06-20,10526173,219.0
False,2016-06-21,10526173,219.0
False,2016-06-22,10526173,219.0
False,2016-06-23,10526173,219.0
False,2016-06-24,10526173,219.0
False,2016-06-25,10526173,219.0
False,2016-06-26,10526173,219.0
False,2016-06-27,10526173,199.0
False,2016-06-28,10526173,199.0
False,2016-06-29,10526173,199.0
False,2016-06-30,10526173,199.0
False,2016-07-01,10526173,219.0
False,2016-07-02,10526173,219.0
False,2016-07-03,10526173,219.0
False,2016-07-04,10526173,219.0
False,2016-07-05,10526173,219.0
False,2016-07-06,10526173,219.0
False,2016-07-07,10526173,219.0
False,2016-07-08,10526173,219.0
False,2016-07-09,10526173,219.0
True,2016-07-10,10526173,219.0
False,2016-07-11,10526173,219.0
False,2016-07-12,10526173,219.0
False,2016-07-13,10526173,219.0
False,2016-07-14,10526173,219.0
False,2016-07-15,10526173,219.0
False,2016-07-16,10526173,219.0
False,2016-07-17,10526173,219.0
True,2016-07-18,10526173,219.0
False,2016-07-19,10526173,239.0
False,2016-07-20,10526173,239.0
False,2016-07-21,10526173,239.0
False,2016-07-22,10526173,219.0
False,2016-07-23,10526173,219.0
False,2016-07-24,10526173,219.0
False,2016-07-25,10526173,219.0
False,2016-07-26,10526173,219.0
False,2016-07-27,10526173,219.0
False,2016-07-28,10526173,219.0
False,2016-07-29,10526173,219.0
False,2016-07-30,10526173,219.0
False,2016-07-31,10526173,219.0
False,2016-08-01,10526173,219.0
False,2016-08-02,10526173,219.0
False,2016-08-03,10526173,219.0
False,2016-08-04,10526173,219.0
False,2016-08-05,10526173,219.0
False,2016-08-06,10526173,219.0
False,2016-08-07,10526173,219.0
False,2016-08-08,10526173,219.0
False,2016-08-09,10526173,219.0
False,2016-08-10,10526173,219.0
False,2016-08-11,10526173,219.0
False,2016-08-12,10526173,219.0
False,2016-08-13,10526173,219.0
False,2016-08-14,10526173,219.0
False,2016-08-15,10526173,219.0
False,2016-08-16,10526173,219.0
False,2016-08-17,10526173,219.0
False,2016-08-18,10526173,219.0
False,2016-08-19,10526173,219.0
False,2016-08-20,10526173,219.0
False,2016-08-21,10526173,219.0
False,2016-08-22,10526173,219.0
False,2016-08-23,10526173,219.0
False,2016-08-24,10526173,219.0
False,2016-08-25,10526173,219.0
False,2016-08-26,10526173,219.0
False,2016-08-27,10526173,219.0
False,2016-08-28,10526173,219.0
False,2016-08-29,10526173,219.0
False,2016-08-30,10526173,219.0
True,2016-08-31,10526173,219.0
False,2016-09-01,10526173,219.0
False,2016-09-02,10526173,219.0
False,2016-09-03,10526173,219.0
False,2016-05-29,578097,225.0
True,2016-05-30,578097,250.0
True,2016-05-31,578097,250.0
False,2016-06-01,578097,250.0
False,2016-06-02,578097,250.0
False,2016-06-03,578097,250.0
False,2016-06-04,578097,250.0
False,2016-06-05,578097,250.0
True,2016-06-06,578097,250.0
False,2016-06-07,578097,225.0
False,2016-06-08,578097,225.0
False,2016-06-09,578097,225.0
False,2016-06-10,578097,225.0
False,2016-06-11,578097,225.0
False,2016-06-12,578097,225.0
False,2016-06-13,578097,225.0
False,2016-06-14,578097,225.0
False,2016-06-15,578097,225.0
False,2016-06-16,578097,225.0
False,2016-06-17,578097,225.0
False,2016-06-18,578097,225.0
False,2016-06-19,578097,225.0
False,2016-06-20,578097,225.0
False,2016-06-21,578097,225.0
False,2016-06-22,578097,225.0
False,2016-06-23,578097,225.0
False,2016-06-24,578097,225.0
False,2016-06-25,578097,225.0
False,2016-06-26,578097,225.0
False,2016-06-27,578097,225.0
False,2016-06-28,578097,225.0
False,2016-06-29,578097,225.0
False,2016-06-30,578097,225.0
True,2016-07-01,578097,280.0
True,2016-07-02,578097,280.0
True,2016-07-03,578097,280.0
False,2016-07-04,578097,225.0
False,2016-07-05,578097,225.0
False,2016-07-06,578097,225.0
False,2016-07-07,578097,225.0
False,2016-07-08,578097,225.0
False,2016-07-09,578097,225.0
False,2016-07-10,578097,225.0
False,2016-07-11,578097,225.0
False,2016-07-12,578097,225.0
False,2016-07-13,578097,225.0
False,2016-07-14,578097,225.0
False,2016-07-15,578097,225.0
False,2016-07-16,578097,225.0
False,2016-07-17,578097,225.0
False,2016-07-18,578097,225.0
False,2016-07-19,578097,225.0
False,2016-07-20,578097,225.0
False,2016-07-21,578097,225.0
False,2016-07-22,578097,225.0
False,2016-07-23,578097,225.0
False,2016-07-24,578097,225.0
False,2016-07-25,578097,225.0
False,2016-07-26,578097,225.0
False,2016-07-27,578097,225.0
False,2016-07-28,578097,225.0
False,2016-07-29,578097,225.0
False,2016-07-30,578097,225.0
False,2016-07-31,578097,225.0
False,2016-08-01,578097,225.0
False,2016-08-02,578097,225.0
False,2016-08-03,578097,225.0
False,2016-08-04,578097,280.0
False,2016-08-05,578097,280.0
False,2016-08-06,578097,280.0
False,2016-08-07,578097,225.0
False,2016-08-08,578097,225.0
False,2016-08-09,578097,225.0
False,2016-08-10,578097,225.0
False,2016-08-11,578097,225.0
False,2016-08-12,578097,225.0
False,2016-08-13,578097,225.0
False,2016-08-14,578097,225.0
False,2016-08-15,578097,225.0
False,2016-08-16,578097,225.0
False,2016-08-17,578097,225.0
False,2016-08-18,578097,225.0
False,2016-08-19,578097,225.0
False,2016-08-20,578097,225.0
False,2016-08-21,578097,225.0
False,2016-08-22,578097,225.0
False,2016-08-23,578097,225.0
False,2016-08-24,578097,225.0
False,2016-08-25,578097,225.0
False,2016-08-26,578097,225.0
False,2016-08-27,578097,225.0
False,2016-08-28,578097,225.0
False,2016-08-29,578097,225.0
False,2016-08-30,578097,225.0
False,2016-08-31,578097,225.0
False,2016-09-01,578097,225.0
False,2016-09-02,578097,225.0
False,2016-09-03,578097,225.0
False,2016-05-29,10877919,300.0
True,2016-05-30,10877919,49.0
False,2016-05-31,10877919,360.0
False,2016-06-01,10877919,369.0
False,2016-06-02,10877919,420.0
False,2016-06-03,10877919,500.0
False,2016-06-04,10877919,500.0
False,2016-06-05,10877919,440.0
False,2016-06-06,10877919,430.0
False,2016-06-07,10877919,430.0
False,2016-06-08,10877919,405.0
False,2016-06-09,10877919,405.0
False,2016-06-10,10877919,500.0
False,2016-06-11,10877919,500.0
False,2016-06-12,10877919,425.0
False,2016-06-13,10877919,425.0
False,2016-06-14,10877919,425.0
False,2016-06-15,10877919,425.0
False,2016-06-16,10877919,425.0
False,2016-06-17,10877919,500.0
False,2016-06-18,10877919,175.0
False,2016-06-19,10877919,175.0
False,2016-06-20,10877919,480.0
False,2016-06-21,10877919,480.0
False,2016-06-22,10877919,480.0
False,2016-06-23,10877919,499.0
False,2016-06-24,10877919,499.0
False,2016-06-25,10877919,249.0
False,2016-06-26,10877919,449.0
False,2016-06-27,10877919,449.0
False,2016-06-28,10877919,449.0
False,2016-06-29,10877919,79.0
False,2016-06-30,10877919,290.0
False,2016-07-01,10877919,375.0
False,2016-07-02,10877919,375.0
False,2016-07-03,10877919,150.0
False,2016-07-04,10877919,275.0
True,2016-07-05,10877919,49.0
False,2016-07-06,10877919,298.0
False,2016-07-07,10877919,299.0
False,2016-07-08,10877919,400.0
False,2016-07-09,10877919,400.0
False,2016-07-10,10877919,300.0
False,2016-07-11,10877919,420.0
False,2016-07-12,10877919,420.0
False,2016-07-13,10877919,350.0
False,2016-07-14,10877919,450.0
False,2016-07-15,10877919,500.0
False,2016-07-16,10877919,500.0
False,2016-07-17,10877919,450.0
False,2016-07-18,10877919,188.0
False,2016-07-19,10877919,188.0
False,2016-07-20,10877919,450.0
False,2016-07-21,10877919,450.0
False,2016-07-22,10877919,500.0
True,2016-07-23,10877919,275.0
False,2016-07-24,10877919,370.0
False,2016-07-25,10877919,370.0
False,2016-07-26,10877919,310.0
False,2016-07-27,10877919,500.0
False,2016-07-28,10877919,465.0
False,2016-07-29,10877919,500.0
False,2016-07-30,10877919,500.0
False,2016-07-31,10877919,460.0
False,2016-08-01,10877919,460.0
False,2016-08-02,10877919,460.0
False,2016-08-03,10877919,250.0
False,2016-08-04,10877919,265.0
False,2016-08-05,10877919,500.0
False,2016-08-06,10877919,500.0
False,2016-08-07,10877919,899.0
False,2016-08-08,10877919,499.0
False,2016-08-09,10877919,550.0
False,2016-08-10,10877919,550.0
False,2016-08-11,10877919,550.0
False,2016-08-12,10877919,500.0
False,2016-08-13,10877919,500.0
False,2016-08-14,10877919,550.0
False,2016-08-15,10877919,550.0
True,2016-08-16,10877919,200.0
False,2016-08-17,10877919,450.0
False,2016-08-18,10877919,450.0
False,2016-08-19,10877919,500.0
False,2016-08-20,10877919,500.0
False,2016-08-21,10877919,450.0
False,2016-08-22,10877919,450.0
True,2016-08-23,10877919,450.0
True,2016-08-24,10877919,450.0
True,2016-08-25,10877919,450.0
True,2016-08-26,10877919,500.0
True,2016-08-27,10877919,500.0
True,2016-08-28,10877919,450.0
True,2016-08-29,10877919,450.0
True,2016-08-30,10877919,450.0
True,2016-08-31,10877919,450.0
True,2016-09-01,10877919,450.0
True,2016-09-02,10877919,550.0
True,2016-09-03,10877919,550.0
False,2016-05-29,12784650,200.0
False,2016-05-30,12784650,200.0
False,2016-05-31,12784650,200.0
False,2016-06-01,12784650,200.0
False,2016-06-02,12784650,200.0
False,2016-06-03,12784650,200.0
False,2016-06-04,12784650,200.0
False,2016-06-05,12784650,200.0
False,2016-06-06,12784650,200.0
False,2016-06-07,12784650,200.0
True,2016-06-08,12784650,200.0
True,2016-06-09,12784650,200.0
False,2016-06-10,12784650,200.0
False,2016-06-11,12784650,200.0
False,2016-06-12,12784650,200.0
False,2016-06-13,12784650,200.0
False,2016-06-14,12784650,200.0
False,2016-06-15,12784650,200.0
False,2016-06-16,12784650,200.0
False,2016-06-17,12784650,200.0
False,2016-06-18,12784650,200.0
False,2016-06-19,12784650,200.0
False,2016-06-20,12784650,200.0
False,2016-06-21,12784650,200.0
False,2016-06-22,12784650,200.0
False,2016-06-23,12784650,200.0
False,2016-06-24,12784650,200.0
False,2016-06-25,12784650,200.0
False,2016-06-26,12784650,200.0
False,2016-06-27,12784650,200.0
False,2016-06-28,12784650,200.0
False,2016-06-29,12784650,200.0
False,2016-06-30,12784650,200.0
False,2016-07-01,12784650,200.0
False,2016-07-02,12784650,200.0
False,2016-07-03,12784650,200.0
False,2016-07-04,12784650,200.0
False,2016-07-05,12784650,199.0
False,2016-07-06,12784650,99.0
False,2016-07-07,12784650,99.0
False,2016-07-08,12784650,99.0
False,2016-07-09,12784650,250.0
False,2016-07-10,12784650,250.0
False,2016-07-11,12784650,250.0
False,2016-07-12,12784650,250.0
False,2016-07-13,12784650,250.0
False,2016-07-14,12784650,250.0
False,2016-07-15,12784650,250.0
False,2016-07-16,12784650,250.0
False,2016-07-17,12784650,250.0
False,2016-07-18,12784650,250.0
False,2016-07-19,12784650,250.0
False,2016-07-20,12784650,250.0
False,2016-07-21,12784650,250.0
False,2016-07-22,12784650,250.0
False,2016-07-23,12784650,199.0
False,2016-07-24,12784650,199.0
True,2016-07-25,12784650,199.0
False,2016-07-26,12784650,250.0
False,2016-07-27,12784650,200.0
False,2016-07-28,12784650,200.0
False,2016-07-29,12784650,200.0
False,2016-07-30,12784650,200.0
False,2016-07-31,12784650,200.0
False,2016-08-01,12784650,200.0
False,2016-08-02,12784650,200.0
False,2016-08-03,12784650,200.0
False,2016-08-04,12784650,200.0
False,2016-08-05,12784650,200.0
False,2016-08-06,12784650,200.0
False,2016-08-07,12784650,200.0
False,2016-08-08,12784650,200.0
False,2016-08-09,12784650,200.0
False,2016-08-10,12784650,200.0
False,2016-08-11,12784650,200.0
False,2016-08-12,12784650,200.0
False,2016-08-13,12784650,200.0
False,2016-08-14,12784650,200.0
True,2016-08-15,12784650,200.0
True,2016-08-16,12784650,200.0
True,2016-08-17,12784650,200.0
False,2016-08-18,12784650,200.0
False,2016-08-19,12784650,200.0
False,2016-08-20,12784650,200.0
False,2016-08-21,12784650,200.0
False,2016-08-22,12784650,200.0
False,2016-08-23,12784650,200.0
False,2016-08-24,12784650,200.0
False,2016-08-25,12784650,200.0
False,2016-08-26,12784650,200.0
False,2016-08-27,12784650,200.0
False,2016-08-28,12784650,200.0
False,2016-08-29,12784650,200.0
False,2016-08-30,12784650,200.0
False,2016-08-31,12784650,200.0
False,2016-09-01,12784650,200.0
False,2016-09-02,12784650,200.0
False,2016-09-03,12784650,200.0
False,2016-05-29,666192,160.0
True,2016-05-30,666192,160.0
True,2016-05-31,666192,160.0
True,2016-06-01,666192,160.0
False,2016-06-02,666192,160.0
False,2016-06-03,666192,160.0
True,2016-06-04,666192,160.0
True,2016-06-05,666192,160.0
True,2016-06-06,666192,160.0
True,2016-06-07,666192,160.0
True,2016-06-08,666192,160.0
True,2016-06-09,666192,160.0
True,2016-06-10,666192,160.0
True,2016-06-11,666192,160.0
True,2016-06-12,666192,160.0
True,2016-06-13,666192,160.0
True,2016-06-14,666192,160.0
True,2016-06-15,666192,160.0
False,2016-06-16,666192,160.0
False,2016-06-17,666192,160.0
False,2016-06-18,666192,160.0
False,2016-06-19,666192,160.0
False,2016-06-20,666192,160.0
False,2016-06-21,666192,160.0
False,2016-06-22,666192,160.0
False,2016-06-23,666192,160.0
False,2016-06-24,666192,160.0
False,2016-06-25,666192,160.0
False,2016-06-26,666192,160.0
False,2016-06-27,666192,160.0
False,2016-06-28,666192,160.0
False,2016-06-29,666192,160.0
False,2016-06-30,666192,160.0
False,2016-07-01,666192,160.0
True,2016-07-02,666192,160.0
True,2016-07-03,666192,160.0
True,2016-07-04,666192,160.0
True,2016-07-05,666192,160.0
True,2016-07-06,666192,160.0
True,2016-07-07,666192,160.0
True,2016-07-08,666192,160.0
False,2016-07-09,666192,160.0
False,2016-07-10,666192,160.0
False,2016-07-11,666192,160.0
False,2016-07-12,666192,160.0
False,2016-07-13,666192,160.0
False,2016-07-14,666192,160.0
False,2016-07-15,666192,160.0
False,2016-07-16,666192,160.0
False,2016-07-17,666192,160.0
False,2016-07-18,666192,160.0
False,2016-07-19,666192,160.0
False,2016-07-20,666192,160.0
False,2016-07-21,666192,160.0
True,2016-07-22,666192,160.0
False,2016-07-23,666192,160.0
False,2016-07-24,666192,160.0
False,2016-07-25,666192,160.0
True,2016-07-26,666192,160.0
False,2016-07-27,666192,160.0
False,2016-07-28,666192,160.0
False,2016-07-29,666192,160.0
False,2016-07-30,666192,160.0
False,2016-07-31,666192,160.0
False,2016-08-01,666192,160.0
False,2016-08-02,666192,160.0
False,2016-08-03,666192,160.0
False,2016-08-04,666192,160.0
False,2016-08-05,666192,160.0
False,2016-08-06,666192,160.0
False,2016-08-07,666192,160.0
False,2016-08-08,666192,160.0
True,2016-08-09,666192,160.0
False,2016-08-10,666192,160.0
False,2016-08-11,666192,160.0
False,2016-08-12,666192,160.0
False,2016-08-13,666192,160.0
False,2016-08-14,666192,160.0
False,2016-08-15,666192,160.0
False,2016-08-16,666192,160.0
True,2016-08-17,666192,160.0
False,2016-08-18,666192,160.0
False,2016-08-19,666192,160.0
False,2016-08-20,666192,160.0
True,2016-08-21,666192,160.0
False,2016-08-22,666192,160.0
False,2016-08-23,666192,160.0
False,2016-08-24,666192,160.0
True,2016-08-25,666192,160.0
False,2016-08-26,666192,160.0
False,2016-08-27,666192,160.0
False,2016-08-28,666192,160.0
False,2016-08-29,666192,160.0
False,2016-08-30,666192,160.0
False,2016-08-31,666192,160.0
False,2016-09-01,666192,160.0
False,2016-09-02,666192,160.0
False,2016-09-03,666192,160.0
False,2016-05-29,4614763,211.0
False,2016-05-30,4614763,198.0
False,2016-05-31,4614763,198.0
False,2016-06-01,4614763,202.0
False,2016-06-02,4614763,207.0
False,2016-06-03,4614763,218.0
False,2016-06-04,4614763,221.0
True,2016-06-05,4614763,85.0
False,2016-06-06,4614763,217.0
False,2016-06-07,4614763,219.0
False,2016-06-08,4614763,223.0
False,2016-06-09,4614763,243.0
False,2016-06-10,4614763,230.0
False,2016-06-11,4614763,239.0
False,2016-06-12,4614763,219.0
False,2016-06-13,4614763,214.0
False,2016-06-14,4614763,220.0
False,2016-06-15,4614763,224.0
False,2016-06-16,4614763,239.0
False,2016-06-17,4614763,238.0
False,2016-06-18,4614763,240.0
False,2016-06-19,4614763,221.0
False,2016-06-20,4614763,216.0
False,2016-06-21,4614763,218.0
False,2016-06-22,4614763,228.0
False,2016-06-23,4614763,237.0
False,2016-06-24,4614763,245.0
False,2016-06-25,4614763,244.0
False,2016-06-26,4614763,235.0
False,2016-06-27,4614763,223.0
False,2016-06-28,4614763,221.0
False,2016-06-29,4614763,228.0
False,2016-06-30,4614763,85.0
False,2016-07-01,4614763,160.0
False,2016-07-02,4614763,165.0
False,2016-07-03,4614763,165.0
False,2016-07-04,4614763,70.0
False,2016-07-05,4614763,75.0
False,2016-07-06,4614763,199.0
False,2016-07-07,4614763,201.0
False,2016-07-08,4614763,212.0
False,2016-07-09,4614763,213.0
False,2016-07-10,4614763,203.0
False,2016-07-11,4614763,197.0
False,2016-07-12,4614763,213.0
False,2016-07-13,4614763,213.0
False,2016-07-14,4614763,214.0
False,2016-07-15,4614763,236.0
False,2016-07-16,4614763,212.0
False,2016-07-17,4614763,202.0
False,2016-07-18,4614763,196.0
False,2016-07-19,4614763,195.0
False,2016-07-20,4614763,206.0
False,2016-07-21,4614763,199.0
True,2016-07-22,4614763,229.0
True,2016-07-23,4614763,233.0
True,2016-07-24,4614763,224.0
True,2016-07-25,4614763,222.0
True,2016-07-26,4614763,214.0
False,2016-07-27,4614763,203.0
False,2016-07-28,4614763,207.0
False,2016-07-29,4614763,213.0
False,2016-07-30,4614763,215.0
False,2016-07-31,4614763,204.0
False,2016-08-01,4614763,199.0
True,2016-08-02,4614763,216.0
False,2016-08-03,4614763,251.0
False,2016-08-04,4614763,259.0
False,2016-08-05,4614763,268.0
False,2016-08-06,4614763,268.0
False,2016-08-07,4614763,255.0
False,2016-08-08,4614763,251.0
True,2016-08-09,4614763,228.0
True,2016-08-10,4614763,220.0
True,2016-08-11,4614763,222.0
True,2016-08-12,4614763,234.0
True,2016-08-13,4614763,234.0
True,2016-08-14,4614763,222.0
True,2016-08-15,4614763,215.0
True,2016-08-16,4614763,221.0
True,2016-08-17,4614763,222.0
True,2016-08-18,4614763,226.0
True,2016-08-19,4614763,232.0
True,2016-08-20,4614763,233.0
True,2016-08-21,4614763,222.0
True,2016-08-22,4614763,216.0
True,2016-08-23,4614763,216.0
True,2016-08-24,4614763,218.0
True,2016-08-25,4614763,221.0
True,2016-08-26,4614763,234.0
True,2016-08-27,4614763,235.0
True,2016-08-28,4614763,223.0
True,2016-08-29,4614763,229.0
True,2016-08-30,4614763,228.0
True,2016-08-31,4614763,229.0
True,2016-09-01,4614763,233.0
True,2016-09-02,4614763,234.0
True,2016-09-03,4614763,235.0
True,2016-05-29,4379621,235.0
True,2016-05-30,4379621,235.0
True,2016-05-31,4379621,225.0
True,2016-06-01,4379621,225.0
False,2016-06-02,4379621,225.0
False,2016-06-03,4379621,240.0
False,2016-06-04,4379621,240.0
False,2016-06-05,4379621,235.0
False,2016-06-06,4379621,235.0
True,2016-06-07,4379621,235.0
False,2016-06-08,4379621,235.0
False,2016-06-09,4379621,235.0
False,2016-06-10,4379621,250.0
False,2016-06-11,4379621,250.0
False,2016-06-12,4379621,235.0
False,2016-06-13,4379621,235.0
False,2016-06-14,4379621,235.0
False,2016-06-15,4379621,235.0
False,2016-06-16,4379621,235.0
False,2016-06-17,4379621,250.0
False,2016-06-18,4379621,250.0
True,2016-06-19,4379621,220.0
True,2016-06-20,4379621,220.0
False,2016-06-21,4379621,235.0
False,2016-06-22,4379621,235.0
False,2016-06-23,4379621,235.0
False,2016-06-24,4379621,250.0
False,2016-06-25,4379621,250.0
False,2016-06-26,4379621,235.0
False,2016-06-27,4379621,235.0
False,2016-06-28,4379621,235.0
False,2016-06-29,4379621,235.0
False,2016-06-30,4379621,235.0
True,2016-07-01,4379621,250.0
False,2016-07-02,4379621,250.0
False,2016-07-03,4379621,240.0
False,2016-07-04,4379621,240.0
True,2016-07-05,4379621,230.0
False,2016-07-06,4379621,230.0
False,2016-07-07,4379621,230.0
False,2016-07-08,4379621,255.0
False,2016-07-09,4379621,255.0
False,2016-07-10,4379621,240.0
True,2016-07-11,4379621,240.0
False,2016-07-12,4379621,240.0
False,2016-07-13,4379621,240.0
False,2016-07-14,4379621,240.0
False,2016-07-15,4379621,255.0
True,2016-07-16,4379621,255.0
True,2016-07-17,4379621,240.0
False,2016-07-18,4379621,240.0
False,2016-07-19,4379621,240.0
False,2016-07-20,4379621,240.0
False,2016-07-21,4379621,240.0
False,2016-07-22,4379621,255.0
False,2016-07-23,4379621,255.0
True,2016-07-24,4379621,240.0
False,2016-07-25,4379621,240.0
False,2016-07-26,4379621,240.0
False,2016-07-27,4379621,240.0
False,2016-07-28,4379621,240.0
False,2016-07-29,4379621,255.0
False,2016-07-30,4379621,255.0
False,2016-07-31,4379621,240.0
False,2016-08-01,4379621,240.0
False,2016-08-02,4379621,240.0
False,2016-08-03,4379621,240.0
False,2016-08-04,4379621,240.0
False,2016-08-05,4379621,275.0
False,2016-08-06,4379621,275.0
False,2016-08-07,4379621,275.0
False,2016-08-08,4379621,240.0
False,2016-08-09,4379621,240.0
False,2016-08-10,4379621,240.0
False,2016-08-11,4379621,240.0
False,2016-08-12,4379621,255.0
False,2016-08-13,4379621,255.0
False,2016-08-14,4379621,240.0
False,2016-08-15,4379621,240.0
True,2016-08-16,4379621,240.0
True,2016-08-17,4379621,240.0
False,2016-08-18,4379621,240.0
False,2016-08-19,4379621,255.0
True,2016-08-20,4379621,255.0
False,2016-08-21,4379621,240.0
False,2016-08-22,4379621,240.0
False,2016-08-23,4379621,240.0
False,2016-08-24,4379621,240.0
False,2016-08-25,4379621,240.0
True,2016-08-26,4379621,255.0
True,2016-08-27,4379621,255.0
True,2016-08-28,4379621,240.0
True,2016-08-29,4379621,240.0
True,2016-08-30,4379621,240.0
True,2016-08-31,4379621,240.0
False,2016-09-01,4379621,240.0
False,2016-09-02,4379621,255.0
False,2016-09-03,4379621,255.0
False,2016-05-29,6299485,250.0
False,2016-05-30,6299485,250.0
False,2016-05-31,6299485,250.0
False,2016-06-01,6299485,250.0
False,2016-06-02,6299485,250.0
False,2016-06-03,6299485,250.0
False,2016-06-04,6299485,250.0
False,2016-06-05,6299485,250.0
False,2016-06-06,6299485,250.0
False,2016-06-07,6299485,250.0
False,2016-06-08,6299485,250.0
False,2016-06-09,6299485,250.0
False,2016-06-10,6299485,250.0
False,2016-06-11,6299485,250.0
False,2016-06-12,6299485,250.0
False,2016-06-13,6299485,250.0
False,2016-06-14,6299485,250.0
True,2016-06-15,6299485,250.0
True,2016-06-16,6299485,250.0
True,2016-06-17,6299485,250.0
True,2016-06-18,6299485,250.0
False,2016-06-19,6299485,250.0
False,2016-06-20,6299485,250.0
False,2016-06-21,6299485,250.0
False,2016-06-22,6299485,250.0
False,2016-06-23,6299485,250.0
False,2016-06-24,6299485,250.0
False,2016-06-25,6299485,250.0
True,2016-06-26,6299485,250.0
False,2016-06-27,6299485,250.0
False,2016-06-28,6299485,250.0
False,2016-06-29,6299485,250.0
False,2016-06-30,6299485,250.0
False,2016-07-01,6299485,250.0
False,2016-07-02,6299485,250.0
False,2016-07-03,6299485,250.0
False,2016-07-04,6299485,250.0
False,2016-07-05,6299485,250.0
False,2016-07-06,6299485,250.0
False,2016-07-07,6299485,250.0
False,2016-07-08,6299485,250.0
False,2016-07-09,6299485,250.0
False,2016-07-10,6299485,250.0
False,2016-07-11,6299485,250.0
False,2016-07-12,6299485,250.0
False,2016-07-13,6299485,250.0
False,2016-07-14,6299485,250.0
False,2016-07-15,6299485,250.0
False,2016-07-16,6299485,250.0
True,2016-07-17,6299485,250.0
True,2016-07-18,6299485,250.0
True,2016-07-19,6299485,250.0
True,2016-07-20,6299485,250.0
True,2016-07-21,6299485,250.0
False,2016-07-22,6299485,250.0
False,2016-07-23,6299485,250.0
False,2016-07-24,6299485,250.0
False,2016-07-25,6299485,250.0
False,2016-07-26,6299485,250.0
False,2016-07-27,6299485,250.0
True,2016-07-28,6299485,250.0
True,2016-07-29,6299485,250.0
True,2016-07-30,6299485,250.0
False,2016-07-31,6299485,250.0
False,2016-08-01,6299485,250.0
False,2016-08-02,6299485,250.0
False,2016-08-03,6299485,250.0
False,2016-08-04,6299485,250.0
False,2016-08-05,6299485,250.0
False,2016-08-06,6299485,250.0
False,2016-08-07,6299485,250.0
False,2016-08-08,6299485,250.0
False,2016-08-09,6299485,250.0
False,2016-08-10,6299485,250.0
False,2016-08-11,6299485,250.0
False,2016-08-12,6299485,250.0
False,2016-08-13,6299485,250.0
False,2016-08-14,6299485,250.0
False,2016-08-15,6299485,250.0
False,2016-08-16,6299485,250.0
False,2016-08-17,6299485,250.0
False,2016-08-18,6299485,250.0
False,2016-08-19,6299485,250.0
False,2016-08-20,6299485,250.0
False,2016-08-21,6299485,250.0
False,2016-08-22,6299485,250.0
False,2016-08-23,6299485,250.0
False,2016-08-24,6299485,250.0
False,2016-08-25,6299485,250.0
False,2016-08-26,6299485,250.0
False,2016-08-27,6299485,250.0
False,2016-08-28,6299485,250.0
False,2016-08-29,6299485,250.0
False,2016-08-30,6299485,250.0
False,2016-08-31,6299485,250.0
False,2016-09-01,6299485,250.0
False,2016-09-02,6299485,250.0
False,2016-09-03,6299485,250.0
True,2016-05-29,9090641,220.0
True,2016-05-30,9090641,220.0
True,2016-05-31,9090641,220.0
True,2016-06-01,9090641,220.0
True,2016-06-02,9090641,220.0
True,2016-06-03,9090641,220.0
True,2016-06-04,9090641,220.0
True,2016-06-05,9090641,220.0
True,2016-06-06,9090641,220.0
True,2016-06-07,9090641,220.0
True,2016-06-08,9090641,220.0
True,2016-06-09,9090641,220.0
True,2016-06-10,9090641,220.0
True,2016-06-11,9090641,220.0
True,2016-06-12,9090641,220.0
True,2016-06-13,9090641,220.0
True,2016-06-14,9090641,220.0
True,2016-06-15,9090641,220.0
True,2016-06-16,9090641,220.0
False,2016-06-17,9090641,220.0
False,2016-06-18,9090641,220.0
False,2016-06-19,9090641,220.0
False,2016-06-20,9090641,220.0
False,2016-06-21,9090641,220.0
False,2016-06-22,9090641,220.0
False,2016-06-23,9090641,220.0
False,2016-06-24,9090641,220.0
False,2016-06-25,9090641,220.0
False,2016-06-26,9090641,220.0
True,2016-06-27,9090641,200.0
False,2016-06-28,9090641,200.0
False,2016-06-29,9090641,200.0
True,2016-06-30,9090641,200.0
False,2016-07-01,9090641,200.0
False,2016-07-02,9090641,200.0
False,2016-07-03,9090641,200.0
False,2016-07-04,9090641,200.0
True,2016-07-05,9090641,200.0
True,2016-07-06,9090641,200.0
True,2016-07-07,9090641,220.0
False,2016-07-08,9090641,220.0
False,2016-07-09,9090641,220.0
True,2016-07-10,9090641,220.0
False,2016-07-11,9090641,200.0
False,2016-07-12,9090641,200.0
False,2016-07-13,9090641,200.0
False,2016-07-14,9090641,220.0
False,2016-07-15,9090641,220.0
False,2016-07-16,9090641,220.0
False,2016-07-17,9090641,220.0
False,2016-07-18,9090641,220.0
False,2016-07-19,9090641,220.0
False,2016-07-20,9090641,220.0
False,2016-07-21,9090641,220.0
False,2016-07-22,9090641,220.0
False,2016-07-23,9090641,220.0
False,2016-07-24,9090641,220.0
False,2016-07-25,9090641,220.0
False,2016-07-26,9090641,220.0
False,2016-07-27,9090641,220.0
False,2016-07-28,9090641,220.0
False,2016-07-29,9090641,220.0
False,2016-07-30,9090641,220.0
False,2016-07-31,9090641,220.0
False,2016-08-01,9090641,220.0
False,2016-08-02,9090641,220.0
False,2016-08-03,9090641,220.0
False,2016-08-04,9090641,220.0
False,2016-08-05,9090641,220.0
False,2016-08-06,9090641,220.0
False,2016-08-07,9090641,220.0
False,2016-08-08,9090641,220.0
False,2016-08-09,9090641,220.0
False,2016-08-10,9090641,220.0
False,2016-08-11,9090641,220.0
False,2016-08-12,9090641,220.0
False,2016-08-13,9090641,220.0
False,2016-08-14,9090641,220.0
False,2016-08-15,9090641,220.0
False,2016-08-16,9090641,220.0
False,2016-08-17,9090641,220.0
False,2016-08-18,9090641,220.0
False,2016-08-19,9090641,220.0
False,2016-08-20,9090641,220.0
False,2016-08-21,9090641,220.0
False,2016-08-22,9090641,220.0
False,2016-08-23,9090641,220.0
False,2016-08-24,9090641,220.0
False,2016-08-25,9090641,220.0
False,2016-08-26,9090641,220.0
False,2016-08-27,9090641,220.0
False,2016-08-28,9090641,220.0
False,2016-08-29,9090641,220.0
False,2016-08-30,9090641,220.0
False,2016-08-31,9090641,220.0
False,2016-09-01,9090641,220.0
False,2016-09-02,9090641,220.0
False,2016-09-03,9090641,220.0
False,2016-05-29,1487849,119.0
False,2016-05-30,1487849,120.0
False,2016-05-31,1487849,120.0
False,2016-06-01,1487849,142.0
False,2016-06-02,1487849,170.0
False,2016-06-03,1487849,184.0
False,2016-06-04,1487849,184.0
False,2016-06-05,1487849,162.0
True,2016-06-06,1487849,71.0
False,2016-06-07,1487849,71.0
False,2016-06-08,1487849,71.0
False,2016-06-09,1487849,71.0
False,2016-06-10,1487849,71.0
False,2016-06-11,1487849,71.0
False,2016-06-12,1487849,71.0
False,2016-06-13,1487849,71.0
False,2016-06-14,1487849,144.0
False,2016-06-15,1487849,161.0
False,2016-06-16,1487849,161.0
False,2016-06-17,1487849,119.0
False,2016-06-18,1487849,135.0
True,2016-06-19,1487849,71.0
True,2016-06-20,1487849,71.0
False,2016-06-21,1487849,71.0
False,2016-06-22,1487849,71.0
False,2016-06-23,1487849,71.0
False,2016-06-24,1487849,71.0
False,2016-06-25,1487849,71.0
False,2016-06-26,1487849,113.0
False,2016-06-27,1487849,119.0
False,2016-06-28,1487849,118.0
False,2016-06-29,1487849,112.0
False,2016-06-30,1487849,75.0
False,2016-07-01,1487849,71.0
False,2016-07-02,1487849,71.0
False,2016-07-03,1487849,71.0
False,2016-07-04,1487849,71.0
False,2016-07-05,1487849,71.0
True,2016-07-06,1487849,71.0
True,2016-07-07,1487849,71.0
False,2016-07-08,1487849,133.0
False,2016-07-09,1487849,133.0
False,2016-07-10,1487849,133.0
False,2016-07-11,1487849,113.0
False,2016-07-12,1487849,124.0
False,2016-07-13,1487849,116.0
False,2016-07-14,1487849,73.0
False,2016-07-15,1487849,74.0
False,2016-07-16,1487849,76.0
False,2016-07-17,1487849,93.0
True,2016-07-18,1487849,71.0
False,2016-07-19,1487849,128.0
False,2016-07-20,1487849,128.0
False,2016-07-21,1487849,132.0
False,2016-07-22,1487849,132.0
False,2016-07-23,1487849,130.0
True,2016-07-24,1487849,77.0
False,2016-07-25,1487849,103.0
False,2016-07-26,1487849,96.0
False,2016-07-27,1487849,167.0
False,2016-07-28,1487849,167.0
False,2016-07-29,1487849,167.0
False,2016-07-30,1487849,167.0
False,2016-07-31,1487849,167.0
True,2016-08-01,1487849,85.0
False,2016-08-02,1487849,135.0
False,2016-08-03,1487849,135.0
False,2016-08-04,1487849,137.0
False,2016-08-05,1487849,139.0
False,2016-08-06,1487849,139.0
False,2016-08-07,1487849,137.0
True,2016-08-08,1487849,105.0
False,2016-08-09,1487849,108.0
False,2016-08-10,1487849,118.0
False,2016-08-11,1487849,125.0
False,2016-08-12,1487849,148.0
False,2016-08-13,1487849,150.0
True,2016-08-14,1487849,138.0
False,2016-08-15,1487849,131.0
False,2016-08-16,1487849,131.0
False,2016-08-17,1487849,124.0
True,2016-08-18,1487849,115.0
False,2016-08-19,1487849,114.0
False,2016-08-20,1487849,114.0
False,2016-08-21,1487849,115.0
False,2016-08-22,1487849,110.0
False,2016-08-23,1487849,111.0
False,2016-08-24,1487849,119.0
True,2016-08-25,1487849,119.0
True,2016-08-26,1487849,140.0
True,2016-08-27,1487849,140.0
True,2016-08-28,1487849,140.0
True,2016-08-29,1487849,141.0
True,2016-08-30,1487849,141.0
True,2016-08-31,1487849,142.0
True,2016-09-01,1487849,120.0
False,2016-09-02,1487849,130.0
False,2016-09-03,1487849,130.0
True,2016-05-29,11319787,177.0
True,2016-05-30,11319787,158.0
True,2016-05-31,11319787,195.0
True,2016-06-01,11319787,203.0
True,2016-06-02,11319787,170.0
True,2016-06-03,11319787,223.0
True,2016-06-04,11319787,225.0
True,2016-06-05,11319787,165.0
False,2016-06-06,11319787,189.0
False,2016-06-07,11319787,192.0
True,2016-06-08,11319787,209.0
True,2016-06-09,11319787,220.0
True,2016-06-10,11319787,231.0
True,2016-06-11,11319787,233.0
True,2016-06-12,11319787,129.0
True,2016-06-13,11319787,204.0
True,2016-06-14,11319787,208.0
False,2016-06-15,11319787,212.0
False,2016-06-16,11319787,137.0
True,2016-06-17,11319787,241.0
True,2016-06-18,11319787,243.0
True,2016-06-19,11319787,225.0
True,2016-06-20,11319787,220.0
False,2016-06-21,11319787,195.0
False,2016-06-22,11319787,200.0
True,2016-06-23,11319787,291.0
True,2016-06-24,11319787,285.0
True,2016-06-25,11319787,253.0
True,2016-06-26,11319787,234.0
True,2016-06-27,11319787,281.0
False,2016-06-28,11319787,171.0
False,2016-06-29,11319787,181.0
False,2016-06-30,11319787,210.0
True,2016-07-01,11319787,141.0
False,2016-07-02,11319787,248.0
True,2016-07-03,11319787,242.0
True,2016-07-04,11319787,237.0
True,2016-07-05,11319787,237.0
True,2016-07-06,11319787,130.0
True,2016-07-07,11319787,255.0
True,2016-07-08,11319787,266.0
True,2016-07-09,11319787,268.0
True,2016-07-10,11319787,135.0
False,2016-07-11,11319787,232.0
False,2016-07-12,11319787,239.0
False,2016-07-13,11319787,276.0
False,2016-07-14,11319787,275.0
False,2016-07-15,11319787,272.0
False,2016-07-16,11319787,274.0
True,2016-07-17,11319787,177.0
False,2016-07-18,11319787,160.0
False,2016-07-19,11319787,160.0
False,2016-07-20,11319787,160.0
False,2016-07-21,11319787,160.0
False,2016-07-22,11319787,160.0
True,2016-07-23,11319787,198.0
False,2016-07-24,11319787,241.0
False,2016-07-25,11319787,232.0
False,2016-07-26,11319787,235.0
False,2016-07-27,11319787,240.0
False,2016-07-28,11319787,352.0
False,2016-07-29,11319787,285.0
False,2016-07-30,11319787,363.0
False,2016-07-31,11319787,363.0
False,2016-08-01,11319787,379.0
False,2016-08-02,11319787,241.0
False,2016-08-03,11319787,247.0
False,2016-08-04,11319787,369.0
False,2016-08-05,11319787,160.0
False,2016-08-06,11319787,160.0
False,2016-08-07,11319787,160.0
True,2016-08-08,11319787,178.0
False,2016-08-09,11319787,252.0
False,2016-08-10,11319787,255.0
False,2016-08-11,11319787,266.0
False,2016-08-12,11319787,288.0
False,2016-08-13,11319787,289.0
False,2016-08-14,11319787,269.0
False,2016-08-15,11319787,302.0
False,2016-08-16,11319787,317.0
True,2016-08-17,11319787,228.0
True,2016-08-18,11319787,234.0
False,2016-08-19,11319787,286.0
False,2016-08-20,11319787,287.0
False,2016-08-21,11319787,266.0
True,2016-08-22,11319787,240.0
True,2016-08-23,11319787,245.0
True,2016-08-24,11319787,250.0
True,2016-08-25,11319787,259.0
True,2016-08-26,11319787,274.0
False,2016-08-27,11319787,260.0
False,2016-08-28,11319787,237.0
False,2016-08-29,11319787,228.0
True,2016-08-30,11319787,244.0
True,2016-08-31,11319787,248.0
True,2016-09-01,11319787,256.0
False,2016-09-02,11319787,259.0
False,2016-09-03,11319787,286.0
False,2016-05-29,11674092,210.0
False,2016-05-30,11674092,210.0
False,2016-05-31,11674092,210.0
False,2016-06-01,11674092,210.0
False,2016-06-02,11674092,210.0
False,2016-06-03,11674092,210.0
False,2016-06-04,11674092,210.0
False,2016-06-05,11674092,210.0
False,2016-06-06,11674092,210.0
False,2016-06-07,11674092,210.0
False,2016-06-08,11674092,210.0
False,2016-06-09,11674092,210.0
False,2016-06-10,11674092,210.0
False,2016-06-11,11674092,210.0
False,2016-06-12,11674092,210.0
False,2016-06-13,11674092,210.0
False,2016-06-14,11674092,210.0
False,2016-06-15,11674092,210.0
False,2016-06-16,11674092,210.0
False,2016-06-17,11674092,210.0
False,2016-06-18,11674092,210.0
False,2016-06-19,11674092,210.0
False,2016-06-20,11674092,210.0
False,2016-06-21,11674092,210.0
False,2016-06-22,11674092,210.0
False,2016-06-23,11674092,210.0
False,2016-06-24,11674092,210.0
False,2016-06-25,11674092,210.0
False,2016-06-26,11674092,210.0
False,2016-06-27,11674092,210.0
False,2016-06-28,11674092,210.0
False,2016-06-29,11674092,210.0
False,2016-06-30,11674092,210.0
False,2016-07-01,11674092,210.0
False,2016-07-02,11674092,210.0
False,2016-07-03,11674092,210.0
False,2016-07-04,11674092,210.0
False,2016-07-05,11674092,210.0
False,2016-07-06,11674092,210.0
False,2016-07-07,11674092,210.0
False,2016-07-08,11674092,210.0
False,2016-07-09,11674092,210.0
False,2016-07-10,11674092,210.0
False,2016-07-11,11674092,210.0
False,2016-07-12,11674092,210.0
False,2016-07-13,11674092,210.0
False,2016-07-14,11674092,210.0
False,2016-07-15,11674092,210.0
False,2016-07-16,11674092,210.0
False,2016-07-17,11674092,210.0
False,2016-07-18,11674092,210.0
False,2016-07-19,11674092,210.0
False,2016-07-20,11674092,210.0
False,2016-07-21,11674092,210.0
False,2016-07-22,11674092,210.0
False,2016-07-23,11674092,210.0
False,2016-07-24,11674092,210.0
False,2016-07-25,11674092,210.0
False,2016-07-26,11674092,210.0
False,2016-07-27,11674092,210.0
False,2016-07-28,11674092,210.0
False,2016-07-29,11674092,210.0
False,2016-07-30,11674092,210.0
False,2016-07-31,11674092,210.0
False,2016-08-01,11674092,210.0
False,2016-08-02,11674092,210.0
False,2016-08-03,11674092,210.0
False,2016-08-04,11674092,210.0
False,2016-08-05,11674092,210.0
False,2016-08-06,11674092,210.0
True,2016-08-07,11674092,210.0
True,2016-08-08,11674092,210.0
True,2016-08-09,11674092,210.0
False,2016-08-10,11674092,213.0
False,2016-08-11,11674092,212.0
False,2016-08-12,11674092,215.0
False,2016-08-13,11674092,215.0
False,2016-08-14,11674092,216.0
False,2016-08-15,11674092,212.0
True,2016-08-16,11674092,214.0
True,2016-08-17,11674092,214.0
True,2016-08-18,11674092,214.0
True,2016-08-19,11674092,214.0
True,2016-08-20,11674092,214.0
True,2016-08-21,11674092,215.0
True,2016-08-22,11674092,210.0
True,2016-08-23,11674092,210.0
True,2016-08-24,11674092,210.0
True,2016-08-25,11674092,210.0
True,2016-08-26,11674092,210.0
True,2016-08-27,11674092,210.0
True,2016-08-28,11674092,210.0
True,2016-08-29,11674092,210.0
True,2016-08-30,11674092,210.0
True,2016-08-31,11674092,210.0
True,2016-09-01,11674092,210.0
True,2016-09-02,11674092,210.0
True,2016-09-03,11674092,210.0
False,2016-05-29,8940883,295.0
False,2016-05-30,8940883,295.0
False,2016-05-31,8940883,275.0
False,2016-06-01,8940883,275.0
False,2016-06-02,8940883,275.0
False,2016-06-03,8940883,295.0
False,2016-06-04,8940883,295.0
False,2016-06-05,8940883,295.0
False,2016-06-06,8940883,445.0
False,2016-06-07,8940883,445.0
False,2016-06-08,8940883,445.0
False,2016-06-09,8940883,445.0
False,2016-06-10,8940883,295.0
False,2016-06-11,8940883,295.0
False,2016-06-12,8940883,295.0
False,2016-06-13,8940883,295.0
False,2016-06-14,8940883,295.0
False,2016-06-15,8940883,295.0
False,2016-06-16,8940883,295.0
False,2016-06-17,8940883,295.0
False,2016-06-18,8940883,295.0
False,2016-06-19,8940883,295.0
True,2016-06-20,8940883,250.0
False,2016-06-21,8940883,250.0
False,2016-06-22,8940883,295.0
False,2016-06-23,8940883,295.0
False,2016-06-24,8940883,295.0
False,2016-06-25,8940883,295.0
False,2016-06-26,8940883,295.0
False,2016-06-27,8940883,295.0
False,2016-06-28,8940883,295.0
False,2016-06-29,8940883,295.0
False,2016-06-30,8940883,295.0
False,2016-07-01,8940883,295.0
False,2016-07-02,8940883,295.0
False,2016-07-03,8940883,325.0
False,2016-07-04,8940883,315.0
False,2016-07-05,8940883,315.0
False,2016-07-06,8940883,315.0
False,2016-07-07,8940883,315.0
False,2016-07-08,8940883,315.0
False,2016-07-09,8940883,315.0
False,2016-07-10,8940883,315.0
False,2016-07-11,8940883,315.0
False,2016-07-12,8940883,315.0
False,2016-07-13,8940883,325.0
False,2016-07-14,8940883,325.0
False,2016-07-15,8940883,315.0
False,2016-07-16,8940883,315.0
False,2016-07-17,8940883,315.0
False,2016-07-18,8940883,295.0
False,2016-07-19,8940883,295.0
True,2016-07-20,8940883,315.0
True,2016-07-21,8940883,315.0
False,2016-07-22,8940883,315.0
False,2016-07-23,8940883,295.0
False,2016-07-24,8940883,295.0
False,2016-07-25,8940883,315.0
False,2016-07-26,8940883,315.0
False,2016-07-27,8940883,295.0
False,2016-07-28,8940883,295.0
False,2016-07-29,8940883,295.0
False,2016-07-30,8940883,295.0
False,2016-07-31,8940883,295.0
False,2016-08-01,8940883,295.0
False,2016-08-02,8940883,295.0
False,2016-08-03,8940883,295.0
False,2016-08-04,8940883,295.0
False,2016-08-05,8940883,295.0
False,2016-08-06,8940883,295.0
False,2016-08-07,8940883,295.0
False,2016-08-08,8940883,295.0
False,2016-08-09,8940883,295.0
True,2016-08-10,8940883,315.0
True,2016-08-11,8940883,315.0
True,2016-08-12,8940883,315.0
False,2016-08-13,8940883,295.0
False,2016-08-14,8940883,295.0
False,2016-08-15,8940883,315.0
False,2016-08-16,8940883,315.0
False,2016-08-17,8940883,315.0
False,2016-08-18,8940883,315.0
False,2016-08-19,8940883,315.0
False,2016-08-20,8940883,295.0
False,2016-08-21,8940883,295.0
False,2016-08-22,8940883,315.0
False,2016-08-23,8940883,315.0
False,2016-08-24,8940883,315.0
False,2016-08-25,8940883,315.0
True,2016-08-26,8940883,315.0
True,2016-08-27,8940883,315.0
True,2016-08-28,8940883,315.0
True,2016-08-29,8940883,315.0
True,2016-08-30,8940883,315.0
True,2016-08-31,8940883,315.0
True,2016-09-01,8940883,315.0
True,2016-09-02,8940883,315.0
False,2016-09-03,8940883,295.0
False,2016-05-29,11872752,175.0
False,2016-05-30,11872752,170.0
False,2016-05-31,11872752,160.0
False,2016-06-01,11872752,160.0
False,2016-06-02,11872752,160.0
False,2016-06-03,11872752,125.0
False,2016-06-04,11872752,125.0
False,2016-06-05,11872752,160.0
False,2016-06-06,11872752,160.0
False,2016-06-07,11872752,160.0
False,2016-06-08,11872752,160.0
False,2016-06-09,11872752,160.0
False,2016-06-10,11872752,125.0
False,2016-06-11,11872752,125.0
False,2016-06-12,11872752,160.0
False,2016-06-13,11872752,160.0
False,2016-06-14,11872752,160.0
False,2016-06-15,11872752,160.0
False,2016-06-16,11872752,160.0
False,2016-06-17,11872752,125.0
False,2016-06-18,11872752,125.0
False,2016-06-19,11872752,160.0
False,2016-06-20,11872752,160.0
False,2016-06-21,11872752,160.0
False,2016-06-22,11872752,160.0
False,2016-06-23,11872752,160.0
False,2016-06-24,11872752,160.0
False,2016-06-25,11872752,160.0
False,2016-06-26,11872752,160.0
False,2016-06-27,11872752,160.0
False,2016-06-28,11872752,160.0
True,2016-06-29,11872752,160.0
False,2016-06-30,11872752,130.0
False,2016-07-01,11872752,175.0
False,2016-07-02,11872752,175.0
False,2016-07-03,11872752,175.0
False,2016-07-04,11872752,175.0
False,2016-07-05,11872752,175.0
False,2016-07-06,11872752,175.0
False,2016-07-07,11872752,175.0
False,2016-07-08,11872752,175.0
False,2016-07-09,11872752,175.0
False,2016-07-10,11872752,175.0
False,2016-07-11,11872752,175.0
False,2016-07-12,11872752,175.0
False,2016-07-13,11872752,175.0
False,2016-07-14,11872752,175.0
False,2016-07-15,11872752,175.0
False,2016-07-16,11872752,175.0
False,2016-07-17,11872752,175.0
False,2016-07-18,11872752,175.0
False,2016-07-19,11872752,175.0
False,2016-07-20,11872752,175.0
False,2016-07-21,11872752,175.0
False,2016-07-22,11872752,175.0
False,2016-07-23,11872752,175.0
False,2016-07-24,11872752,175.0
False,2016-07-25,11872752,175.0
False,2016-07-26,11872752,175.0
False,2016-07-27,11872752,175.0
False,2016-07-28,11872752,175.0
False,2016-07-29,11872752,175.0
False,2016-07-30,11872752,175.0
False,2016-07-31,11872752,175.0
False,2016-08-01,11872752,150.0
False,2016-08-02,11872752,150.0
False,2016-08-03,11872752,150.0
False,2016-08-04,11872752,150.0
False,2016-08-05,11872752,150.0
False,2016-08-06,11872752,150.0
False,2016-08-07,11872752,150.0
False,2016-08-08,11872752,150.0
False,2016-08-09,11872752,150.0
False,2016-08-10,11872752,150.0
True,2016-08-11,11872752,175.0
True,2016-08-12,11872752,175.0
False,2016-08-13,11872752,150.0
False,2016-08-14,11872752,150.0
False,2016-08-15,11872752,150.0
False,2016-08-16,11872752,150.0
False,2016-08-17,11872752,150.0
False,2016-08-18,11872752,150.0
False,2016-08-19,11872752,150.0
False,2016-08-20,11872752,150.0
False,2016-08-21,11872752,150.0
False,2016-08-22,11872752,150.0
False,2016-08-23,11872752,150.0
False,2016-08-24,11872752,150.0
False,2016-08-25,11872752,150.0
False,2016-08-26,11872752,150.0
False,2016-08-27,11872752,150.0
False,2016-08-28,11872752,150.0
False,2016-08-29,11872752,150.0
False,2016-08-30,11872752,150.0
False,2016-08-31,11872752,150.0
False,2016-09-01,11872752,150.0
False,2016-09-02,11872752,150.0
False,2016-09-03,11872752,150.0
False,2016-05-29,10862065,237.0
False,2016-05-30,10862065,237.0
False,2016-05-31,10862065,237.0
False,2016-06-01,10862065,237.0
False,2016-06-02,10862065,237.0
True,2016-06-03,10862065,185.0
False,2016-06-04,10862065,185.0
False,2016-06-05,10862065,185.0
False,2016-06-06,10862065,225.0
False,2016-06-07,10862065,225.0
False,2016-06-08,10862065,225.0
True,2016-06-09,10862065,200.0
False,2016-06-10,10862065,200.0
False,2016-06-11,10862065,200.0
False,2016-06-12,10862065,225.0
False,2016-06-13,10862065,225.0
False,2016-06-14,10862065,225.0
False,2016-06-15,10862065,225.0
False,2016-06-16,10862065,225.0
False,2016-06-17,10862065,200.0
False,2016-06-18,10862065,225.0
False,2016-06-19,10862065,225.0
False,2016-06-20,10862065,200.0
False,2016-06-21,10862065,200.0
False,2016-06-22,10862065,225.0
False,2016-06-23,10862065,225.0
False,2016-06-24,10862065,225.0
False,2016-06-25,10862065,225.0
False,2016-06-26,10862065,200.0
False,2016-06-27,10862065,200.0
False,2016-06-28,10862065,200.0
True,2016-06-29,10862065,175.0
False,2016-06-30,10862065,225.0
False,2016-07-01,10862065,237.0
False,2016-07-02,10862065,237.0
False,2016-07-03,10862065,237.0
False,2016-07-04,10862065,237.0
False,2016-07-05,10862065,237.0
False,2016-07-06,10862065,237.0
False,2016-07-07,10862065,237.0
False,2016-07-08,10862065,237.0
False,2016-07-09,10862065,237.0
True,2016-07-10,10862065,175.0
False,2016-07-11,10862065,237.0
False,2016-07-12,10862065,237.0
False,2016-07-13,10862065,237.0
False,2016-07-14,10862065,237.0
True,2016-07-15,10862065,185.0
True,2016-07-16,10862065,185.0
True,2016-07-17,10862065,185.0
True,2016-07-18,10862065,185.0
False,2016-07-19,10862065,185.0
False,2016-07-20,10862065,237.0
False,2016-07-21,10862065,237.0
False,2016-07-22,10862065,237.0
False,2016-07-23,10862065,237.0
False,2016-07-24,10862065,237.0
False,2016-07-25,10862065,237.0
False,2016-07-26,10862065,237.0
False,2016-07-27,10862065,237.0
False,2016-07-28,10862065,237.0
False,2016-07-29,10862065,237.0
False,2016-07-30,10862065,237.0
False,2016-07-31,10862065,237.0
False,2016-08-01,10862065,237.0
True,2016-08-02,10862065,200.0
False,2016-08-03,10862065,237.0
False,2016-08-04,10862065,237.0
False,2016-08-05,10862065,237.0
False,2016-08-06,10862065,237.0
False,2016-08-07,10862065,237.0
False,2016-08-08,10862065,237.0
False,2016-08-09,10862065,237.0
True,2016-08-10,10862065,237.0
True,2016-08-11,10862065,237.0
False,2016-08-12,10862065,237.0
False,2016-08-13,10862065,237.0
False,2016-08-14,10862065,237.0
False,2016-08-15,10862065,237.0
False,2016-08-16,10862065,237.0
False,2016-08-17,10862065,237.0
False,2016-08-18,10862065,237.0
False,2016-08-19,10862065,237.0
False,2016-08-20,10862065,237.0
True,2016-08-21,10862065,237.0
True,2016-08-22,10862065,237.0
True,2016-08-23,10862065,237.0
False,2016-08-24,10862065,237.0
False,2016-08-25,10862065,237.0
False,2016-08-26,10862065,237.0
False,2016-08-27,10862065,237.0
False,2016-08-28,10862065,237.0
False,2016-08-29,10862065,237.0
False,2016-08-30,10862065,237.0
False,2016-08-31,10862065,237.0
True,2016-09-01,10862065,237.0
True,2016-09-02,10862065,237.0
True,2016-09-03,10862065,237.0
True,2016-05-29,631635,107.0
True,2016-05-30,631635,77.0
False,2016-05-31,631635,161.0
False,2016-06-01,631635,161.0
False,2016-06-02,631635,161.0
False,2016-06-03,631635,161.0
False,2016-06-04,631635,162.0
False,2016-06-05,631635,201.0
False,2016-06-06,631635,201.0
False,2016-06-07,631635,201.0
False,2016-06-08,631635,131.0
False,2016-06-09,631635,148.0
False,2016-06-10,631635,155.0
False,2016-06-11,631635,114.0
False,2016-06-12,631635,147.0
False,2016-06-13,631635,155.0
False,2016-06-14,631635,151.0
False,2016-06-15,631635,150.0
False,2016-06-16,631635,149.0
False,2016-06-17,631635,168.0
False,2016-06-18,631635,168.0
False,2016-06-19,631635,157.0
True,2016-06-20,631635,131.0
True,2016-06-21,631635,131.0
False,2016-06-22,631635,131.0
False,2016-06-23,631635,131.0
False,2016-06-24,631635,197.0
False,2016-06-25,631635,202.0
False,2016-06-26,631635,200.0
True,2016-06-27,631635,131.0
True,2016-06-28,631635,131.0
True,2016-06-29,631635,131.0
False,2016-06-30,631635,170.0
False,2016-07-01,631635,170.0
False,2016-07-02,631635,170.0
False,2016-07-03,631635,171.0
False,2016-07-04,631635,170.0
False,2016-07-05,631635,171.0
True,2016-07-06,631635,117.0
False,2016-07-07,631635,117.0
False,2016-07-08,631635,117.0
False,2016-07-09,631635,120.0
False,2016-07-10,631635,205.0
False,2016-07-11,631635,205.0
False,2016-07-12,631635,205.0
False,2016-07-13,631635,205.0
False,2016-07-14,631635,154.0
False,2016-07-15,631635,160.0
False,2016-07-16,631635,154.0
False,2016-07-17,631635,154.0
False,2016-07-18,631635,149.0
False,2016-07-19,631635,155.0
False,2016-07-20,631635,154.0
False,2016-07-21,631635,154.0
False,2016-07-22,631635,175.0
False,2016-07-23,631635,175.0
False,2016-07-24,631635,175.0
False,2016-07-25,631635,176.0
False,2016-07-26,631635,176.0
False,2016-07-27,631635,176.0
False,2016-07-28,631635,175.0
False,2016-07-29,631635,175.0
False,2016-07-30,631635,175.0
False,2016-07-31,631635,175.0
False,2016-08-01,631635,176.0
False,2016-08-02,631635,176.0
False,2016-08-03,631635,176.0
False,2016-08-04,631635,207.0
False,2016-08-05,631635,208.0
False,2016-08-06,631635,208.0
False,2016-08-07,631635,204.0
False,2016-08-08,631635,207.0
False,2016-08-09,631635,160.0
False,2016-08-10,631635,160.0
False,2016-08-11,631635,160.0
False,2016-08-12,631635,184.0
False,2016-08-13,631635,184.0
False,2016-08-14,631635,171.0
False,2016-08-15,631635,160.0
False,2016-08-16,631635,160.0
False,2016-08-17,631635,160.0
False,2016-08-18,631635,160.0
False,2016-08-19,631635,184.0
False,2016-08-20,631635,184.0
False,2016-08-21,631635,171.0
False,2016-08-22,631635,160.0
False,2016-08-23,631635,160.0
False,2016-08-24,631635,160.0
False,2016-08-25,631635,160.0
False,2016-08-26,631635,184.0
False,2016-08-27,631635,184.0
False,2016-08-28,631635,171.0
False,2016-08-29,631635,160.0
False,2016-08-30,631635,160.0
False,2016-08-31,631635,160.0
False,2016-09-01,631635,160.0
False,2016-09-02,631635,184.0
False,2016-09-03,631635,184.0
True,2016-05-29,13560820,250.0
True,2016-05-30,13560820,250.0
True,2016-05-31,13560820,250.0
True,2016-06-01,13560820,250.0
True,2016-06-02,13560820,250.0
True,2016-06-03,13560820,250.0
True,2016-06-04,13560820,250.0
True,2016-06-05,13560820,250.0
True,2016-06-06,13560820,250.0
True,2016-06-07,13560820,250.0
True,2016-06-08,13560820,250.0
True,2016-06-09,13560820,250.0
True,2016-06-10,13560820,250.0
True,2016-06-11,13560820,250.0
True,2016-06-12,13560820,250.0
True,2016-06-13,13560820,250.0
True,2016-06-14,13560820,250.0
True,2016-06-15,13560820,250.0
True,2016-06-16,13560820,250.0
False,2016-06-17,13560820,250.0
False,2016-06-18,13560820,250.0
False,2016-06-19,13560820,250.0
False,2016-06-20,13560820,250.0
False,2016-06-21,13560820,250.0
False,2016-06-22,13560820,250.0
False,2016-06-23,13560820,250.0
False,2016-06-24,13560820,250.0
False,2016-06-25,13560820,250.0
False,2016-06-26,13560820,250.0
False,2016-06-27,13560820,250.0
False,2016-06-28,13560820,250.0
False,2016-06-29,13560820,250.0
False,2016-06-30,13560820,250.0
False,2016-07-01,13560820,250.0
False,2016-07-02,13560820,250.0
False,2016-07-03,13560820,250.0
False,2016-07-04,13560820,250.0
False,2016-07-05,13560820,250.0
False,2016-07-06,13560820,250.0
False,2016-07-07,13560820,250.0
False,2016-07-08,13560820,250.0
False,2016-07-09,13560820,250.0
False,2016-07-10,13560820,250.0
True,2016-07-11,13560820,250.0
False,2016-07-12,13560820,250.0
False,2016-07-13,13560820,250.0
False,2016-07-14,13560820,250.0
False,2016-07-15,13560820,250.0
True,2016-07-16,13560820,250.0
True,2016-07-17,13560820,250.0
False,2016-07-18,13560820,250.0
False,2016-07-19,13560820,250.0
False,2016-07-20,13560820,250.0
False,2016-07-21,13560820,250.0
False,2016-07-22,13560820,250.0
False,2016-07-23,13560820,250.0
False,2016-07-24,13560820,250.0
False,2016-07-25,13560820,250.0
False,2016-07-26,13560820,250.0
False,2016-07-27,13560820,250.0
False,2016-07-28,13560820,250.0
False,2016-07-29,13560820,250.0
False,2016-07-30,13560820,250.0
True,2016-07-31,13560820,250.0
False,2016-08-01,13560820,250.0
False,2016-08-02,13560820,250.0
False,2016-08-03,13560820,250.0
False,2016-08-04,13560820,250.0
False,2016-08-05,13560820,250.0
False,2016-08-06,13560820,250.0
False,2016-08-07,13560820,250.0
False,2016-08-08,13560820,250.0
False,2016-08-09,13560820,250.0
False,2016-08-10,13560820,250.0
False,2016-08-11,13560820,250.0
False,2016-08-12,13560820,250.0
False,2016-08-13,13560820,250.0
False,2016-08-14,13560820,250.0
False,2016-08-15,13560820,250.0
True,2016-08-16,13560820,250.0
True,2016-08-17,13560820,250.0
False,2016-08-18,13560820,250.0
False,2016-08-19,13560820,250.0
False,2016-08-20,13560820,250.0
False,2016-08-21,13560820,250.0
False,2016-08-22,13560820,250.0
True,2016-08-23,13560820,250.0
True,2016-08-24,13560820,250.0
True,2016-08-25,13560820,250.0
True,2016-08-26,13560820,250.0
True,2016-08-27,13560820,250.0
True,2016-08-28,13560820,250.0
True,2016-08-29,13560820,250.0
True,2016-08-30,13560820,250.0
True,2016-08-31,13560820,250.0
True,2016-09-01,13560820,250.0
True,2016-09-02,13560820,250.0
True,2016-09-03,13560820,250.0
False,2016-05-29,4966389,225.0
False,2016-05-30,4966389,225.0
False,2016-05-31,4966389,225.0
False,2016-06-01,4966389,225.0
False,2016-06-02,4966389,225.0
False,2016-06-03,4966389,225.0
False,2016-06-04,4966389,225.0
False,2016-06-05,4966389,225.0
False,2016-06-06,4966389,225.0
False,2016-06-07,4966389,225.0
False,2016-06-08,4966389,225.0
False,2016-06-09,4966389,225.0
False,2016-06-10,4966389,225.0
False,2016-06-11,4966389,225.0
False,2016-06-12,4966389,225.0
False,2016-06-13,4966389,225.0
False,2016-06-14,4966389,225.0
False,2016-06-15,4966389,225.0
False,2016-06-16,4966389,225.0
False,2016-06-17,4966389,225.0
False,2016-06-18,4966389,225.0
False,2016-06-19,4966389,225.0
False,2016-06-20,4966389,225.0
False,2016-06-21,4966389,225.0
False,2016-06-22,4966389,225.0
False,2016-06-23,4966389,225.0
False,2016-06-24,4966389,225.0
False,2016-06-25,4966389,250.0
False,2016-06-26,4966389,250.0
False,2016-06-27,4966389,225.0
False,2016-06-28,4966389,225.0
False,2016-06-29,4966389,225.0
False,2016-06-30,4966389,225.0
False,2016-07-01,4966389,225.0
False,2016-07-02,4966389,225.0
False,2016-07-03,4966389,225.0
False,2016-07-04,4966389,225.0
True,2016-07-05,4966389,225.0
False,2016-07-06,4966389,225.0
False,2016-07-07,4966389,225.0
False,2016-07-08,4966389,225.0
False,2016-07-09,4966389,225.0
False,2016-07-10,4966389,225.0
False,2016-07-11,4966389,225.0
False,2016-07-12,4966389,225.0
False,2016-07-13,4966389,225.0
False,2016-07-14,4966389,225.0
False,2016-07-15,4966389,225.0
False,2016-07-16,4966389,225.0
False,2016-07-17,4966389,225.0
False,2016-07-18,4966389,225.0
False,2016-07-19,4966389,225.0
False,2016-07-20,4966389,225.0
False,2016-07-21,4966389,225.0
False,2016-07-22,4966389,225.0
False,2016-07-23,4966389,225.0
False,2016-07-24,4966389,225.0
False,2016-07-25,4966389,225.0
False,2016-07-26,4966389,225.0
False,2016-07-27,4966389,225.0
False,2016-07-28,4966389,225.0
False,2016-07-29,4966389,225.0
False,2016-07-30,4966389,225.0
False,2016-07-31,4966389,225.0
False,2016-08-01,4966389,225.0
False,2016-08-02,4966389,225.0
False,2016-08-03,4966389,225.0
False,2016-08-04,4966389,225.0
True,2016-08-05,4966389,225.0
True,2016-08-06,4966389,225.0
False,2016-08-07,4966389,225.0
False,2016-08-08,4966389,225.0
False,2016-08-09,4966389,225.0
False,2016-08-10,4966389,225.0
False,2016-08-11,4966389,225.0
False,2016-08-12,4966389,225.0
False,2016-08-13,4966389,225.0
False,2016-08-14,4966389,225.0
True,2016-08-15,4966389,225.0
True,2016-08-16,4966389,225.0
True,2016-08-17,4966389,225.0
True,2016-08-18,4966389,225.0
True,2016-08-19,4966389,225.0
True,2016-08-20,4966389,225.0
True,2016-08-21,4966389,225.0
True,2016-08-22,4966389,225.0
True,2016-08-23,4966389,225.0
True,2016-08-24,4966389,225.0
True,2016-08-25,4966389,225.0
True,2016-08-26,4966389,225.0
True,2016-08-27,4966389,225.0
False,2016-08-28,4966389,225.0
False,2016-08-29,4966389,225.0
False,2016-08-30,4966389,225.0
False,2016-08-31,4966389,225.0
False,2016-09-01,4966389,225.0
False,2016-09-02,4966389,225.0
False,2016-09-03,4966389,225.0
False,2016-05-29,1898486,235.0
False,2016-05-30,1898486,235.0
False,2016-05-31,1898486,235.0
False,2016-06-01,1898486,235.0
False,2016-06-02,1898486,235.0
False,2016-06-03,1898486,235.0
False,2016-06-04,1898486,235.0
False,2016-06-05,1898486,235.0
False,2016-06-06,1898486,235.0
False,2016-06-07,1898486,235.0
False,2016-06-08,1898486,235.0
False,2016-06-09,1898486,235.0
False,2016-06-10,1898486,235.0
False,2016-06-11,1898486,235.0
False,2016-06-12,1898486,235.0
False,2016-06-13,1898486,235.0
False,2016-06-14,1898486,235.0
True,2016-06-15,1898486,235.0
False,2016-06-16,1898486,235.0
False,2016-06-17,1898486,235.0
False,2016-06-18,1898486,235.0
False,2016-06-19,1898486,235.0
False,2016-06-20,1898486,235.0
False,2016-06-21,1898486,235.0
False,2016-06-22,1898486,235.0
False,2016-06-23,1898486,235.0
False,2016-06-24,1898486,235.0
False,2016-06-25,1898486,235.0
False,2016-06-26,1898486,235.0
False,2016-06-27,1898486,235.0
False,2016-06-28,1898486,235.0
False,2016-06-29,1898486,235.0
False,2016-06-30,1898486,235.0
False,2016-07-01,1898486,235.0
True,2016-07-02,1898486,235.0
True,2016-07-03,1898486,235.0
True,2016-07-04,1898486,235.0
True,2016-07-05,1898486,235.0
False,2016-07-06,1898486,235.0
False,2016-07-07,1898486,235.0
False,2016-07-08,1898486,235.0
False,2016-07-09,1898486,235.0
False,2016-07-10,1898486,235.0
False,2016-07-11,1898486,235.0
False,2016-07-12,1898486,235.0
False,2016-07-13,1898486,235.0
False,2016-07-14,1898486,235.0
False,2016-07-15,1898486,235.0
False,2016-07-16,1898486,235.0
False,2016-07-17,1898486,235.0
False,2016-07-18,1898486,235.0
False,2016-07-19,1898486,235.0
False,2016-07-20,1898486,235.0
False,2016-07-21,1898486,235.0
False,2016-07-22,1898486,235.0
False,2016-07-23,1898486,235.0
False,2016-07-24,1898486,235.0
False,2016-07-25,1898486,235.0
False,2016-07-26,1898486,235.0
False,2016-07-27,1898486,235.0
False,2016-07-28,1898486,235.0
False,2016-07-29,1898486,235.0
False,2016-07-30,1898486,235.0
False,2016-07-31,1898486,235.0
False,2016-08-01,1898486,235.0
False,2016-08-02,1898486,235.0
False,2016-08-03,1898486,235.0
False,2016-08-04,1898486,235.0
False,2016-08-05,1898486,235.0
False,2016-08-06,1898486,235.0
False,2016-08-07,1898486,235.0
False,2016-08-08,1898486,235.0
False,2016-08-09,1898486,235.0
False,2016-08-10,1898486,235.0
False,2016-08-11,1898486,235.0
False,2016-08-12,1898486,235.0
False,2016-08-13,1898486,235.0
False,2016-08-14,1898486,235.0
False,2016-08-15,1898486,235.0
False,2016-08-16,1898486,235.0
False,2016-08-17,1898486,235.0
False,2016-08-18,1898486,235.0
False,2016-08-19,1898486,235.0
False,2016-08-20,1898486,235.0
False,2016-08-21,1898486,235.0
False,2016-08-22,1898486,235.0
False,2016-08-23,1898486,235.0
False,2016-08-24,1898486,235.0
True,2016-08-25,1898486,235.0
False,2016-08-26,1898486,235.0
False,2016-08-27,1898486,235.0
False,2016-08-28,1898486,235.0
False,2016-08-29,1898486,235.0
False,2016-08-30,1898486,235.0
False,2016-08-31,1898486,235.0
False,2016-09-01,1898486,235.0
False,2016-09-02,1898486,235.0
False,2016-09-03,1898486,235.0
True,2016-05-29,10388905,300.0
True,2016-05-30,10388905,300.0
True,2016-05-31,10388905,300.0
False,2016-06-01,10388905,300.0
False,2016-06-02,10388905,300.0
False,2016-06-03,10388905,300.0
False,2016-06-04,10388905,300.0
False,2016-06-05,10388905,300.0
False,2016-06-06,10388905,300.0
False,2016-06-07,10388905,300.0
False,2016-06-08,10388905,300.0
False,2016-06-09,10388905,300.0
False,2016-06-10,10388905,300.0
False,2016-06-11,10388905,300.0
False,2016-06-12,10388905,300.0
False,2016-06-13,10388905,300.0
False,2016-06-14,10388905,300.0
False,2016-06-15,10388905,300.0
False,2016-06-16,10388905,300.0
False,2016-06-17,10388905,300.0
False,2016-06-18,10388905,300.0
False,2016-06-19,10388905,300.0
False,2016-06-20,10388905,300.0
False,2016-06-21,10388905,300.0
False,2016-06-22,10388905,300.0
False,2016-06-23,10388905,300.0
False,2016-06-24,10388905,160.0
False,2016-06-25,10388905,160.0
False,2016-06-26,10388905,160.0
True,2016-06-27,10388905,160.0
False,2016-06-28,10388905,180.0
False,2016-06-29,10388905,180.0
False,2016-06-30,10388905,180.0
True,2016-07-01,10388905,230.0
False,2016-07-02,10388905,230.0
False,2016-07-03,10388905,230.0
False,2016-07-04,10388905,230.0
False,2016-07-05,10388905,160.0
False,2016-07-06,10388905,160.0
False,2016-07-07,10388905,160.0
False,2016-07-08,10388905,280.0
False,2016-07-09,10388905,280.0
False,2016-07-10,10388905,280.0
True,2016-07-11,10388905,230.0
False,2016-07-12,10388905,280.0
False,2016-07-13,10388905,280.0
False,2016-07-14,10388905,280.0
False,2016-07-15,10388905,280.0
False,2016-07-16,10388905,280.0
False,2016-07-17,10388905,280.0
False,2016-07-18,10388905,280.0
False,2016-07-19,10388905,280.0
False,2016-07-20,10388905,300.0
False,2016-07-21,10388905,300.0
False,2016-07-22,10388905,300.0
False,2016-07-23,10388905,300.0
False,2016-07-24,10388905,280.0
False,2016-07-25,10388905,280.0
False,2016-07-26,10388905,280.0
False,2016-07-27,10388905,280.0
False,2016-07-28,10388905,280.0
False,2016-07-29,10388905,280.0
False,2016-07-30,10388905,280.0
True,2016-07-31,10388905,300.0
False,2016-08-01,10388905,300.0
False,2016-08-02,10388905,315.0
False,2016-08-03,10388905,315.0
False,2016-08-04,10388905,280.0
False,2016-08-05,10388905,280.0
False,2016-08-06,10388905,280.0
False,2016-08-07,10388905,280.0
True,2016-08-08,10388905,280.0
False,2016-08-09,10388905,300.0
False,2016-08-10,10388905,300.0
False,2016-08-11,10388905,300.0
False,2016-08-12,10388905,300.0
False,2016-08-13,10388905,300.0
False,2016-08-14,10388905,300.0
False,2016-08-15,10388905,300.0
False,2016-08-16,10388905,300.0
False,2016-08-17,10388905,300.0
False,2016-08-18,10388905,300.0
False,2016-08-19,10388905,300.0
False,2016-08-20,10388905,300.0
False,2016-08-21,10388905,300.0
False,2016-08-22,10388905,300.0
False,2016-08-23,10388905,300.0
False,2016-08-24,10388905,300.0
False,2016-08-25,10388905,300.0
False,2016-08-26,10388905,300.0
False,2016-08-27,10388905,300.0
False,2016-08-28,10388905,300.0
False,2016-08-29,10388905,300.0
False,2016-08-30,10388905,300.0
False,2016-08-31,10388905,300.0
False,2016-09-01,10388905,300.0
False,2016-09-02,10388905,300.0
False,2016-09-03,10388905,300.0
False,2016-05-29,11909624,277.0
False,2016-05-30,11909624,277.0
False,2016-05-31,11909624,277.0
False,2016-06-01,11909624,277.0
False,2016-06-02,11909624,277.0
False,2016-06-03,11909624,277.0
False,2016-06-04,11909624,277.0
False,2016-06-05,11909624,277.0
False,2016-06-06,11909624,277.0
False,2016-06-07,11909624,277.0
False,2016-06-08,11909624,277.0
False,2016-06-09,11909624,277.0
False,2016-06-10,11909624,277.0
False,2016-06-11,11909624,277.0
False,2016-06-12,11909624,277.0
False,2016-06-13,11909624,277.0
False,2016-06-14,11909624,277.0
False,2016-06-15,11909624,277.0
False,2016-06-16,11909624,277.0
False,2016-06-17,11909624,277.0
False,2016-06-18,11909624,277.0
False,2016-06-19,11909624,277.0
False,2016-06-20,11909624,277.0
False,2016-06-21,11909624,277.0
False,2016-06-22,11909624,277.0
False,2016-06-23,11909624,277.0
False,2016-06-24,11909624,277.0
False,2016-06-25,11909624,277.0
False,2016-06-26,11909624,277.0
False,2016-06-27,11909624,277.0
True,2016-06-28,11909624,295.0
True,2016-06-29,11909624,295.0
True,2016-06-30,11909624,295.0
True,2016-07-01,11909624,199.0
True,2016-07-02,11909624,199.0
False,2016-07-03,11909624,199.0
False,2016-07-04,11909624,199.0
False,2016-07-05,11909624,199.0
False,2016-07-06,11909624,199.0
True,2016-07-07,11909624,199.0
True,2016-07-08,11909624,199.0
True,2016-07-09,11909624,295.0
False,2016-07-10,11909624,295.0
False,2016-07-11,11909624,295.0
False,2016-07-12,11909624,354.0
False,2016-07-13,11909624,354.0
False,2016-07-14,11909624,354.0
False,2016-07-15,11909624,354.0
False,2016-07-16,11909624,354.0
False,2016-07-17,11909624,354.0
False,2016-07-18,11909624,295.0
False,2016-07-19,11909624,295.0
False,2016-07-20,11909624,295.0
False,2016-07-21,11909624,295.0
False,2016-07-22,11909624,295.0
False,2016-07-23,11909624,295.0
False,2016-07-24,11909624,295.0
False,2016-07-25,11909624,199.0
False,2016-07-26,11909624,199.0
False,2016-07-27,11909624,199.0
False,2016-07-28,11909624,199.0
False,2016-07-29,11909624,295.0
False,2016-07-30,11909624,295.0
False,2016-07-31,11909624,295.0
False,2016-08-01,11909624,295.0
False,2016-08-02,11909624,295.0
True,2016-08-03,11909624,295.0
True,2016-08-04,11909624,295.0
False,2016-08-05,11909624,354.0
False,2016-08-06,11909624,354.0
False,2016-08-07,11909624,354.0
False,2016-08-08,11909624,354.0
True,2016-08-09,11909624,295.0
True,2016-08-10,11909624,295.0
False,2016-08-11,11909624,295.0
False,2016-08-12,11909624,295.0
False,2016-08-13,11909624,295.0
True,2016-08-14,11909624,295.0
True,2016-08-15,11909624,295.0
True,2016-08-16,11909624,295.0
True,2016-08-17,11909624,295.0
False,2016-08-18,11909624,295.0
False,2016-08-19,11909624,295.0
False,2016-08-20,11909624,295.0
False,2016-08-21,11909624,295.0
False,2016-08-22,11909624,295.0
False,2016-08-23,11909624,295.0
False,2016-08-24,11909624,295.0
False,2016-08-25,11909624,295.0
False,2016-08-26,11909624,295.0
False,2016-08-27,11909624,295.0
False,2016-08-28,11909624,295.0
False,2016-08-29,11909624,295.0
False,2016-08-30,11909624,295.0
False,2016-08-31,11909624,295.0
False,2016-09-01,11909624,295.0
False,2016-09-02,11909624,295.0
False,2016-09-03,11909624,295.0
True,2016-05-29,13452472,115.0
True,2016-05-30,13452472,115.0
True,2016-05-31,13452472,115.0
True,2016-06-01,13452472,115.0
True,2016-06-02,13452472,115.0
True,2016-06-03,13452472,115.0
True,2016-06-04,13452472,115.0
True,2016-06-05,13452472,115.0
True,2016-06-06,13452472,115.0
True,2016-06-07,13452472,115.0
True,2016-06-08,13452472,115.0
False,2016-06-09,13452472,115.0
False,2016-06-10,13452472,115.0
False,2016-06-11,13452472,115.0
False,2016-06-12,13452472,115.0
False,2016-06-13,13452472,115.0
False,2016-06-14,13452472,115.0
False,2016-06-15,13452472,115.0
False,2016-06-16,13452472,115.0
False,2016-06-17,13452472,115.0
False,2016-06-18,13452472,115.0
False,2016-06-19,13452472,115.0
False,2016-06-20,13452472,115.0
False,2016-06-21,13452472,115.0
False,2016-06-22,13452472,115.0
False,2016-06-23,13452472,115.0
False,2016-06-24,13452472,115.0
False,2016-06-25,13452472,115.0
False,2016-06-26,13452472,115.0
False,2016-06-27,13452472,115.0
False,2016-06-28,13452472,115.0
False,2016-06-29,13452472,115.0
False,2016-06-30,13452472,115.0
True,2016-07-01,13452472,185.0
True,2016-07-02,13452472,185.0
False,2016-07-03,13452472,185.0
False,2016-07-04,13452472,185.0
False,2016-07-05,13452472,185.0
False,2016-07-06,13452472,185.0
False,2016-07-07,13452472,185.0
False,2016-07-08,13452472,185.0
False,2016-07-09,13452472,185.0
False,2016-07-10,13452472,185.0
False,2016-07-11,13452472,185.0
False,2016-07-12,13452472,185.0
False,2016-07-13,13452472,185.0
False,2016-07-14,13452472,185.0
False,2016-07-15,13452472,185.0
False,2016-07-16,13452472,185.0
False,2016-07-17,13452472,185.0
False,2016-07-18,13452472,185.0
False,2016-07-19,13452472,185.0
False,2016-07-20,13452472,185.0
False,2016-07-21,13452472,185.0
False,2016-07-22,13452472,185.0
False,2016-07-23,13452472,185.0
True,2016-07-24,13452472,155.0
False,2016-07-25,13452472,155.0
False,2016-07-26,13452472,155.0
False,2016-07-27,13452472,155.0
True,2016-07-28,13452472,185.0
False,2016-07-29,13452472,215.0
False,2016-07-30,13452472,215.0
False,2016-07-31,13452472,185.0
False,2016-08-01,13452472,185.0
False,2016-08-02,13452472,185.0
False,2016-08-03,13452472,185.0
False,2016-08-04,13452472,185.0
False,2016-08-05,13452472,215.0
False,2016-08-06,13452472,215.0
True,2016-08-07,13452472,215.0
False,2016-08-08,13452472,185.0
False,2016-08-09,13452472,185.0
False,2016-08-10,13452472,185.0
False,2016-08-11,13452472,185.0
False,2016-08-12,13452472,185.0
True,2016-08-13,13452472,185.0
True,2016-08-14,13452472,185.0
False,2016-08-15,13452472,185.0
False,2016-08-16,13452472,185.0
False,2016-08-17,13452472,185.0
False,2016-08-18,13452472,185.0
True,2016-08-19,13452472,185.0
False,2016-08-20,13452472,185.0
False,2016-08-21,13452472,185.0
False,2016-08-22,13452472,185.0
True,2016-08-23,13452472,185.0
True,2016-08-24,13452472,145.0
True,2016-08-25,13452472,145.0
False,2016-08-26,13452472,215.0
False,2016-08-27,13452472,215.0
False,2016-08-28,13452472,235.0
False,2016-08-29,13452472,235.0
True,2016-08-30,13452472,235.0
True,2016-08-31,13452472,195.0
True,2016-09-01,13452472,195.0
True,2016-09-02,13452472,195.0
True,2016-09-03,13452472,195.0
False,2016-05-29,7278586,345.0
False,2016-05-30,7278586,345.0
False,2016-05-31,7278586,345.0
False,2016-06-01,7278586,345.0
False,2016-06-02,7278586,345.0
False,2016-06-03,7278586,395.0
False,2016-06-04,7278586,395.0
True,2016-06-05,7278586,195.0
False,2016-06-06,7278586,245.0
False,2016-06-07,7278586,395.0
False,2016-06-08,7278586,395.0
False,2016-06-09,7278586,395.0
True,2016-06-10,7278586,225.0
False,2016-06-11,7278586,295.0
False,2016-06-12,7278586,395.0
False,2016-06-13,7278586,395.0
False,2016-06-14,7278586,395.0
False,2016-06-15,7278586,395.0
False,2016-06-16,7278586,395.0
False,2016-06-17,7278586,395.0
False,2016-06-18,7278586,395.0
False,2016-06-19,7278586,395.0
False,2016-06-20,7278586,200.0
False,2016-06-21,7278586,295.0
False,2016-06-22,7278586,295.0
False,2016-06-23,7278586,295.0
False,2016-06-24,7278586,345.0
False,2016-06-25,7278586,345.0
False,2016-06-26,7278586,345.0
False,2016-06-27,7278586,345.0
False,2016-06-28,7278586,425.0
False,2016-06-29,7278586,425.0
False,2016-06-30,7278586,425.0
False,2016-07-01,7278586,395.0
False,2016-07-02,7278586,395.0
False,2016-07-03,7278586,395.0
True,2016-07-04,7278586,245.0
False,2016-07-05,7278586,395.0
False,2016-07-06,7278586,395.0
False,2016-07-07,7278586,395.0
False,2016-07-08,7278586,395.0
False,2016-07-09,7278586,395.0
False,2016-07-10,7278586,395.0
False,2016-07-11,7278586,395.0
False,2016-07-12,7278586,395.0
False,2016-07-13,7278586,245.0
False,2016-07-14,7278586,345.0
False,2016-07-15,7278586,395.0
False,2016-07-16,7278586,395.0
False,2016-07-17,7278586,395.0
False,2016-07-18,7278586,395.0
False,2016-07-19,7278586,395.0
False,2016-07-20,7278586,395.0
False,2016-07-21,7278586,395.0
False,2016-07-22,7278586,395.0
False,2016-07-23,7278586,395.0
False,2016-07-24,7278586,395.0
True,2016-07-25,7278586,245.0
False,2016-07-26,7278586,345.0
False,2016-07-27,7278586,245.0
False,2016-07-28,7278586,345.0
False,2016-07-29,7278586,395.0
False,2016-07-30,7278586,395.0
True,2016-07-31,7278586,295.0
True,2016-08-01,7278586,295.0
False,2016-08-02,7278586,345.0
False,2016-08-03,7278586,345.0
False,2016-08-04,7278586,345.0
False,2016-08-05,7278586,395.0
False,2016-08-06,7278586,395.0
False,2016-08-07,7278586,395.0
False,2016-08-08,7278586,395.0
False,2016-08-09,7278586,395.0
False,2016-08-10,7278586,395.0
True,2016-08-11,7278586,295.0
False,2016-08-12,7278586,395.0
False,2016-08-13,7278586,395.0
False,2016-08-14,7278586,345.0
False,2016-08-15,7278586,345.0
False,2016-08-16,7278586,395.0
False,2016-08-17,7278586,395.0
False,2016-08-18,7278586,395.0
False,2016-08-19,7278586,395.0
True,2016-08-20,7278586,345.0
False,2016-08-21,7278586,345.0
False,2016-08-22,7278586,345.0
False,2016-08-23,7278586,345.0
False,2016-08-24,7278586,345.0
True,2016-08-25,7278586,345.0
True,2016-08-26,7278586,395.0
True,2016-08-27,7278586,395.0
True,2016-08-28,7278586,345.0
True,2016-08-29,7278586,395.0
True,2016-08-30,7278586,395.0
True,2016-08-31,7278586,395.0
True,2016-09-01,7278586,395.0
True,2016-09-02,7278586,395.0
True,2016-09-03,7278586,395.0
False,2016-05-29,2459643,250.0
False,2016-05-30,2459643,250.0
False,2016-05-31,2459643,158.0
False,2016-06-01,2459643,167.0
False,2016-06-02,2459643,166.0
False,2016-06-03,2459643,245.0
False,2016-06-04,2459643,245.0
False,2016-06-05,2459643,250.0
False,2016-06-06,2459643,250.0
False,2016-06-07,2459643,250.0
False,2016-06-08,2459643,183.0
False,2016-06-09,2459643,250.0
False,2016-06-10,2459643,245.0
False,2016-06-11,2459643,245.0
False,2016-06-12,2459643,250.0
False,2016-06-13,2459643,190.0
False,2016-06-14,2459643,209.0
False,2016-06-15,2459643,208.0
False,2016-06-16,2459643,198.0
False,2016-06-17,2459643,193.0
False,2016-06-18,2459643,245.0
False,2016-06-19,2459643,250.0
False,2016-06-20,2459643,250.0
False,2016-06-21,2459643,116.0
False,2016-06-22,2459643,210.0
False,2016-06-23,2459643,210.0
False,2016-06-24,2459643,245.0
False,2016-06-25,2459643,245.0
False,2016-06-26,2459643,210.0
False,2016-06-27,2459643,210.0
False,2016-06-28,2459643,197.0
False,2016-06-29,2459643,197.0
False,2016-06-30,2459643,250.0
False,2016-07-01,2459643,245.0
False,2016-07-02,2459643,245.0
False,2016-07-03,2459643,210.0
False,2016-07-04,2459643,199.0
False,2016-07-05,2459643,250.0
False,2016-07-06,2459643,250.0
False,2016-07-07,2459643,250.0
False,2016-07-08,2459643,245.0
False,2016-07-09,2459643,245.0
False,2016-07-10,2459643,250.0
False,2016-07-11,2459643,250.0
False,2016-07-12,2459643,250.0
False,2016-07-13,2459643,202.0
False,2016-07-14,2459643,210.0
False,2016-07-15,2459643,245.0
False,2016-07-16,2459643,245.0
False,2016-07-17,2459643,210.0
False,2016-07-18,2459643,210.0
False,2016-07-19,2459643,250.0
False,2016-07-20,2459643,250.0
False,2016-07-21,2459643,250.0
False,2016-07-22,2459643,245.0
False,2016-07-23,2459643,245.0
False,2016-07-24,2459643,250.0
False,2016-07-25,2459643,210.0
False,2016-07-26,2459643,210.0
False,2016-07-27,2459643,210.0
False,2016-07-28,2459643,209.0
False,2016-07-29,2459643,245.0
False,2016-07-30,2459643,245.0
False,2016-07-31,2459643,250.0
False,2016-08-01,2459643,250.0
False,2016-08-02,2459643,250.0
False,2016-08-03,2459643,250.0
True,2016-08-04,2459643,205.0
False,2016-08-05,2459643,245.0
False,2016-08-06,2459643,245.0
False,2016-08-07,2459643,210.0
False,2016-08-08,2459643,210.0
False,2016-08-09,2459643,203.0
False,2016-08-10,2459643,250.0
False,2016-08-11,2459643,250.0
False,2016-08-12,2459643,245.0
False,2016-08-13,2459643,245.0
False,2016-08-14,2459643,210.0
False,2016-08-15,2459643,210.0
False,2016-08-16,2459643,210.0
False,2016-08-17,2459643,210.0
False,2016-08-18,2459643,210.0
False,2016-08-19,2459643,245.0
False,2016-08-20,2459643,245.0
True,2016-08-21,2459643,204.0
False,2016-08-22,2459643,210.0
False,2016-08-23,2459643,210.0
False,2016-08-24,2459643,210.0
False,2016-08-25,2459643,207.0
False,2016-08-26,2459643,245.0
False,2016-08-27,2459643,245.0
False,2016-08-28,2459643,208.0
False,2016-08-29,2459643,208.0
True,2016-08-30,2459643,300.0
False,2016-08-31,2459643,208.0
False,2016-09-01,2459643,207.0
True,2016-09-02,2459643,245.0
False,2016-09-03,2459643,245.0
False,2016-05-29,6261758,165.0
False,2016-05-30,6261758,165.0
False,2016-05-31,6261758,110.0
False,2016-06-01,6261758,165.0
False,2016-06-02,6261758,165.0
False,2016-06-03,6261758,185.0
False,2016-06-04,6261758,185.0
False,2016-06-05,6261758,165.0
False,2016-06-06,6261758,165.0
False,2016-06-07,6261758,165.0
False,2016-06-08,6261758,165.0
False,2016-06-09,6261758,165.0
False,2016-06-10,6261758,185.0
False,2016-06-11,6261758,185.0
False,2016-06-12,6261758,165.0
False,2016-06-13,6261758,165.0
False,2016-06-14,6261758,165.0
False,2016-06-15,6261758,165.0
False,2016-06-16,6261758,165.0
False,2016-06-17,6261758,185.0
False,2016-06-18,6261758,185.0
False,2016-06-19,6261758,165.0
False,2016-06-20,6261758,165.0
True,2016-06-21,6261758,165.0
False,2016-06-22,6261758,165.0
False,2016-06-23,6261758,165.0
False,2016-06-24,6261758,185.0
False,2016-06-25,6261758,185.0
False,2016-06-26,6261758,165.0
False,2016-06-27,6261758,165.0
False,2016-06-28,6261758,165.0
False,2016-06-29,6261758,165.0
False,2016-06-30,6261758,165.0
False,2016-07-01,6261758,185.0
False,2016-07-02,6261758,185.0
False,2016-07-03,6261758,165.0
False,2016-07-04,6261758,165.0
False,2016-07-05,6261758,165.0
False,2016-07-06,6261758,165.0
False,2016-07-07,6261758,165.0
False,2016-07-08,6261758,185.0
False,2016-07-09,6261758,185.0
False,2016-07-10,6261758,165.0
False,2016-07-11,6261758,165.0
False,2016-07-12,6261758,165.0
False,2016-07-13,6261758,165.0
False,2016-07-14,6261758,165.0
False,2016-07-15,6261758,185.0
False,2016-07-16,6261758,185.0
False,2016-07-17,6261758,165.0
False,2016-07-18,6261758,165.0
True,2016-07-19,6261758,165.0
False,2016-07-20,6261758,165.0
False,2016-07-21,6261758,165.0
False,2016-07-22,6261758,185.0
False,2016-07-23,6261758,185.0
False,2016-07-24,6261758,165.0
False,2016-07-25,6261758,165.0
False,2016-07-26,6261758,165.0
False,2016-07-27,6261758,165.0
False,2016-07-28,6261758,165.0
False,2016-07-29,6261758,185.0
False,2016-07-30,6261758,185.0
True,2016-07-31,6261758,165.0
False,2016-08-01,6261758,165.0
False,2016-08-02,6261758,165.0
False,2016-08-03,6261758,165.0
False,2016-08-04,6261758,165.0
False,2016-08-05,6261758,185.0
False,2016-08-06,6261758,185.0
False,2016-08-07,6261758,165.0
False,2016-08-08,6261758,165.0
False,2016-08-09,6261758,165.0
True,2016-08-10,6261758,165.0
False,2016-08-11,6261758,165.0
False,2016-08-12,6261758,185.0
False,2016-08-13,6261758,185.0
False,2016-08-14,6261758,165.0
False,2016-08-15,6261758,165.0
False,2016-08-16,6261758,165.0
False,2016-08-17,6261758,165.0
False,2016-08-18,6261758,165.0
True,2016-08-19,6261758,185.0
True,2016-08-20,6261758,185.0
False,2016-08-21,6261758,165.0
False,2016-08-22,6261758,165.0
False,2016-08-23,6261758,165.0
False,2016-08-24,6261758,165.0
True,2016-08-25,6261758,165.0
False,2016-08-26,6261758,185.0
False,2016-08-27,6261758,185.0
False,2016-08-28,6261758,165.0
False,2016-08-29,6261758,165.0
False,2016-08-30,6261758,165.0
False,2016-08-31,6261758,165.0
True,2016-09-01,6261758,165.0
True,2016-09-02,6261758,185.0
False,2016-09-03,6261758,185.0
